0 0 7.499999999999992e-01 7.046745500165962e-17
1 0 1.089970793600416e-01 -2.718611936455169e-17
2 0 -1.024299233021623e-15 -5.543574323579688e-02
3 0 1.298371902146957e-02 3.996344445234458e-18
4 0 7.104426242343084e-16 -1.045882120302528e-02
5 0 2.130562148040007e-03 5.839970531583506e-18
6 0 -7.173058141210107e-16 -3.078337424844001e-03
7 0 5.204206082505154e-04 1.805512538889375e-17
8 0 -7.135240038161972e-15 -1.275547555234447e-03
9 0 1.786869539623026e-04 2.058857973232568e-17
10 0 -7.389745306905006e-15 -6.565577893820941e-04
11 0 7.672265679939139e-05 2.041010661142788e-17
12 0 -3.145242909284241e-15 -3.907827100273832e-04
13 0 3.748993577945262e-05 1.654303017987634e-17
14 0 3.849157970772850e-15 -2.609137629412629e-04
15 0 1.932271740824177e-05 8.751418314304965e-18
16 0 9.261381745137752e-15 -1.939779063806039e-04
17 0 9.406991452741235e-06 -6.966488667809626e-20
18 0 -2.277559325122425e-15 -1.613911321081601e-04
19 0 2.830803638492276e-06 -6.531519305138830e-18
20 0 3.565521468789221e-17 -1.515849406446454e-04
21 0 -2.830803638567439e-06 -7.891339419723079e-18
22 0 2.348559296099685e-15 -1.613911321081631e-04
23 0 -9.406991452814873e-06 -5.003863533052703e-18
24 0 -9.189414456809092e-15 -1.939779063806104e-04
25 0 -1.932271740831336e-05 3.526874824382643e-18
26 0 -3.778988266380221e-15 -2.609137629412787e-04
27 0 -3.748993577952615e-05 1.692477367008760e-17
28 0 3.207188437909456e-15 -3.907827100274105e-04
29 0 -7.672265679945882e-05 3.206831436403146e-17
30 0 7.452094576762647e-15 -6.565577893821378e-04
31 0 -1.786869539623607e-04 4.626635257900901e-17
32 0 7.192458844325075e-15 -1.275547555234512e-03
33 0 -5.204206082505545e-04 5.576834922621777e-17
34 0 7.792337546758815e-16 -3.078337424844087e-03
35 0 -2.130562148040016e-03 6.699668823211174e-17
36 0 -6.657609419916228e-16 -1.045882120302538e-02
37 0 -1.298371902146957e-02 6.968249127378190e-17
38 0 1.054542159330258e-15 -5.543574323579695e-02
39 0 -1.089970793600418e-01 4.342140058965820e-17
0 1 -2.587661783235130e-16 5.543213656368125e-02
1 1 1.298163895848189e-02 1.494120668091758e-17
2 1 1.139434702909614e-15 -3.604723449359337e-06
3 1 5.727909748140022e-03 2.510032699761108e-17
4 1 -1.509757592202952e-15 -2.115818555310183e-03
5 1 2.073572102556695e-03 3.477515724354220e-17
6 1 4.258042412068507e-17 -1.252009340083694e-03
7 1 8.213848779838067e-04 3.889385519298838e-17
8 1 -2.113072050496500e-15 -7.071857185057767e-04
9 1 3.683413966506059e-04 3.930020182026301e-17
10 1 -5.410211486246436e-15 -4.293225170172984e-04
11 1 1.827082816548574e-04 3.400988804982178e-17
12 1 3.365687443938419e-15 -2.842898368981150e-04
13 1 9.614570193798848e-05 2.503204659400851e-17
14 1 9.122464368328537e-15 -2.060711437230719e-04
15 1 5.018454485639022e-05 1.252291911656883e-17
16 1 1.450425296027334e-15 -1.647101279004899e-04
17 1 2.173184860224799e-05 1.241909809662411e-18
18 1 -2.272248341664888e-15 -1.466818449107268e-04
19 1 -1.179318366524676e-17 -7.443284774351927e-18
20 1 2.303674196048686e-15 -1.466818449107223e-04
21 1 -2.173184860227348e-05 -1.127519934357276e-17
22 1 -1.414479313069990e-15 -1.647101279004803e-04
23 1 -5.018454485641868e-05 -1.013963741406546e-17
24 1 -9.079401006583230e-15 -2.060711437230608e-04
25 1 -9.614570193802139e-05 -3.722751628790305e-18
26 1 -3.319620961611945e-15 -2.842898368981069e-04
27 1 -1.827082816548961e-04 6.450098935824265e-18
28 1 5.465025626585526e-15 -4.293225170172971e-04
29 1 -3.683413966506413e-04 1.746490555001150e-17
30 1 2.176776144581236e-15 -7.071857185057884e-04
31 1 -8.213848779838331e-04 2.684872381246178e-17
32 1 2.661885690266194e-17 -1.252009340083723e-03
33 1 -2.073572102556710e-03 3.222227338618863e-17
34 1 1.585755393524433e-15 -2.115818555310230e-03
35 1 -5.727909748140005e-03 3.476084815024175e-17
36 1 -1.101980344727891e-15 -3.604723449425264e-06
37 1 -1.298163895848195e-02 2.835419958312015e-17
38 1 1.479281192683642e-16 5.543213656368118e-02
39 1 4.499164373956421e-02 1.238578860398812e-17
0 2 -2.513499871315149e-15 1.045160201279299e-02
1 2 2.126418898019046e-03 4.104816210379817e-17
2 2 7.771023370606517e-16 2.105016076971739e-03
3 2 2.071547360261203e-03 4.695396896192791e-17
4 2 -1.650558761856499e-15 -7.154717436026635e-06
5 2 1.169607872663536e-03 5.486512787860461e-17
6 2 -1.003116869450882e-15 -3.280120691822996e-04
7 2 6.176803337901559e-04 5.553364742341447e-17
8 2 -3.808152927228892e-15 -3.016650401278848e-04
9 2 3.328652757151112e-04 5.059060182484774e-17
10 2 7.421517637855685e-17 -2.354540071583717e-04
11 2 1.846847230305134e-04 4.066934369713610e-17
12 2 8.812099389254365e-16 -1.831948805321428e-04
13 2 1.024840088815141e-04 2.709651018811343e-17
14 2 3.189168119554441e-15 -1.493403476709591e-04
15 2 5.201600085483606e-05 1.268906012924076e-17
16 2 5.224568505626697e-15 -1.307983926052042e-04
17 2 1.595275081048812e-05 -5.231374453249228e-19
18 2 -8.003044919603051e-18 -1.249246313015054e-04
19 2 -1.595275081045355e-05 -1.184027066060414e-17
20 2 -5.237584295543658e-15 -1.307983926051893e-04
21 2 -5.201600085480811e-05 -1.825822274770229e-17
22 2 -3.193821878389528e-15 -1.493403476709301e-04
23 2 -1.024840088814961e-04 -2.015658488493301e-17
24 2 -8.705231354813168e-16 -1.831948805321057e-04
25 2 -1.846847230305085e-04 -1.748337299997218e-17
26 2 -5.125140237054116e-17 -2.354540071583326e-04
27 2 -3.328652757151176e-04 -1.209460752723542e-17
28 2 3.848693552512352e-15 -3.016650401278497e-04
29 2 -6.176803337901631e-04 -5.849832507458340e-18
30 2 1.059315468683629e-15 -3.280120691822702e-04
31 2 -1.169607872663538e-03 -9.739428446034917e-19
32 2 1.718134160665595e-15 -7.154717436007340e-06
33 2 -2.071547360261199e-03 1.717798566591509e-18
34 2 -7.235049251538183e-16 2.105016076971750e-03
35 2 -2.126418898019056e-03 -2.142195288328934e-18
36 2 2.528360166368354e-15 1.045160201279299e-02
37 2 6.953649537220957e-03 -1.301816064258824e-17
38 2 1.750914253223763e-15 -1.840393696656073e-18
39 2 6.953649537220963e-03 -2.660241161123434e-17
0 3 -7.813696314624049e-16 3.067469577776317e-03
1 3 5.142720724565927e-04 5.740977813605371e-17
2 3 -2.603895934866401e-15 1.237602867451559e-03
3 3 8.175034677281658e-04 6.134633344519972e-17
4 3 1.848353787926399e-15 3.102927155485640e-04
5 3 6.159590936768593e-04 6.188341357146304e-17
6 3 4.919272579679279e-15 -1.035031448456312e-05
7 3 3.979234860572582e-04 5.840240014748631e-17
8 3 7.661245544215775e-16 -9.966561443243837e-05
9 3 2.458534331286401e-04 5.023575853600261e-17
10 3 1.324006370071646e-15 -1.145861539333724e-04
11 3 1.480516368671866e-04 3.829965104363747e-17
12 3 -6.999766320518220e-16 -1.094277938082206e-04
13 3 8.382144575975345e-05 2.394265086345640e-17
14 3 1.645875278391669e-15 -1.018397474711237e-04
15 3 3.792140620147347e-05 8.471707730362002e-18
16 3 4.833978421092085e-16 -9.729365637918631e-05
17 3 4.414556800223943e-17 -6.143382745313807e-18
18 3 -5.495436289160420e-16 -9.729365637917541e-05
19 3 -3.792140620138919e-05 -1.898779668935547e-17
20 3 -1.701845936402635e-15 -1.018397474710899e-04
21 3 -8.382144575968209e-05 -2.745821846513544e-17
22 3 6.599078367582782e-16 -1.094277938081680e-04
23 3 -1.480516368671323e-04 -3.238647723442782e-17
24 3 -1.342445567746620e-15 -1.145861539333061e-04
25 3 -2.458534331286061e-04 -3.464916562427870e-17
26 3 -7.628342391260966e-16 -9.966561443236717e-05
27 3 -3.979234860572366e-04 -3.335489230018384e-17
28 3 -4.886447938695914e-15 -1.035031448448970e-05
29 3 -6.159590936768465e-04 -3.102366275049916e-17
30 3 -1.803320633824217e-15 3.102927155486345e-04
31 3 -8.175034677281564e-04 -3.032910363133151e-17
32 3 2.645342758095532e-15 1.237602867451626e-03
33 3 -5.142720724566019e-04 -3.177767558315213e-17
34 3 8.016871150784060e-16 3.067469577776382e-03
35 3 1.583205214006500e-03 -3.536725502046914e-17
36 3 -1.850589975827585e-15 2.108594581772690e-03
37 3 3.301456589024314e-03 -4.355121895365807e-17
38 3 -1.863630825919356e-15 -2.108594581772628e-03
39 3 1.583205214006508e-03 -4.771590311075885e-17
0 4 1.277087331935356e-15 1.260911445834509e-03
1 4 1.706690351706907e-04 5.977754908870609e-17
2 4 -2.929723953481291e-15 6.890821060050788e-04
3 4 3.629653721391030e-04 5.951581716101071e-17
4 4 -1.256739877965849e-15 2.805884209301117e-04
5 4 3.300740296708231e-04 5.669421820032785e-17
6 4 3.259332744546249e-15 7.635970036246573e-05
7 4 2.451087503460448e-04 5.079791394725330e-17
8 4 2.596544890742308e-15 -1.229787124555056e-05
9 4 1.664867267438116e-04 4.156126417967081e-17
10 4 -4.648887289209075e-15 -4.747675643554135e-05
11 4 1.049794836640895e-04 3.040753455341245e-17
12 4 -2.071772386830189e-15 -6.012887679689129e-05
13 4 5.747613808167411e-05 1.697012103428127e-17
14 4 9.193357131815167e-16 -6.404941755910948e-05
15 4 1.826210170518320e-05 2.366894186156253e-18
16 4 -5.440135755426994e-17 -6.485609296555324e-05
17 4 -1.826210170505555e-05 -1.214277989044460e-17
18 4 -1.022441122495071e-15 -6.404941755908380e-05
19 4 -5.747613808155615e-05 -2.520099272119154e-17
20 4 1.984225416650457e-15 -6.012887679684062e-05
21 4 -1.049794836639913e-04 -3.588551701816775e-17
22 4 4.584774767598199e-15 -4.747675643547009e-05
23 4 -1.664867267437384e-04 -4.415730491856074e-17
24 4 -2.636093008316501e-15 -1.229787124546449e-05
25 4 -2.451087503459974e-04 -4.873325553546351e-17
26 4 -3.270336908621397e-15 7.635970036256106e-05
27 4 -3.300740296707921e-04 -5.123040113994476e-17
28 4 1.271363229807985e-15 2.805884209302123e-04
29 4 -3.629653721390836e-04 -5.277507553536878e-17
30 4 2.956991135818958e-15 6.890821060051800e-04
31 4 -1.706690351706884e-04 -5.473343896505056e-17
32 4 -1.261147181245553e-15 1.260911445834610e-03
33 4 5.173011124282402e-04 -5.428587595432541e-17
34 4 -1.460682238233435e-15 1.241090481841541e-03
35 4 1.367515015844265e-03 -5.607644719129922e-17
36 4 -2.713465301392440e-15 4.932813316834398e-17
37 4 1.367515015844265e-03 -5.693010383553257e-17
38 4 -1.468474378375986e-15 -1.241090481841441e-03
39 4 5.173011124282464e-04 -5.933902463672395e-17
0 5 -2.601082076904061e-15 6.378596284326322e-04
1 5 6.709263185177483e-05 4.788930250665498e-17
2 5 5.201764318795569e-16 4.072375578436491e-04
3 5 1.764939747488671e-04 4.395201029119709e-17
4 5 4.768631095478672e-15 2.109087603077049e-04
5 5 1.819935010604232e-04 3.998118880324621e-17
6 5 3.622457646261866e-15 8.897482108612275e-05
7 5 1.483213254083239e-04 3.461050130622529e-17
8 5 2.668205700680219e-15 2.260677589188536e-05
9 5 1.066057310549817e-04 2.760226555379529e-17
10 5 -5.181055256575802e-15 -1.102661872444029e-05
11 5 6.743522349204389e-05 1.963060694417321e-17
12 5 -6.795646049613976e-15 -2.695292679348085e-05
13 5 3.243716766223459e-05 9.541765762239342e-18
14 5 -4.847596886241346e-15 -3.322520495049399e-05
15 5 7.443498428725576e-17 -2.117426527905322e-18
16 5 4.715654447151049e-15 -3.322520495048117e-05
17 5 -3.243716766209097e-05 -1.455933840816873e-17
18 5 6.675548671382749e-15 -2.695292679344344e-05
19 5 -6.743522349191744e-05 -2.725752048469616e-17
20 5 5.081087207135763e-15 -1.102661872438067e-05
21 5 -1.066057310548822e-04 -3.937837418749830e-17
22 5 -2.740527461047442e-15 2.260677589196239e-05
23 5 -1.483213254082511e-04 -4.985556241736635e-17
24 5 -3.664809373145456e-15 8.897482108621456e-05
25 5 -1.819935010603736e-04 -5.651109895727984e-17
26 5 -4.780047618581119e-15 2.109087603078069e-04
27 5 -1.764939747488378e-04 -6.137893056929719e-17
28 5 -5.116814035876741e-16 4.072375578437570e-04
29 5 -6.709263185175922e-05 -6.461059360929995e-17
30 5 2.613802124013950e-15 6.378596284327418e-04
31 5 2.205182207161036e-04 -6.479615269962987e-17
32 5 -5.497526437918653e-16 6.923640134992335e-04
33 5 6.175093316289602e-04 -6.176566867698657e-17
34 5 -5.844342144453686e-15 3.172032721584430e-04
35 5 8.181028321338473e-04 -5.846232819049473e-17
36 5 -5.846782428044294e-15 -3.172032721583316e-04
37 5 6.175093316289612e-04 -5.598281846168759e-17
38 5 -5.588437298446038e-16 -6.923640134991230e-04
39 5 2.205182207161001e-04 -5.114860285886299e-17
0 6 -3.018031497820271e-15 3.674118044578582e-04
1 6 2.667151727334384e-05 2.182854624094758e-17
2 6 8.409854181445364e-16 2.575746269241851e-04
3 6 9.016679647525678e-05 1.848463055976796e-17
4 6 1.480735664475578e-15 1.547174347045557e-04
5 6 1.017961297014372e-04 1.642498623548665e-17
6 6 3.547820269081417e-15 8.155412649947535e-05
7 6 8.793711352611319e-05 1.473977574089852e-17
8 6 -3.468805112003168e-15 3.591295416164282e-05
9 6 6.447451347911518e-05 1.310200238589932e-17
10 6 -1.006130644692972e-14 9.879117633558342e-06
11 6 3.863830702985942e-05 1.047846044539300e-17
12 6 -6.080799665715759e-15 -3.166560352904531e-06
13 6 1.281123568799475e-05 5.347782315145992e-18
14 6 -6.799128988490191e-17 -7.101027090939377e-06
15 6 -1.281123568785183e-05 -2.139578103674315e-18
16 6 5.951171439128226e-15 -3.166560352886525e-06
17 6 -3.863830702972785e-05 -1.203513790733444e-17
18 6 9.947198538433774e-15 9.879117633593734e-06
19 6 -6.447451347900672e-05 -2.422613636240996e-17
20 6 3.375802044449465e-15 3.591295416169444e-05
21 6 -8.793711352603041e-05 -3.594897215740002e-17
22 6 -3.609354794845626e-15 8.155412649954023e-05
23 6 -1.017961297013811e-04 -4.679538219371569e-17
24 6 -1.510687962402890e-15 1.547174347046313e-04
25 6 -9.016679647521997e-05 -5.514522850109828e-17
26 6 -8.467355658923469e-16 2.575746269242710e-04
27 6 -2.667151727332658e-05 -5.987928079775347e-17
28 6 3.023299619876275e-15 3.674118044579508e-04
29 6 1.137258874999864e-04 -6.223469744726580e-17
30 6 1.215805321716736e-15 4.101508429493959e-04
31 6 3.123346597463824e-04 -5.942061288241378e-17
32 6 -7.497982324781169e-15 2.869684097786936e-04
33 6 4.692841489297806e-04 -5.168831641396456e-17
34 6 -5.943565490952641e-15 5.017700551133264e-17
35 6 4.692841489297828e-04 -4.332389487795465e-17
36 6 -7.504663492333540e-15 -2.869684097785943e-04
37 6 3.123346597463839e-04 -3.515646122523230e-17
38 6 1.206766501717693e-15 -4.101508429493002e-04
39 6 1.137258874999816e-04 -2.731881228314847e-17
0 7 -2.859371645259197e-15 2.317242427714286e-04
1 7 7.950416813399324e-06 -9.700716959741154e-18
2 7 -4.218923829507250e-15 1.734479614557479e-04
3 7 4.609523925927043e-05 -1.044486223481907e-17
4 7 -3.132517301517936e-15 1.158443119493705e-04
5 7 5.626280247709175e-05 -7.904905472308538e-18
6 7 4.285746316792771e-16 7.126846121326126e-05
7 7 5.016217902653816e-05 -3.495231190691766e-18
8 7 -5.018967665990520e-15 4.119586245988505e-05
9 7 3.606852675672362e-05 1.616757387284717e-18
10 7 -8.657930136425635e-15 2.331199504273692e-05
11 7 1.860317512386137e-05 5.595241717396779e-18
12 7 -4.204352601715885e-15 1.508868403646124e-05
13 7 5.633702825392057e-17 6.913990575354756e-18
14 7 4.088229039623983e-15 1.508868403646456e-05
15 7 -1.860317512375409e-05 3.773141546118591e-18
16 7 8.552601743693559e-15 2.331199504274631e-05
17 7 -3.606852675663107e-05 -3.154225107456596e-18
18 7 4.930794547670081e-15 4.119586245990140e-05
19 7 -5.016217902646675e-05 -1.312119440822349e-17
20 7 -4.942040687421645e-16 7.126846121328491e-05
21 7 -5.626280247704430e-05 -2.417279450937663e-17
22 7 3.093287323064185e-15 1.158443119494036e-04
23 7 -4.609523925924218e-05 -3.420414791778097e-17
24 7 4.206148878973108e-15 1.734479614557904e-04
25 7 -7.950416813386339e-06 -4.219949259190147e-17
26 7 2.865127004595057e-15 2.317242427714799e-04
27 7 6.794882875613163e-05 -4.584443891079684e-17
28 7 6.354929886617929e-15 2.599239278330423e-04
29 7 1.753177649040104e-04 -4.547566296279067e-17
30 7 5.744936302726958e-15 2.163772737029340e-04
31 7 2.776526048012951e-04 -3.968581269720290e-17
32 7 -4.348321207518530e-15 8.571505634917134e-05
33 7 3.208213163609993e-04 -2.755282971892619e-17
34 7 -4.351753692569632e-15 -8.571505634910491e-05
35 7 2.776526048012990e-04 -1.631316955253942e-17
36 7 5.735770428601561e-15 -2.163772737028719e-04
37 7 1.753177649040157e-04 -4.258091466742110e-18
38 7 6.342780463867389e-15 -2.599239278329840e-04
39 7 6.794882875612988e-05 4.610103086093413e-18
0 8 -2.250717980633840e-15 1.569534271598663e-04
1 8 -1.625034177254820e-06 -3.869248300375781e-17
2 8 1.642184577516004e-15 1.238737252329580e-04
3 8 2.202032429226817e-05 -3.494618170469469e-17
4 8 4.389582899196616e-15 9.020416258869628e-05
5 8 2.956582906794391e-05 -2.661193427011967e-17
6 8 -9.504697688569584e-16 6.289934960726495e-05
7 8 2.666428885224523e-05 -1.485673068006374e-17
8 8 -4.344494457415647e-15 4.390329710143380e-05
9 8 1.786869704195636e-05 -1.987970435282101e-18
10 8 6.660394302916742e-16 3.297156938905373e-05
11 8 6.232284239482501e-06 8.356374006029221e-18
12 8 -3.848119727054267e-17 2.942744318435690e-05
13 8 -6.232284239420741e-06 1.502645102185569e-17
14 8 -7.398493959643241e-16 3.297156938904523e-05
15 8 -1.786869704190213e-05 1.642025417954454e-17
16 8 4.282193956523641e-15 4.390329710141935e-05
17 8 -2.666428885220518e-05 1.273865909077778e-17
18 8 9.033148836191850e-16 6.289934960724753e-05
19 8 -2.956582906791984e-05 4.516001668132758e-18
20 8 -4.418046670741266e-15 9.020416258867911e-05
21 8 -2.202032429226070e-05 -5.212465196469003e-18
22 8 -1.651938213922817e-15 1.238737252329460e-04
23 8 1.625034177249773e-06 -1.428676582320574e-17
24 8 2.256692661916175e-15 1.569534271598623e-04
25 8 4.565718917583555e-05 -2.070688522104375e-17
26 8 1.769854985016036e-15 1.750337087996140e-04
27 8 1.076140650478147e-04 -2.306901187355602e-17
28 8 7.686758575302866e-15 1.588456943159226e-04
29 8 1.726305435260821e-04 -1.985593937606474e-17
30 8 -2.820615476845544e-17 9.665971098452241e-05
31 8 2.155271953506030e-04 -1.047243296812114e-17
32 8 4.024140307937320e-15 1.049582955815320e-17
33 8 2.155271953506070e-04 3.092300845880459e-18
34 8 -3.671158774557654e-17 -9.665971098450410e-05
35 8 1.726305435260964e-04 1.731047227735066e-17
36 8 7.674320495629118e-15 -1.588456943159096e-04
37 8 1.076140650478320e-04 2.870531794985771e-17
38 8 1.757132441689479e-15 -1.750337087996094e-04
39 8 4.565718917584971e-05 3.651825088575123e-17
0 9 1.599785043102782e-15 1.131125897210992e-04
1 9 -6.631559182884239e-06 -5.909373220333861e-17
2 9 5.314488778058070e-15 9.367989852223023e-05
3 9 8.454668289829075e-06 -5.013512306362386e-17
4 9 6.347450009598464e-15 7.365922901670151e-05
5 9 1.383071146223809e-05 -3.505443263288250e-17
6 9 3.040369837005744e-15 5.716508526382243e-05
7 9 1.248978977078918e-05 -1.698309524182717e-17
8 9 2.856689150764636e-15 4.587592083630296e-05
9 9 7.154117498027845e-06 1.294632706426521e-18
10 9 1.586999415315024e-15 4.022207613264922e-05
11 9 1.273171660952637e-18 1.719061099609299e-17
12 9 -1.610109145808625e-15 4.022207613263741e-05
13 9 -7.154117498026901e-06 2.803700283170581e-17
14 9 -2.875663503319430e-15 4.587592083626923e-05
15 9 -1.248978977079362e-05 3.253478450289219e-17
16 9 -3.051982695397869e-15 5.716508526377187e-05
17 9 -1.383071146225138e-05 3.111836967461631e-17
18 9 -6.348686726476774e-15 7.365922901664071e-05
19 9 -8.454668289851542e-06 2.551175320447765e-17
20 9 -5.307955540211166e-15 9.367989852216656e-05
21 9 6.631559182853803e-06 1.665699818047687e-17
22 9 -1.584402902777218e-15 1.131125897210397e-04
23 9 3.352743705874537e-05 8.530712297341838e-18
24 9 -3.313195301171115e-15 1.245283349673311e-04
25 9 7.117818684303332e-05 3.039383013942642e-18
26 9 8.859909039303210e-16 1.182266257541809e-04
27 9 1.129518770735014e-04 2.613431864910049e-18
28 9 3.103852406471195e-15 8.685291882900431e-05
29 9 1.467197539698550e-04 7.921803870891470e-18
30 9 3.311527524075603e-16 3.216732269631854e-05
31 9 1.598117580925667e-04 1.921175118665670e-17
32 9 3.250157854710877e-16 -3.216732269634572e-05
33 9 1.467197539698672e-04 3.305178171828270e-17
34 9 3.090459276883178e-15 -8.685291882903643e-05
35 9 1.129518770735252e-04 4.595025227756494e-17
36 9 8.678382805148484e-16 -1.182266257542216e-04
37 9 7.117818684306427e-05 5.610826529930779e-17
38 9 -3.331660873837058e-15 -1.245283349673821e-04
39 9 3.352743705877883e-05 6.067680455510307e-17
0 10 4.093387441622730e-15 8.633606152286419e-05
1 10 -8.997887853447787e-06 -6.674556456653241e-17
2 10 2.399300248896428e-15 7.489362304360324e-05
3 10 9.405919418377959e-07 -5.300699010843909e-17
4 10 3.477634529213911e-15 6.311325507207523e-05
5 10 4.869100831069202e-06 -3.359352314288835e-17
6 10 4.540016777280095e-15 5.353945995300379e-05
7 10 4.551822922715419e-06 -1.136406396892233e-17
8 10 2.448742164099010e-15 4.745403718232784e-05
9 10 1.782111018370571e-06 1.073323878017705e-17
10 10 1.658618707024337e-17 4.538141007182078e-05
11 10 -1.782111018426809e-06 2.957338313456589e-17
12 10 -2.414365854799955e-15 4.745403718229294e-05
13 10 -4.551822922771396e-06 4.276997425288994e-17
14 10 -4.504484503627659e-15 5.353945995293826e-05
15 10 -4.869100831126264e-06 4.886894971263062e-17
16 10 -3.442380356393663e-15 6.311325507198711e-05
17 10 -9.405919418948996e-07 4.853690595021784e-17
18 10 -2.363965213496423e-15 7.489362304350347e-05
19 10 8.997887853391373e-06 4.324983817296600e-17
20 10 -4.058705199513566e-15 8.633606152276133e-05
21 10 2.611398860074475e-05 3.483958332854291e-17
22 10 -1.344287525926033e-15 9.330409092826547e-05
23 10 4.995866438926605e-05 2.762892436989057e-17
24 10 1.643480534690734e-15 9.053956744478759e-05
25 10 7.735988830806869e-05 2.312258295205940e-17
26 10 -3.244752375653010e-15 7.355953015679598e-05
27 10 1.022088247697396e-04 2.338443187862936e-17
28 10 3.017851188339272e-15 4.165862906693960e-05
29 10 1.171883249742104e-04 2.972685886559574e-17
30 10 4.663583304046741e-17 -3.207013398377363e-17
31 10 1.171883249742181e-04 4.045700436575368e-17
32 10 3.005426737225619e-15 -4.165862906700655e-05
33 10 1.022088247697591e-04 5.315186931602362e-17
34 10 -3.267395014742142e-15 -7.355953015687184e-05
35 10 7.735988830810202e-05 6.420839918211698e-17
36 10 1.615641725530347e-15 -9.053956744487491e-05
37 10 4.995866438930925e-05 7.154663467532179e-17
38 10 -1.378095170454355e-15 -9.330409092836271e-05
39 10 2.611398860079543e-05 7.269084083630320e-17
0 11 1.419930430751973e-15 6.954238315290046e-05
1 11 -9.667748276096007e-06 -6.090533091666600e-17
2 11 4.958488727696569e-16 6.303091097973927e-05
3 11 -2.845292800433308e-06 -4.484164972082597e-17
4 11 -9.968964437407468e-16 5.639122216775486e-05
5 11 2.469816928773977e-07 -2.367963004338878e-17
6 11 2.575670650122134e-15 5.123723919978743e-05
7 11 7.688367131345201e-07 -8.945163581085848e-20
8 11 3.490358766108490e-16 4.846811690049648e-05
9 11 -5.244232019658902e-17 2.258149724691693e-17
10 11 -2.670205499344670e-16 4.846811690047535e-05
11 11 -7.688367132376220e-07 4.123279786664992e-17
12 11 -2.496250891934646e-15 5.123723919972671e-05
13 11 -2.469816929750234e-07 5.433503844861333e-17
14 11 1.069643797640391e-15 5.639122216766223e-05
15 11 2.845292800342566e-06 6.007074163491055e-17
16 11 -4.314958440003732e-16 6.303091097962515e-05
17 11 9.667748276015873e-06 5.922692115408948e-17
18 11 -1.364707236066009e-15 6.954238315277647e-05
19 11 2.096929130120668e-05 5.361053902903078e-17
20 11 3.455978202417304e-15 7.348378377833553e-05
21 11 3.659909180628475e-05 4.559092947376930e-17
22 11 -6.714585150622513e-15 7.182420811081879e-05
23 11 5.497339370807192e-05 3.814269360517300e-17
24 11 -6.265865266958128e-15 6.179461476030856e-05
25 11 7.288838306289787e-05 3.413573663311314e-17
26 11 -2.245720431063776e-15 4.228482509256842e-05
27 11 8.614472123464134e-05 3.440863521266059e-17
28 11 1.483540054759607e-15 1.508717762160285e-05
29 11 9.105656679298369e-05 3.985105484327982e-17
30 11 1.479633055856485e-15 -1.508717762168594e-05
31 11 8.614472123465566e-05 4.918504414050291e-17
32 11 -2.262296941443117e-15 -4.228482509265845e-05
33 11 7.288838306292469e-05 5.922994261330171e-17
34 11 -6.293522454878664e-15 -6.179461476041021e-05
35 11 5.497339370811114e-05 6.801076994972388e-17
36 11 -6.751350373950693e-15 -7.182420811093264e-05
37 11 3.659909180633862e-05 7.252283443641548e-17
38 11 3.409191940185077e-15 -7.348378377845837e-05
39 11 2.096929130127433e-05 7.039383637757717e-17
0 12 6.166209657783811e-16 5.881980440205722e-05
1 12 -9.196353206798153e-06 -4.510551166074248e-17
2 12 -3.754516926333452e-15 5.542517803986012e-05
3 12 -4.264329788325170e-06 -2.961175756354025e-17
4 12 -6.211441992485864e-15 5.200128975934000e-05
5 12 -1.598247721092911e-06 -1.010481122087897e-17
6 12 -4.846317333821296e-15 4.956930923307067e-05
7 12 -3.696476421731045e-07 1.102526466826704e-17
8 12 5.747561526961275e-17 4.869858882118610e-05
9 12 3.696476420413198e-07 3.086176881436962e-17
10 12 4.957413049298787e-15 4.956930923302915e-05
11 12 1.598247720967339e-06 4.695826817277120e-17
12 12 6.313160684726253e-15 5.200128975926269e-05
13 12 4.264329788212279e-06 5.729451702169375e-17
14 12 3.841361721840102e-15 5.542517803975594e-05
15 12 9.196353206702796e-06 6.092162763687163e-17
16 12 -5.464870269215120e-16 5.881980440193749e-05
17 12 1.693825643108206e-05 5.897724402229755e-17
18 12 -2.752251997133797e-15 6.069011517771880e-05
19 12 2.749877481406487e-05 5.295931143202899e-17
20 12 -5.129205780850159e-15 5.920584378421854e-05
21 12 4.008043802269067e-05 4.502506510218006e-17
22 12 -6.042686047026477e-15 5.261734798509802e-05
23 12 5.295389668916336e-05 3.742569681280108e-17
24 12 -3.090969239951970e-15 3.994220976320137e-05
25 12 6.368957367147161e-05 3.261965978841580e-17
26 12 1.412996103078465e-15 2.166678919113746e-05
27 12 6.983665416001274e-05 3.190918270170585e-17
28 12 6.917041213903462e-15 -3.906299670992853e-17
29 12 6.983665416001716e-05 3.580693048577657e-17
30 12 1.406017512631442e-15 -2.166678919121899e-05
31 12 6.368957367148653e-05 4.269340415862449e-17
32 12 -3.106858601093620e-15 -3.994220976329275e-05
33 12 5.295389668918915e-05 5.037029334220507e-17
34 12 -6.069298738249961e-15 -5.261734798520258e-05
35 12 4.008043802272902e-05 5.614150939597603e-17
36 12 -5.168843611435306e-15 -5.920584378433495e-05
37 12 2.749877481412226e-05 5.848086488103221e-17
38 12 -2.806075201022443e-15 -6.069011517784150e-05
39 12 1.693825643115896e-05 5.486179937259354e-17
0 13 -2.726895751533500e-15 5.187533139378076e-05
1 13 -7.979861881325525e-06 -2.443489751892476e-17
2 13 -5.328015544758535e-15 5.043250953559905e-05
3 13 -4.213204802434340e-06 -1.304422293033128e-17
4 13 -4.322805676937371e-15 4.895228038491126e-05
5 13 -1.758122478143363e-06 1.542136999392463e-18
6 13 -1.759391652137002e-15 4.805834032810226e-05
7 13 -6.815681494561743e-17 1.694478187775283e-17
8 13 1.882417911977511e-15 4.805834032808483e-05
9 13 1.758122478011586e-06 3.126869161308234e-17
10 13 4.436138579086616e-15 4.895228038486126e-05
11 13 4.213204802317051e-06 4.243710780924403e-17
12 13 5.425675497186122e-15 5.043250953552307e-05
13 13 7.979861881228888e-06 4.907856980750762e-17
14 13 2.802181028880872e-15 5.187533139368824e-05
15 13 1.348263006023876e-05 5.041544039249790e-17
16 13 -1.095744952618465e-16 5.235490767193194e-05
17 13 2.081474094899192e-05 4.704712502362230e-17
18 13 3.719219886069410e-15 5.073396829466270e-05
19 13 2.959083039452952e-05 4.039018712151577e-17
20 13 2.926452100037891e-15 4.588563934868505e-05
21 13 3.886664073255051e-05 3.228462949936066e-17
22 13 -4.773241658306457e-15 3.705157213097946e-05
23 13 4.722495097097008e-05 2.445689677810500e-17
24 13 2.749016516567954e-15 2.423810942695794e-05
25 13 5.308883590409939e-05 1.934655137922239e-17
26 13 9.525021138664555e-15 8.448413239251662e-06
27 13 5.520357318616697e-05 1.749703162568090e-17
28 13 9.524804805149195e-15 -8.448413239304984e-06
29 13 5.308883590410194e-05 1.918410640921570e-17
30 13 2.748304553852848e-15 -2.423810942701784e-05
31 13 4.722495097097687e-05 2.355821708536725e-17
32 13 -4.780545972825152e-15 -3.705157213105092e-05
33 13 3.886664073256430e-05 2.857869333928935e-17
34 13 2.908070003622955e-15 -4.588563934876975e-05
35 13 2.959083039455819e-05 3.294962576236742e-17
36 13 3.685357755045077e-15 -5.073396829475780e-05
37 13 2.081474094904047e-05 3.451642090661695e-17
38 13 -1.634850249635101e-16 -5.235490767203057e-05
39 13 1.348263006031190e-05 3.170282202508206e-17
0 14 -4.553611066999776e-15 4.731200993042140e-05
1 14 -6.341655089813852e-06 -5.348128209384428e-18
2 14 1.478995143369699e-16 4.702896771111902e-05
3 14 -3.337011839306238e-06 -6.344188953409322e-19
4 14 5.381823764456351e-15 4.662326574637291e-05
5 14 -1.030622868775106e-06 6.299590949278703e-18
6 14 5.414731287354577e-17 4.644825744509276e-05
7 14 1.030622868659757e-06 1.396941424773718e-17
8 14 -5.279665600887278e-15 4.662326574635150e-05
9 14 3.337011839202037e-06 2.151681382592383e-17
10 14 -6.062275269687492e-17 4.702896771107942e-05
11 14 6.341655089730144e-06 2.727673900662945e-17
12 14 4.618387805114865e-15 4.731200993036972e-05
13 14 1.038099833308566e-05 2.993950000737958e-17
14 14 8.022388352311936e-15 4.690757878981020e-05
15 14 1.558556956023029e-05 2.914816909306425e-17
16 14 2.923340555055616e-15 4.510264796198245e-05
17 14 2.179238442837694e-05 2.548228086872475e-17
18 14 1.230742895321373e-15 4.116465581414402e-05
19 14 2.849200340049593e-05 1.888991699130397e-17
20 14 2.668888159491535e-15 3.454044809775636e-05
21 14 3.485772490798345e-05 1.084821780818269e-17
22 14 1.314877330524000e-15 2.508567816496654e-05
23 14 3.989303392535455e-05 3.458844063779326e-18
24 14 4.181103805585504e-15 1.323399406167054e-05
25 14 4.268522948980945e-05 -2.384408089899157e-18
26 14 5.978220625811835e-15 -6.128420459459981e-18
27 14 4.268522948980599e-05 -5.338797098179415e-18
28 14 4.190831348894660e-15 -1.323399406168576e-05
29 14 3.989303392534453e-05 -5.583237145888581e-18
30 14 1.328528308484742e-15 -2.508567816498963e-05
31 14 3.485772490797158e-05 -3.532251278139636e-18
32 14 2.680507161809908e-15 -3.454044809779061e-05
33 14 2.849200340049092e-05 9.502791864604892e-20
34 14 1.232095898613501e-15 -4.116465581418975e-05
35 14 2.179238442838667e-05 3.658767366711423e-18
36 14 2.907133344302475e-15 -4.510264796203647e-05
37 14 1.558556956026314e-05 6.676446444193315e-18
38 14 7.983567033470473e-15 -4.690757878986703e-05
39 14 1.038099833314459e-05 7.502009796214105e-18
0 15 2.269460046069158e-15 4.426515831599520e-05
1 15 -4.559240039265628e-06 6.759226157396335e-18
2 15 4.283632510068088e-15 4.458858234269657e-05
3 15 -2.119225782691053e-06 3.098958358655013e-18
4 15 2.451359165159224e-15 4.466316626813212e-05
5 15 -3.863096662085255e-17 1.588825629859610e-18
6 15 -2.380448776500289e-15 4.466316626812957e-05
7 15 2.119225782619881e-06 1.391355707694852e-18
8 15 -4.224357950474993e-15 4.458858234268953e-05
9 15 4.559240039210320e-06 2.366516368164571e-18
10 15 -2.230783084380224e-15 4.426515831598640e-05
11 15 7.579613653787838e-06 3.474500769697651e-18
12 15 4.173204452135394e-15 4.336251383135248e-05
13 15 1.131665972419076e-05 3.725267157682668e-18
14 15 4.042464882980274e-15 4.143806194818608e-05
15 15 1.572600385138441e-05 2.314393048423440e-18
16 15 1.225502302584942e-15 3.801671526472157e-05
17 15 2.054515842553542e-05 -9.584276790381407e-19
18 15 -2.586384383013179e-15 3.270851591120907e-05
19 15 2.529928150087261e-05 -6.379040641154317e-18
20 15 -7.335074523858267e-15 2.534662719858365e-05
21 15 2.937043891124935e-05 -1.256719359222707e-17
22 15 4.747339707779803e-16 1.610331809382759e-05
23 15 3.213102335218070e-05 -1.982205844741202e-17
24 15 1.701400019118270e-15 5.528445448050038e-06
25 15 3.310968108325259e-05 -2.586680242801734e-17
26 15 1.711884700795502e-15 -5.528445448018664e-06
27 15 3.213102335216423e-05 -3.032698680714688e-17
28 15 5.023163744610263e-16 -1.610331809379974e-05
29 15 2.937043891121979e-05 -3.250453695595731e-17
30 15 -7.297545312532453e-15 -2.534662719856293e-05
31 15 2.529928150083714e-05 -3.202251346855701e-17
32 15 -2.548434387220343e-15 -3.270851591119676e-05
33 15 2.054515842550432e-05 -2.902285971295068e-17
34 15 1.254015935945181e-15 -3.801671526471827e-05
35 15 1.572600385136876e-05 -2.388642781232293e-17
36 15 4.052347155707122e-15 -4.143806194818952e-05
37 15 1.131665972419740e-05 -1.796479415345661e-17
38 15 4.159561119282578e-15 -4.336251383135997e-05
39 15 7.579613653820293e-06 -1.181972678606801e-17
0 16 5.976444384663353e-15 4.220331185237681e-05
1 16 -2.867844610334560e-06 9.018358969623300e-18
2 16 6.845709675912976e-15 4.274762417181444e-05
3 16 -9.206353376636790e-07 -2.787508397676293e-18
4 16 1.191493333593945e-17 4.290810162548426e-05
5 16 9.206353376366216e-07 -1.203972829569427e-17
6 16 -6.827685750862089e-15 4.274762417182718e-05
7 16 2.867844610317582e-06 -1.848488366926804e-17
8 16 -5.973855681887801e-15 4.220331185240171e-05
9 16 5.110089268846248e-06 -2.200262389756314e-17
10 16 3.228294950943608e-15 4.109556423440555e-05
11 16 7.769039467883585e-06 -2.345530134290214e-17
12 16 4.618297233262551e-15 3.915670976753756e-05
13 16 1.085873348350333e-05 -2.354165812747827e-17
14 16 4.517154396781979e-15 3.608220607051822e-05
15 16 1.425751748326402e-05 -2.338091780238650e-17
16 16 -4.246286097175381e-16 3.160420387973975e-05
17 16 1.770375988639375e-05 -2.475167512963242e-17
18 16 -6.164745590904618e-15 2.557844522100509e-05
19 16 2.082660350635750e-05 -2.761062847810806e-17
20 16 -2.717476617955253e-15 1.806335770258009e-05
21 16 2.321496628005416e-05 -3.220514662430826e-17
22 16 -3.385391238461398e-15 9.361805975825329e-06
23 16 2.451279041044066e-05 -3.864666308703769e-17
24 16 -6.569282580145264e-15 3.447673638545938e-17
25 16 2.451279041042763e-05 -4.516416800493942e-17
26 16 -3.356173665986456e-15 -9.361805975756749e-06
27 16 2.321496628001756e-05 -5.089931208992576e-17
28 16 -2.664521069635862e-15 -1.806335770251302e-05
29 16 2.082660350630474e-05 -5.456788287001607e-17
30 16 -6.098160364330205e-15 -2.557844522094189e-05
31 16 1.770375988633373e-05 -5.522933606782434e-17
32 16 -3.563375478981742e-16 -3.160420387968092e-05
33 16 1.425751748320757e-05 -5.185141895722206e-17
34 16 4.576810504103687e-15 -3.608220607046550e-05
35 16 1.085873348346083e-05 -4.455356019872905e-17
36 16 4.659816673379321e-15 -3.915670976749269e-05
37 16 7.769039467861157e-06 -3.401917666194571e-17
38 16 3.247245750089318e-15 -4.109556423436992e-05
39 16 5.110089268845676e-06 -2.173295226981496e-17
0 17 1.095178315056865e-14 4.080906849765301e-05
1 17 -1.457376973022604e-06 1.695503038950884e-18
2 17 3.736772982964552e-15 4.131351443976217e-05
3 17 9.782470061363611e-18 -1.605596048185216e-17
4 17 -3.764557940316886e-15 4.131351443977638e-05
5 17 1.457376973046455e-06 -3.066256204510853e-17
6 17 -1.098849998012419e-14 4.080906849769362e-05
7 17 3.040500286264970e-06 -4.076822931636545e-17
8 17 -5.915713617219101e-15 3.971387354639347e-05
9 17 4.844297554449014e-06 -4.561485090586089e-17
10 17 5.363829026488490e-15 3.787181810126865e-05
11 17 6.904843100961137e-06 -4.630188215844749e-17
12 17 6.294778515733113e-15 3.509009441817316e-05
13 17 9.178337264900700e-06 -4.425008580038640e-17
14 17 -3.106903961447928e-16 3.118745114304187e-05
15 17 1.153311198517867e-05 -4.114741532082960e-17
16 17 -5.499250418809111e-15 2.605188966984664e-05
17 17 1.376088642296351e-05 -3.890201902943289e-17
18 17 -6.657436691098081e-15 1.969607695616194e-05
19 17 1.561028802641690e-05 -3.920074183451009e-17
20 17 -6.208403124145395e-15 1.229387277673684e-05
21 17 1.683865349024563e-05 -4.238754186342441e-17
22 17 1.303076727137346e-15 4.181841850300138e-06
23 17 1.726962786611310e-05 -4.816365646804195e-17
24 17 1.320776851615879e-15 -4.181841850211157e-06
25 17 1.683865349021611e-05 -5.543089303360889e-17
26 17 -6.157573080496284e-15 -1.229387277664567e-05
27 17 1.561028802636257e-05 -6.227915077652246e-17
28 17 -6.580941416218589e-15 -1.969607695606757e-05
29 17 1.376088642289135e-05 -6.732582671069022e-17
30 17 -5.408014860848873e-15 -2.605188966974996e-05
31 17 1.153311198509876e-05 -6.835931840459029e-17
32 17 -2.160169127299842e-16 -3.118745114294569e-05
33 17 9.178337264824596e-06 -6.406037774549900e-17
34 17 6.381557745179452e-15 -3.509009441808199e-05
35 17 6.904843100896089e-06 -5.398917726435691e-17
36 17 5.435218740959846e-15 -3.787181810118798e-05
37 17 4.844297554398879e-06 -3.895063713472014e-17
38 17 -5.862447359287756e-15 -3.971387354633008e-05
39 17 3.040500286230684e-06 -2.088267891212677e-17
0 18 6.786723796261904e-15 3.990200199377385e-05
1 18 -4.699426849228852e-07 -1.173282648770917e-17
2 18 -3.373654487526914e-17 4.020077590890612e-05
3 18 4.699426849800588e-07 -3.234258243129819e-17
4 18 -6.857920477009844e-15 3.990200199381166e-05
5 18 1.445338932265020e-06 -4.831573452527835e-17
6 18 -7.467906506622046e-15 3.897408498803965e-05
7 18 2.518054400911426e-06 -5.807229147246321e-17
8 18 -1.393953536569785e-15 3.732939360190426e-05
9 18 3.723258808691071e-06 -6.104976361738372e-17
10 18 4.986442666297332e-15 3.484527303541669e-05
11 18 5.055392007375950e-06 -5.834477460046188e-17
12 18 3.782865096922180e-15 3.139710839400685e-05
13 18 6.460425524085664e-06 -5.223426521292873e-17
14 18 -2.489064522166786e-15 2.689920442453358e-05
15 18 7.837745333395535e-06 -4.525690808971175e-17
16 18 -6.959726024244853e-15 2.134595639225935e-05
17 18 9.053809820333724e-06 -3.979151917432519e-17
18 18 -3.056098194936912e-15 1.484293998699223e-05
19 18 9.966808657472912e-06 -3.761645326031735e-17
20 18 2.745266942428544e-15 7.617214183603248e-06
21 18 1.045743969176017e-05 -3.974074973070042e-17
22 18 3.608385168155613e-15 4.282166072342933e-17
23 18 1.045743969174484e-05 -4.564613987561093e-17
24 18 2.780672934501291e-15 -7.617214183514666e-06
25 18 9.966808657429505e-06 -5.398737653989753e-17
26 18 -2.987771378661978e-15 -1.484293998689600e-05
27 18 9.053809820267759e-06 -6.234839475770941e-17
28 18 -6.867828916734502e-15 -2.134595639215344e-05
29 18 7.837745333314816e-06 -6.837762002920521e-17
30 18 -2.382680818427284e-15 -2.689920442441941e-05
31 18 6.460425523999105e-06 -6.944602553471398e-17
32 18 3.892915928390438e-15 -3.139710839388943e-05
33 18 5.055392007291052e-06 -6.374088573944840e-17
34 18 5.091454439018621e-15 -3.484527303530459e-05
35 18 3.723258808612513e-06 -5.142681088776148e-17
36 18 -1.300065661345945e-15 -3.732939360180745e-05
37 18 2.518054400842215e-06 -3.323848415574481e-17
38 18 -7.386422080011447e-15 -3.897408498796841e-05
39 18 1.445338932203485e-06 -1.116198770428726e-17
0 19 4.635354198663190e-15 3.938681129331240e-05
1 19 3.721777875712773e-17 -2.583185542343106e-17
2 19 -4.727911076214354e-15 3.938681129333351e-05
3 19 3.868829018582991e-07 -4.524247202733770e-17
4 19 -7.954081059071827e-15 3.872775683025442e-05
5 19 7.992763598518135e-07 -5.859767749819270e-17
6 19 -2.090462655302493e-15 3.736241546374202e-05
7 19 1.255654458484115e-06 -6.442434999575344e-17
8 19 3.326138763250664e-15 3.520889647996938e-05
9 19 1.761311338467376e-06 -6.291184980934506e-17
10 19 6.157807128546417e-15 3.217432721702823e-05
11 19 2.304175994073502e-06 -5.557069571573646e-17
12 19 2.456093565465525e-15 2.818630012544376e-05
13 19 2.853790560685859e-06 -4.502560696799994e-17
14 19 -3.740853141959012e-18 2.322652082449448e-05
15 19 3.364447718241404e-06 -3.449405238303406e-17
16 19 1.389085350291684e-15 1.735910649141202e-05
17 19 3.782682753292732e-06 -2.637509674461829e-17
18 19 -1.297891859607041e-15 1.074541310298124e-05
19 19 4.057978172046206e-06 -2.300363846822740e-17
20 19 6.690567266870310e-15 3.639217401467874e-06
21 19 4.154130256187094e-06 -2.517972437521423e-17
22 19 6.706899333801601e-15 -3.639217401407761e-06
23 19 4.057978172021875e-06 -3.208858932574566e-17
24 19 -1.252666837170445e-15 -1.074541310291261e-05
25 19 3.782682753247136e-06 -4.177656657245689e-17
26 19 1.461153048760599e-15 -1.735910649132858e-05
27 19 3.364447718180086e-06 -5.148491130871450e-17
28 19 8.765238351406858e-17 -2.322652082439442e-05
29 19 2.853790560612560e-06 -5.836549995501459e-17
30 19 2.561540186833279e-15 -2.818630012533043e-05
31 19 2.304175993995672e-06 -5.930920493161823e-17
32 19 6.268559514358275e-15 -3.217432721690974e-05
33 19 1.761311338388247e-06 -5.300850339389393e-17
34 19 3.434766005836612e-15 -3.520889647985748e-05
35 19 1.255654458405218e-06 -3.951437516046815e-17
36 19 -1.987293202746252e-15 -3.736241546365000e-05
37 19 7.992763597746300e-07 -2.013365336443662e-17
38 19 -7.857277953985093e-15 -3.872775683019373e-05
39 19 3.868829017826553e-07 2.826974766572151e-18
0 20 -4.813590129140197e-17 3.921928608120834e-05
1 20 -9.672073036591054e-08 -3.470569619416927e-17
2 20 -5.335451699745292e-15 3.888423565290899e-05
3 20 -2.965398247793192e-07 -4.924284547891325e-17
4 20 -4.522686545996611e-15 3.785699158711087e-05
5 20 -5.137327087957817e-07 -5.687785218639258e-17
6 20 -1.729652336515452e-15 3.607736929224692e-05
7 20 -7.542414448465558e-07 -5.687797998674752e-17
8 20 4.740077558262233e-15 3.346460027574237e-05
9 20 -1.016371826874595e-06 -4.985283450431910e-17
10 20 -2.379293578023045e-15 2.994378497895724e-05
11 20 -1.289491640778232e-06 -3.788284341802441e-17
12 20 -2.461341770972277e-15 2.547685491551285e-05
13 20 -1.554559570677158e-06 -2.407613527491861e-17
14 20 2.446212116687278e-15 2.009170259976680e-05
15 20 -1.786782611987902e-06 -1.119421924688508e-17
16 20 1.312942996636011e-15 1.390210605195412e-05
17 20 -1.960165228254112e-06 -2.428418400984752e-18
18 20 4.632438983634184e-15 7.111894506279517e-06
19 20 -2.053027098797393e-06 7.185359062891414e-19
20 20 5.612745110780518e-15 6.876159212487321e-18
21 20 -2.053027098804249e-06 -2.553975756704273e-18
22 20 4.652488343916744e-15 -7.111894506260066e-06
23 20 -1.960165228273821e-06 -1.098201235928141e-17
24 20 1.353463820686323e-15 -1.390210605191928e-05
25 20 -1.786782612017986e-06 -2.204792228661762e-17
26 20 2.506146449624381e-15 -2.009170259971042e-05
27 20 -1.554559570717035e-06 -3.278839697238529e-17
28 20 -2.387587154516891e-15 -2.547685491543446e-05
29 20 -1.289491640826032e-06 -4.008078630412069e-17
30 20 -2.292351735713013e-15 -2.994378497886230e-05
31 20 -1.016371826928396e-06 -4.129594014362493e-17
32 20 4.833961612161876e-15 -3.346460027564160e-05
33 20 -7.542414449072460e-07 -3.558599063177110e-17
34 20 -1.633234278272892e-15 -3.607736929215416e-05
35 20 -5.137327088613295e-07 -2.274387979649333e-17
36 20 -4.426138512756272e-15 -3.785699158703980e-05
37 20 -2.965398248487230e-07 -4.745702400237573e-18
38 20 -5.239838153973110e-15 -3.888423565287021e-05
39 20 -9.672073043683332e-08 1.577266702171088e-17
0 21 -4.722909531586813e-15 3.938681129332903e-05
1 21 -7.673881875484084e-07 -3.376007506915823e-17
2 21 -7.947216258466869e-15 3.872775683024482e-05
3 21 -1.587556575100704e-06 -4.115497206189692e-17
4 21 -2.080181345992155e-15 3.736241546372808e-05
5 21 -2.498989222539797e-06 -4.199014364418755e-17
6 21 3.340992368142260e-15 3.520889647995114e-05
7 21 -3.513320706272561e-06 -3.594558154030797e-17
8 21 6.176765009503341e-15 3.217432721700578e-05
9 21 -4.606664497482485e-06 -2.434921718358087e-17
10 21 2.476510655457464e-15 2.818630012541622e-05
11 21 -5.717320473674876e-06 -9.573426691266194e-18
12 21 1.435782434259339e-17 2.322652082446158e-05
13 21 -6.752000961149098e-06 5.600409675873277e-18
14 21 1.402310322735943e-15 1.735910649137347e-05
15 21 -7.601100411853628e-06 1.819131399554412e-17
16 21 -1.294362289804973e-15 1.074541310293756e-05
17 21 -8.160742168280842e-06 2.579656227185228e-17
18 21 6.683307525091202e-15 3.639217401419776e-06
19 21 -8.356336534381675e-06 2.713418447810394e-17
20 21 6.686408575068081e-15 -3.639217401458700e-06
21 21 -8.160742168279208e-06 2.213794063917915e-17
22 21 -1.284547064984022e-15 -1.074541310296446e-05
23 21 -7.601100411851123e-06 1.253632391609332e-17
24 21 1.421618711687635e-15 -1.735910649137881e-05
25 21 -6.752000961147946e-06 5.452946496199431e-19
26 21 4.411089308024908e-17 -2.322652082444069e-05
27 21 -5.717320473678411e-06 -1.081339925614945e-17
28 21 2.518434745184961e-15 -2.818630012537059e-05
29 21 -4.606664497492389e-06 -1.833232406621465e-17
30 21 6.230513590186500e-15 -3.217432721694246e-05
31 21 -3.513320706292219e-06 -2.054536512414069e-17
32 21 3.405329420729665e-15 -3.520889647988212e-05
33 21 -2.498989222569746e-06 -1.647492472838583e-17
34 21 -2.007568062205210e-15 -3.736241546366628e-05
35 21 -1.587556575139943e-06 -6.740457756509903e-18
36 21 -7.869205306252171e-15 -3.872775683020218e-05
37 21 -7.673881875941170e-07 7.000433697944907e-18
38 21 -4.641860811291831e-15 -3.938681129331381e-05
39 21 -2.380769631530991e-17 2.142278007238830e-17
0 22 -6.849851864972053e-15 3.990200199379905e-05
1 22 -1.981072082091696e-06 -2.213470898114068e-17
2 22 -7.454181327168362e-15 3.897408498801871e-05
3 22 -3.467617423745425e-06 -2.223413080055579e-17
4 22 -1.371723725344712e-15 3.732939360187584e-05
5 22 -5.157466481269377e-06 -1.689143610875045e-17
6 22 5.017667696116674e-15 3.484527303538079e-05
7 22 -7.046190780431706e-06 -6.613658345300237e-18
8 22 3.820173193400092e-15 3.139710839396276e-05
9 22 -9.057291590932191e-06 6.728196554858361e-18
10 22 -2.451397618470625e-15 2.689920442447996e-05
11 22 -1.104391459265877e-05 2.144727276681620e-17
12 22 -6.929732700770059e-15 2.134595639219591e-05
13 22 -1.280832810128416e-05 3.519894848245317e-17
14 22 -3.039914693758307e-15 1.484293998691895e-05
15 22 -1.413858339438407e-05 4.549913306025955e-17
16 22 2.740991048237644e-15 7.617214183520956e-06
17 22 -1.485524034370175e-05 5.036416487269245e-17
18 22 3.582493123679131e-15 -4.589816821243755e-17
19 22 -1.485524034369276e-05 4.958624867514843e-17
20 22 2.731559120449380e-15 -7.617214183606950e-06
21 22 -1.413858339435918e-05 4.328291585242447e-17
22 22 -3.055298371958122e-15 -1.484293998698766e-05
23 22 -1.280832810124755e-05 3.295119469006924e-17
24 22 -6.945524287791395e-15 -2.134595639224026e-05
25 22 -1.104391459261705e-05 2.095818548289024e-17
26 22 -2.462613152993336e-15 -2.689920442449711e-05
27 22 -9.057291590892120e-06 9.815937681344069e-18
28 22 3.820634953494345e-15 -3.139710839395490e-05
29 22 -7.046190780398868e-06 1.799218817822309e-18
30 22 5.032290260281327e-15 -3.484527303535584e-05
31 22 -5.157466481248674e-06 -2.014618516967632e-18
32 22 -1.342328702124655e-15 -3.732939360184386e-05
33 22 -3.467617423738763e-06 -9.716474877658792e-19
34 22 -7.412794311083299e-15 -3.897408498798999e-05
35 22 -1.981072082096736e-06 3.932647933858692e-18
36 22 -6.800281164007571e-15 -3.990200199378215e-05
37 22 -6.424398934816181e-07 1.093871874259506e-17
38 22 2.655455680249966e-17 -4.020077590890305e-05
39 22 6.424398934699640e-07 1.787073431655970e-17
0 23 -1.097949402627769e-14 4.080906849767321e-05
1 23 -3.672811404415741e-06 -1.894648500959837e-18
2 23 -5.895148777656916e-15 3.971387354636387e-05
3 23 -5.907808761385449e-06 3.429439126737819e-18
4 23 5.397734044111494e-15 3.787181810123022e-05
5 23 -8.510872005693253e-06 1.181022370996074e-17
6 23 6.340074155578002e-15 3.509009441812538e-05
7 23 -1.143152940341273e-05 2.266121578816327e-17
8 23 -2.603967968178085e-16 3.118745114298325e-05
9 23 -1.449812978850915e-05 3.474833394207955e-17
10 23 -5.453463844999958e-15 2.605188966977595e-05
11 23 -1.743041661708618e-05 4.652593056300783e-17
12 23 -6.625249689400981e-15 1.969607695607881e-05
13 23 -1.988395261543812e-05 5.657973914392596e-17
14 23 -6.199511039991676e-15 1.229387277664186e-05
15 23 -2.152213673398437e-05 6.297494266236097e-17
16 23 1.283787598876311e-15 4.181841850194983e-06
17 23 -2.209840289997071e-05 6.518685786891495e-17
18 23 1.271487236287483e-15 -4.181841850322781e-06
19 23 -2.152213673395323e-05 6.249535990724759e-17
20 23 -6.233904387243197e-15 -1.229387277675932e-05
21 23 -1.988395261538079e-05 5.612489140284271e-17
22 23 -6.674950504880362e-15 -1.969607695617777e-05
23 23 -1.743041661701011e-05 4.656018852751729e-17
24 23 -5.508509098076503e-15 -2.605188966985135e-05
25 23 -1.449812978842511e-05 3.560558838089002e-17
26 23 -3.123363431803418e-16 -3.118745114303347e-05
27 23 -1.143152940333147e-05 2.522246710117000e-17
28 23 6.300937258551374e-15 -3.509009441815322e-05
29 23 -8.510872005622327e-06 1.652024508336418e-17
30 23 5.375911969571106e-15 -3.787181810124105e-05
31 23 -5.907808761329558e-06 1.066098713395883e-17
32 23 -5.899667756838497e-15 -3.971387354636485e-05
33 23 -3.672811404375324e-06 7.259309067540912e-18
34 23 -1.096975997853305e-14 -4.080906849767056e-05
35 23 -1.748618988983310e-06 6.087530221375240e-18
36 23 -3.743471977933366e-15 -4.131351443976475e-05
37 23 1.230340014718988e-17 5.748751086249194e-18
38 23 3.761074924319065e-15 -4.131351443976621e-05
39 23 1.748618989012084e-06 4.837895890574187e-18
0 24 -5.963719166817383e-15 4.220331185237791e-05
1 24 -5.749647657284171e-06 2.078193725382776e-17
2 24 3.255288991650524e-15 4.109556423437419e-05
3 24 -8.888437606299767e-06 2.793432324222711e-17
4 24 4.662076614389046e-15 3.915670976749774e-05
5 24 -1.263379901144715e-05 3.573108043324212e-17
6 24 4.571365325420435e-15 3.608220607046845e-05
7 24 -1.684289325084828e-05 4.381469719757980e-17
8 24 -3.691709008011956e-16 3.160420387967928e-05
9 24 -2.118273327728993e-05 5.163251587591531e-17
10 24 -6.119884633747049e-15 2.557844522093206e-05
11 24 -2.516544131744466e-05 5.803842997720238e-17
12 24 -2.692595118295869e-15 1.806335770249420e-05
13 24 -2.823880951782443e-05 6.309353541827802e-17
14 24 -3.389691246857868e-15 9.361805975728102e-06
15 24 -2.991783162297632e-05 6.617900074708747e-17
16 24 -6.605421745409878e-15 -7.130751339794595e-17
17 24 -2.991783162295577e-05 6.635009472160957e-17
18 24 -3.424294066482374e-15 -9.361805975867207e-06
19 24 -2.823880951776499e-05 6.379568097897016e-17
20 24 -2.756552290853830e-15 -1.806335770262261e-05
21 24 -2.516544131735550e-05 5.877876362528049e-17
22 24 -6.201677699009706e-15 -2.557844522104511e-05
23 24 -2.118273327718117e-05 5.108519663690966e-17
24 24 -4.582761231656165e-16 -3.160420387977326e-05
25 24 -1.684289325073407e-05 4.208776918681560e-17
26 24 4.487577557806917e-15 -3.608220607054272e-05
27 24 -1.263379901133843e-05 3.291638822171983e-17
28 24 4.593500781134201e-15 -3.915670976755241e-05
29 24 -8.888437606204432e-06 2.353578552921189e-17
30 24 3.205868865765057e-15 -4.109556423441138e-05
31 24 -5.749647657205641e-06 1.482540757716011e-17
32 24 -5.994490549529093e-15 -4.220331185240078e-05
33 24 -3.182103489043593e-06 6.721180116952821e-18
34 24 -6.847203559244244e-15 -4.274762417182299e-05
35 24 -1.013287046408145e-06 -5.155894464376997e-19
36 24 -6.216756791878303e-18 -4.290810162547980e-05
37 24 1.013287046463873e-06 -7.229176156039255e-18
38 24 6.830061283258602e-15 -4.274762417181226e-05
39 24 3.182103489107636e-06 -1.401513960769290e-17
0 25 -2.219190215757895e-15 4.426515831596735e-05
1 25 -8.100755687424519e-06 3.867165799328564e-17
2 25 4.204165999333277e-15 4.336251383132776e-05
3 25 -1.242774252781935e-05 4.368524380937947e-17
4 25 4.088962831069230e-15 4.143806194815515e-05
5 25 -1.770131927553587e-05 4.717180081307024e-17
6 25 1.279910769438193e-15 3.801671526468293e-05
7 25 -2.360984875207582e-05 4.971938202563135e-17
8 25 -2.535756295414008e-15 3.270851591116122e-05
9 25 -2.954966994069567e-05 5.110744311327573e-17
10 25 -7.299535599992748e-15 2.534662719852545e-05
11 25 -3.470706591784991e-05 5.204239670877107e-17
12 25 4.855498220607120e-16 1.610331809375896e-05
13 25 -3.823642891725524e-05 5.327748073913223e-17
14 25 1.683919685501077e-15 5.528445447973139e-06
15 25 -3.949338001542270e-05 5.419098598973060e-17
16 25 1.663580909750698e-15 -5.528445448100971e-06
17 25 -3.823642891721119e-05 5.467347320388106e-17
18 25 4.277616737749355e-16 -1.610331809388416e-05
19 25 -3.470706591776812e-05 5.399178969032887e-17
20 25 -7.387105777614232e-15 -2.534662719864429e-05
21 25 -2.954966994058664e-05 5.170818777149892e-17
22 25 -2.639207911445865e-15 -3.270851591127125e-05
23 25 -2.360984875195240e-05 4.710804809290130e-17
24 25 1.172889923672105e-15 -3.801671526478233e-05
25 25 -1.770131927541144e-05 4.032726636206352e-17
26 25 3.991573933499676e-15 -4.143806194824034e-05
27 25 -1.242774252770304e-05 3.238936885715823e-17
28 25 4.124608844160898e-15 -4.336251383139656e-05
29 25 -8.100755687322768e-06 2.228477361481576e-17
30 25 -2.279333016495620e-15 -4.426515831601776e-05
31 25 -4.745968995016904e-06 1.073446295181846e-17
32 25 -4.274657551947489e-15 -4.458858234270657e-05
33 25 -2.162286839158117e-06 -1.102624255554110e-18
34 25 -2.432098292251625e-15 -4.466316626813221e-05
35 25 3.493865001484425e-17 -1.264920180522618e-17
36 25 2.399073309972009e-15 -4.466316626812170e-05
37 25 2.162286839232481e-06 -2.308557899233541e-17
38 25 4.232004364057472e-15 -4.458858234267589e-05
39 25 4.745968995102638e-06 -3.206150537358365e-17
0 26 4.629016273795496e-15 4.731200993036293e-05
1 26 -1.061449674711407e-05 4.577020221799283e-17
2 26 8.051825437443870e-15 4.690757878980209e-05
3 26 -1.662764685008478e-05 4.521732292035960e-17
4 26 2.965098828394848e-15 4.510264796197102e-05
5 26 -2.406598525304716e-05 4.170680159293258e-17
6 26 1.275616303987008e-15 4.116465581412836e-05
7 26 -3.231649150485975e-05 3.726607198579487e-17
8 26 2.706227555811704e-15 3.454044809773498e-05
9 26 -4.031643887067249e-05 3.305499640623190e-17
10 26 1.335432920035237e-15 2.508567816493917e-05
11 26 -4.673560692520242e-05 2.999026357198208e-17
12 26 4.179243476457192e-15 1.323399406163719e-05
13 26 -5.032587951585328e-05 2.936120905871645e-17
14 26 5.951197373163086e-15 -4.406951877677576e-17
15 26 -5.032587951583275e-05 3.057932189081195e-17
16 26 4.141235026804631e-15 -1.323399406172615e-05
17 26 -4.673560692514338e-05 3.349466832403671e-17
18 26 1.264761335611807e-15 -2.508567816502997e-05
19 26 -4.031643887058275e-05 3.630340780537423e-17
20 26 2.612311433061544e-15 -3.454044809782792e-05
21 26 -3.231649150475037e-05 3.736350812347957e-17
22 26 1.172221411634067e-15 -4.116465581422222e-05
23 26 -2.406598525292963e-05 3.644857066562053e-17
24 26 2.864638145356512e-15 -4.510264796206224e-05
25 26 -1.662764684997113e-05 3.248716389266015e-17
26 26 7.963931289457613e-15 -4.690757878988476e-05
27 26 -1.061449674701173e-05 2.490330455950805e-17
28 26 4.558754692573785e-15 -4.731200993043196e-05
29 26 -6.178240583947187e-06 1.404069624990767e-17
30 26 -1.228727409093145e-16 -4.702896771112316e-05
31 26 -3.102779708579048e-06 9.484944102137858e-19
32 26 -5.346048966179609e-15 -4.662326574637258e-05
33 26 -9.295817861997838e-07 -1.261645544328616e-17
34 26 -1.720172558537004e-17 -4.644825744508910e-05
35 26 9.295817862685794e-07 -2.544887219226828e-17
36 26 5.307074349034338e-15 -4.662326574634627e-05
37 26 3.102779708656055e-06 -3.593004764801194e-17
38 26 7.114446049036422e-17 -4.702896771107356e-05
39 26 6.178240584035769e-06 -4.281453277076029e-17
0 27 2.809351802771918e-15 5.187533139369992e-05
1 27 -1.320574656480585e-05 3.798173921649623e-17
2 27 -8.886456487539554e-17 5.235490767194635e-05
3 27 -2.175059073184670e-05 3.015907692823777e-17
4 27 3.748352694670446e-15 5.073396829467824e-05
5 27 -3.239001441079817e-05 2.002172439186395e-17
6 27 2.954940252282906e-15 4.588563934870078e-05
7 27 -4.396699182372284e-05 9.811756533491573e-18
8 27 -4.753398503935833e-15 3.705157213099437e-05
9 27 -5.462280711410936e-05 1.732723754756691e-18
10 27 2.754896938694816e-15 2.423810942697113e-05
11 27 -6.220502123544478e-05 -2.726420588935189e-18
12 27 9.513676044268120e-15 8.448413239263986e-06
13 27 -6.495896048436099e-05 -2.601486908751134e-18
14 27 9.498546729035982e-15 -8.448413239293900e-06
15 27 -6.220502123541274e-05 1.712857953084652e-18
16 27 2.711761243876555e-15 -2.423810942700699e-05
17 27 -5.462280711405099e-05 8.152597640148839e-18
18 27 -4.818467058704044e-15 -3.705157213104006e-05
19 27 -4.396699182364441e-05 1.498687675082331e-17
20 27 2.877357011943913e-15 -4.588563934875865e-05
21 27 -3.239001441070994e-05 2.045717066405806e-17
22 27 3.669985621198222e-15 -5.073396829474650e-05
23 27 -2.175059073175822e-05 2.265979456183851e-17
24 27 -1.606835031128340e-16 -5.235490767201855e-05
25 27 -1.320574656472421e-05 2.039555189798148e-17
26 27 2.750715631915127e-15 -5.187533139376965e-05
27 27 -7.146848284653610e-06 1.352848113430646e-17
28 27 5.370233291843238e-15 -5.043250953558900e-05
29 27 -3.358594092203460e-06 2.838601576999573e-18
30 27 4.374951433643682e-15 -4.895228038490347e-05
31 27 -1.242005939183763e-06 -1.037171003318576e-17
32 27 1.813871985446315e-15 -4.805834032809776e-05
33 27 2.475785532025481e-17 -2.336853164977689e-17
34 27 -1.834957978182585e-15 -4.805834032808425e-05
35 27 1.242005939236032e-06 -3.370661235100900e-17
36 27 -4.403897868622885e-15 -4.895228038486509e-05
37 27 3.358594092264108e-06 -4.045994589288704e-17
38 27 -5.412867071085453e-15 -5.043250953553104e-05
39 27 7.146848284724988e-06 -4.184088993164574e-17
0 28 -5.461506063972842e-16 5.881980440196908e-05
1 28 -1.585843200378753e-05 1.667104120943034e-17
2 28 -2.743982894742530e-15 6.069011517775649e-05
3 28 -2.835571931062886e-05 1.896260127835792e-18
4 28 -5.117742738443512e-15 5.920584378426156e-05
5 28 -4.388430786076587e-05 -1.339176677757021e-17
6 28 -6.033916220024107e-15 5.261734798514585e-05
7 28 -6.027189116590282e-05 -2.643271021273031e-17
8 28 -3.088709839799112e-15 3.994220976325342e-05
9 28 -7.424089266041163e-05 -3.484225456943870e-17
10 28 1.406853006659779e-15 2.166678919119227e-05
11 28 -8.234598072209278e-05 -3.765223623336863e-17
12 28 6.904592885673017e-15 1.840344945510863e-17
13 28 -8.234598072208438e-05 -3.417941162580799e-17
14 28 1.391242918284021e-15 -2.166678919116053e-05
15 28 -7.424089266038578e-05 -2.616449096282372e-17
16 28 -3.118692350425422e-15 -3.994220976323489e-05
17 28 -6.027189116586400e-05 -1.499874792836802e-17
18 28 -6.071788144723203e-15 -5.261734798514657e-05
19 28 -4.388430786072032e-05 -4.085262267673071e-18
20 28 -5.157917568974667e-15 -5.920584378428307e-05
21 28 -2.835571931058108e-05 4.461995342423816e-18
22 28 -2.780644077536900e-15 -6.069011517779538e-05
23 28 -1.585843200374400e-05 8.567473209814422e-18
24 28 -5.744680468121551e-16 -5.881980440201849e-05
25 28 -7.236464759615432e-06 7.642775518592949e-18
26 28 3.811221188113033e-15 -5.542517803983023e-05
27 28 -2.287546959915923e-06 1.448430162765887e-18
28 28 6.276807856312355e-15 -5.200128975931921e-05
29 28 -1.941431011791502e-07 -8.124604109852789e-18
30 28 4.912285806644010e-15 -4.956930923305980e-05
31 28 1.330630258139707e-07 -1.878413054428780e-17
32 28 3.134469219939698e-18 -4.869858882118476e-05
33 28 -1.330630257935845e-07 -2.809456550881338e-17
34 28 -4.909035841391153e-15 -4.956930923303717e-05
35 28 1.941431012036986e-07 -3.375223907670473e-17
36 28 -6.281728817740877e-15 -5.200128975927906e-05
37 28 2.287546959945986e-06 -3.379775294627174e-17
38 28 -3.827531151376722e-15 -5.542517803978054e-05
39 28 7.236464759652172e-06 -2.800945503968116e-17
0 29 -1.376916815967126e-15 6.954238315282406e-05
1 29 -1.869372258449201e-05 -1.382073495056454e-17
2 29 3.447841494059359e-15 7.348378377839189e-05
3 29 -3.755724826714034e-05 -3.217849322744436e-17
4 29 -6.723423411316149e-15 7.182420811088368e-05
5 29 -6.076398214151605e-05 -4.915967007153273e-17
6 29 -6.276937812565025e-15 6.179461476038240e-05
7 29 -8.415236538996094e-05 -6.103572242818615e-17
8 29 -2.257805267597502e-15 4.228482509264989e-05
9 29 -1.018472903237923e-04 -6.726167017563653e-17
10 29 1.474395444734738e-15 1.508717762169017e-05
11 29 -1.084777389117676e-04 -6.578651847075243e-17
12 29 1.473381875769926e-15 -1.508717762159498e-05
13 29 -1.018472903237900e-04 -5.781671067555681e-17
14 29 -2.257715707543946e-15 -4.228482509256604e-05
15 29 -8.415236538995796e-05 -4.526821556519952e-17
16 29 -6.276507196661931e-15 -6.179461476031954e-05
17 29 -6.076398214151320e-05 -3.066537506740519e-17
18 29 -6.720246643016129e-15 -7.182420811084785e-05
19 29 -3.755724826713863e-05 -1.771047118356687e-17
20 29 3.454112165478462e-15 -7.348378377838276e-05
21 29 -1.869372258449426e-05 -7.744078117167994e-18
22 29 -1.363554065802627e-15 -6.954238315283695e-05
23 29 -5.908348065050344e-06 -2.830129299444603e-18
24 29 -4.289583475515876e-16 -6.303091097968944e-05
25 29 9.881333214513859e-07 -3.136406799604112e-18
26 29 1.069323461143220e-15 -5.639122216771994e-05
27 29 3.222635144688246e-06 -7.852897309731603e-18
28 29 -2.504747446445892e-15 -5.123723919976724e-05
29 29 2.367590215533410e-06 -1.476751045034184e-17
30 29 -2.839533620018572e-16 -4.846811690049008e-05
31 29 -5.808979113263946e-18 -2.141526287970733e-17
32 29 3.221357309918223e-16 -4.846811690048210e-05
33 29 -2.367590215544094e-06 -2.511926549102972e-17
34 29 2.539449437410500e-15 -5.123723919974513e-05
35 29 -3.222635144697312e-06 -2.391513223325353e-17
36 29 -1.040404114641847e-15 -5.639122216769082e-05
37 29 -9.881333214588771e-07 -1.637986489057134e-17
38 29 4.497875694513502e-16 -6.303091097966351e-05
39 29 5.908348065044843e-06 -3.835118339509080e-18
0 30 -4.084703960192653e-15 8.633606152281554e-05
1 30 -2.209099495266013e-05 -4.329743799273831e-17
2 30 -1.372090065650741e-15 9.330409092832981e-05
3 30 -5.155476276586162e-05 -6.218417756568309e-17
4 30 1.615892944406876e-15 9.053956744486275e-05
5 30 -8.716331740873431e-05 -7.721739625867419e-17
6 30 -3.271178539647351e-15 7.355953015688190e-05
7 30 -1.206268186001060e-04 -8.522150488844613e-17
8 30 2.999868552719231e-15 4.165862906703465e-05
9 30 -1.412399456757641e-04 -8.620464141574875e-17
10 30 4.115247354930278e-17 6.972727363162654e-17
11 30 -1.412399456757714e-04 -8.037471072227104e-17
12 30 3.014192649142984e-15 -4.165862906690122e-05
13 30 -1.206268186001250e-04 -6.797176506402642e-17
14 30 -3.241230457270269e-15 -7.355953015676593e-05
15 30 -8.716331740876265e-05 -5.250277240024485e-17
16 30 1.657452850237215e-15 -9.053956744477374e-05
17 30 -5.155476276590004e-05 -3.696854144118471e-17
18 30 -1.320575941388034e-15 -9.330409092827154e-05
19 30 -2.209099495270242e-05 -2.375539831439572e-17
20 30 -4.028635841378735e-15 -8.633606152278602e-05
21 30 -2.391592925312124e-06 -1.398811354007711e-17
22 30 -2.329603682149004e-15 -7.489362304354097e-05
23 30 7.741990554769047e-06 -9.426737702881869e-18
24 30 -3.406457540325304e-15 -6.311325507203015e-05
25 30 1.039653401331033e-05 -9.421413127882940e-18
26 30 -4.472513274670237e-15 -5.353945995297532e-05
27 30 8.065243392543545e-06 -1.145619737631061e-17
28 30 -2.388491900182466e-15 -4.745403718231546e-05
29 30 2.978742838391828e-06 -1.516509255183332e-17
30 30 3.303310733174349e-17 -4.538141007182253e-05
31 30 -2.978742838429396e-06 -1.692265504424281e-17
32 30 2.455612203696089e-15 -4.745403718230743e-05
33 30 -8.065243392580758e-06 -1.417058058257272e-17
34 30 4.539262456832744e-15 -5.353945995296321e-05
35 30 -1.039653401335120e-05 -6.452252406483746e-18
36 30 3.471182322362183e-15 -6.311325507202207e-05
37 30 -7.741990554812737e-06 6.720493901043723e-18
38 30 2.390494739954989e-15 -7.489362304354769e-05
39 30 2.391592925265454e-06 2.399398720314850e-17
0 31 -1.625251871123763e-15 1.131125897210880e-04
1 31 -2.693655347362218e-05 -6.428678119586115e-17
2 31 -3.355602420151683e-15 1.245283349673894e-04
3 31 -7.481648035798467e-05 -7.866086561741665e-17
4 31 8.458061107460089e-16 1.182266257542496e-04
5 31 -1.310654952059168e-04 -8.888543878133413e-17
6 31 3.072583051454298e-15 8.685291882908376e-05
7 31 -1.782924976122902e-04 -9.241622368141992e-17
8 31 3.155744253596635e-16 3.216732269640698e-05
9 31 -1.969553829291345e-04 -8.854316342979123e-17
10 31 3.299208089614795e-16 -3.216732269625260e-05
11 31 -1.782924976123153e-04 -7.853540764374513e-17
12 31 3.114185103527067e-15 -8.685291882894087e-05
13 31 -1.310654952059632e-04 -6.450913461375380e-17
14 31 9.106012482603813e-16 -1.182266257541283e-04
15 31 -7.481648035804701e-05 -4.865294734193133e-17
16 31 -3.273338955992142e-15 -1.245283349672954e-04
17 31 -2.693655347369265e-05 -3.396959218086891e-17
18 31 -1.533002780048119e-15 -1.131125897210234e-04
19 31 4.587910305005859e-06 -2.197807187969076e-17
20 31 -5.249216722993313e-15 -9.367989852216873e-05
21 31 2.001360720360728e-05 -1.427945930443250e-17
22 31 -6.285543844842450e-15 -7.365922901665593e-05
23 31 2.335360978608339e-05 -1.045743184533287e-17
24 31 -2.987875017861549e-15 -5.716508526379263e-05
25 31 1.900759188610545e-05 -9.609650055099785e-18
26 31 -2.813302822372648e-15 -4.587592083628756e-05
27 31 1.041836625713161e-05 -1.072149059234450e-17
28 31 -1.553200487493358e-15 -4.022207613264702e-05
29 31 -2.500340808008041e-17 -1.026738526324395e-17
30 31 1.636529601568782e-15 -4.022207613264568e-05
31 31 -1.041836625718240e-05 -7.082276344629858e-18
32 31 2.901366169598782e-15 -4.587592083628599e-05
33 31 -1.900759188616181e-05 2.640847739144471e-19
34 31 3.079267045960595e-15 -5.716508526379640e-05
35 31 -2.335360978614620e-05 1.257784373716974e-17
36 31 6.379573287412452e-15 -7.365922901667202e-05
37 31 -2.001360720367780e-05 2.839489678762972e-17
38 31 5.344412036795016e-15 -9.367989852220597e-05
39 31 -4.587910305079304e-06 4.664093583861064e-17
0 32 2.199050049295249e-15 1.569534271598914e-04
1 32 -3.521853370207142e-05 -6.899634006303905e-17
2 32 1.713427568780211e-15 1.750337087996518e-04
3 32 -1.169602195564817e-04 -7.845831549120005e-17
4 32 7.642029471011981e-15 1.588456943159690e-04
5 32 -2.085336377330701e-04 -8.175742015567231e-17
6 32 -5.579702946751748e-17 9.665971098457700e-05
7 32 -2.713337055057042e-04 -8.038503840615386e-17
8 32 4.016829560120839e-15 7.048209119720911e-17
9 32 -2.713337055057204e-04 -7.358637618250946e-17
10 32 -2.055996425178444e-17 -9.665971098444036e-05
11 32 -2.085336377331158e-04 -6.217246553066706e-17
12 32 7.710122513569467e-15 -1.588456943158453e-04
13 32 -1.169602195565490e-04 -4.909800879829812e-17
14 32 1.810231737689256e-15 -1.750337087995481e-04
15 32 -3.521853370214911e-05 -3.528919023931429e-17
16 32 2.311611673356924e-15 -1.569534271598126e-04
17 32 1.747354063689828e-05 -2.398584458450126e-17
18 32 -1.584039475685077e-15 -1.238737252329132e-04
19 32 4.145945534282121e-05 -1.529872408942632e-17
20 32 -4.341815941916092e-15 -9.020416258866393e-05
21 32 4.533027018844719e-05 -9.723685914777989e-18
22 32 9.839378192500106e-16 -6.289934960724475e-05
23 32 3.763166488377502e-05 -6.990913261758585e-18
24 32 4.365090268080637e-15 -4.390329710142384e-05
25 32 2.418013298268593e-05 -5.854454844889209e-18
26 32 -6.565371260770176e-16 -3.297156938905226e-05
27 32 8.278486457244247e-06 -4.658660209521453e-18
28 32 4.133408899135662e-17 -2.942744318436177e-05
29 32 -8.278486457289799e-06 -1.869348401335308e-18
30 32 7.434764900458524e-16 -3.297156938905462e-05
31 32 -2.418013298273549e-05 4.119569959538566e-18
32 32 -4.270874068625268e-15 -4.390329710143149e-05
33 32 -3.763166488383596e-05 1.382526437760525e-17
34 32 -8.799298370351374e-16 -6.289934960726180e-05
35 32 -4.533027018852021e-05 2.665275402200105e-17
36 32 4.453789948326002e-15 -9.020416258869768e-05
37 32 -4.145945534290318e-05 4.177960203609191e-17
38 32 1.699056776590062e-15 -1.238737252329678e-04
39 32 -1.747354063698392e-05 5.604795747987802e-17
0 33 2.795631807912716e-15 2.317242427714786e-04
1 33 -5.166773298554001e-05 -5.588378064671140e-17
2 33 6.293033562003688e-15 2.599239278330475e-04
3 33 -2.004594373715859e-04 -5.896623211411610e-17
4 33 5.702432818661293e-15 2.163772737029446e-04
5 33 -3.530904711633138e-04 -5.803548681985292e-17
6 33 -4.364856952246444e-15 8.571505634918552e-05
7 33 -4.197965380835376e-04 -5.422904964542877e-17
8 33 -4.345477036855583e-15 -8.571505634908660e-05
9 33 -3.530904711633435e-04 -4.630901997709584e-17
10 33 5.762413211815809e-15 -2.163772737028515e-04
11 33 -2.004594373716402e-04 -3.741598958412758e-17
12 33 6.385065627830117e-15 -2.599239278329667e-04
13 33 -5.166773298561164e-05 -2.721143676723407e-17
14 33 2.908833401697689e-15 -2.317242427714121e-04
15 33 4.159624352608062e-05 -1.815958045863101e-17
16 33 4.266031885869925e-15 -1.734479614557365e-04
17 33 7.935272181837540e-05 -1.052468811158722e-17
18 33 3.164903499437474e-15 -1.158443119493641e-04
19 33 8.199868190268450e-05 -5.148615048494581e-18
20 33 -4.153289482695707e-16 -7.126846121326021e-05
21 33 6.752460201513802e-05 -2.254920053752753e-18
22 33 5.016246521147687e-15 -4.119586245988905e-05
23 33 4.639378243898030e-05 -7.098309568709014e-19
24 33 8.641481858209819e-15 -2.331199504274337e-05
25 33 2.335090596215901e-05 7.948170235949167e-19
26 33 4.177998824727215e-15 -1.508868403646813e-05
27 33 -1.094433560602895e-17 2.738498874686099e-18
28 33 -4.112349306411335e-15 -1.508868403646928e-05
29 33 -2.335090596218461e-05 6.622498762752122e-18
30 33 -8.565229616035481e-15 -2.331199504274782e-05
31 33 -4.639378243901655e-05 1.286548128003566e-17
32 33 -4.927198759499738e-15 -4.119586245990041e-05
33 33 -6.752460201518954e-05 2.094820284169068e-17
34 33 5.168290398147908e-16 -7.126846121328090e-05
35 33 -8.199868190275233e-05 3.050708878440005e-17
36 33 -3.049941487284903e-15 -1.158443119493980e-04
37 33 -7.935272181845293e-05 4.050107107698924e-17
38 33 -4.145480201682867e-15 -1.734479614557859e-04
39 33 -4.159624352616049e-05 4.981844852314600e-17
0 34 2.954796756296981e-15 3.674118044579143e-04
1 34 -8.905049211541348e-05 -2.735315775374888e-17
2 34 1.158372163623649e-15 4.101508429493624e-04
3 34 -3.834540707021089e-04 -2.680643296930278e-17
4 34 -7.529192701626291e-15 2.869684097786606e-04
5 34 -6.349654375774969e-04 -2.409296397277737e-17
6 34 -5.948524901239892e-15 1.834186760893921e-17
7 34 -6.349654375775101e-04 -2.067293405584638e-17
8 34 -7.486183301772835e-15 -2.869684097786247e-04
9 34 -3.834540707021394e-04 -1.604667238109633e-17
10 34 1.235198651944864e-15 -4.101508429493297e-04
11 34 -8.905049211546166e-05 -1.007428261564919e-17
12 34 3.053198155130436e-15 -3.674118044578876e-04
13 34 9.008604129231635e-05 -4.832084288242261e-18
14 34 -8.088666957955622e-16 -2.575746269242138e-04
15 34 1.495514240888948e-04 -3.887719429395356e-19
16 34 -1.461112027191657e-15 -1.547174347045834e-04
17 34 1.440369853835058e-04 2.630495892428767e-18
18 34 -3.552334892077712e-15 -8.155412649950315e-05
19 34 1.142880566605452e-04 4.193457282275657e-18
20 34 3.442450415284635e-15 -3.591295416166887e-05
21 34 7.950515602065023e-05 5.554061644345035e-18
22 34 1.002004367855030e-14 -9.879117633579525e-06
23 34 4.617023274572684e-05 6.521485065806290e-18
24 34 6.029973575609437e-15 3.166560352890232e-06
25 34 1.508280112594053e-05 7.423131614814090e-18
26 34 1.708761530140600e-17 7.101027090933102e-06
27 34 -1.508280112592706e-05 9.034508662655463e-18
28 34 -5.991666981835170e-15 3.166560352889309e-06
29 34 -4.617023274572398e-05 1.110249900185757e-17
30 34 -9.969195449904398e-15 -9.879117633581407e-06
31 34 -7.950515602066241e-05 1.426464930687785e-17
32 34 -3.373711514966912e-15 -3.591295416167311e-05
33 34 -1.142880566605772e-04 1.801265581075540e-17
34 34 3.638439080844428e-15 -8.155412649951233e-05
35 34 -1.440369853835539e-04 2.106445477160431e-17
36 34 1.562895677353086e-15 -1.547174347045982e-04
37 34 -1.495514240889520e-04 2.408030978132759e-17
38 34 9.142358318571762e-16 -2.575746269242347e-04
39 34 -9.008604129237348e-05 2.672563465744389e-17
0 35 2.549866675889303e-15 6.378596284326731e-04
1 35 -1.890500993226090e-04 8.306664447235268e-18
2 35 -5.944273265549653e-16 6.923640134991606e-04
3 35 -8.341084866401100e-04 9.417030980815039e-18
4 35 -5.862957059005749e-15 3.172032721583685e-04
5 35 -1.184377621283389e-03 1.035955350282527e-17
6 35 -5.841783715809691e-15 -3.172032721584051e-04
7 35 -8.341084866401153e-04 9.319857059582165e-18
8 35 -5.370894084542913e-16 -6.923640134991957e-04
9 35 -1.890500993226221e-04 1.111876765019569e-17
10 35 2.630025333266951e-15 -6.378596284327023e-04
11 35 2.002423463900402e-04 1.272654394476329e-17
12 35 -4.929701080222391e-16 -4.072375578437158e-04
13 35 2.898444588493911e-04 1.169177250759430e-17
14 35 -4.760065516821038e-15 -2.109087603077677e-04
15 35 2.523920936838884e-04 1.162120732050812e-17
16 35 -3.639617499977338e-15 -8.897482108617998e-05
17 35 1.866389341594395e-04 1.190654662091437e-17
18 35 -2.708190259204256e-15 -2.260677589193505e-05
19 35 1.260239804920340e-04 1.137828955183457e-17
20 35 5.122392890487669e-15 1.102661872440004e-05
21 35 7.663028175464848e-05 1.170998597616575e-17
22 35 6.724801638358234e-15 2.695292679345310e-05
23 35 3.605846915979668e-05 1.147035814464245e-17
24 35 4.773855622646614e-15 3.322520495047976e-05
25 35 2.714780207589640e-17 1.099664343196049e-17
26 35 -4.780489292279664e-15 3.322520495048174e-05
27 35 -3.605846915974755e-05 9.725820716457902e-18
28 35 -6.721819893881392e-15 2.695292679345864e-05
29 35 -7.663028175461229e-05 8.297505905623172e-18
30 35 -5.101092005746863e-15 1.102661872440936e-05
31 35 -1.260239804920171e-04 5.600939779951701e-18
32 35 2.749598760153171e-15 -2.260677589192128e-05
33 35 -1.866389341594409e-04 3.041401243516546e-18
34 35 3.700533281861732e-15 -8.897482108616253e-05
35 35 -2.523920936839049e-04 -8.039388434873851e-19
36 35 4.839696460190081e-15 -2.109087603077459e-04
37 35 -2.898444588494167e-04 -4.281770083785675e-18
38 35 5.786910421700476e-16 -4.072375578436906e-04
39 35 -2.002423463900648e-04 -5.357400436708506e-18
0 36 -1.321467105695854e-15 1.260911445834518e-03
1 36 -5.287447513273137e-04 4.266288008593778e-17
2 36 -1.502381883867348e-15 1.241090481841443e-03
3 36 -2.084058939626246e-03 4.019450402591236e-17
4 36 -2.722552027492115e-15 -5.121582025171181e-17
5 36 -2.084058939626239e-03 3.484449350848748e-17
6 36 -1.465617408568193e-15 -1.241090481841543e-03
7 36 -5.287447513273012e-04 3.087882378119209e-17
8 36 -1.262437237593195e-15 -1.260911445834610e-03
9 36 5.008148584535625e-04 2.664000337234923e-17
10 36 2.952074289265850e-15 -6.890821060051732e-04
11 36 5.988093111830481e-04 2.254555758620803e-17
12 36 1.267821468894809e-15 -2.805884209301992e-04
13 36 4.479855364639470e-04 2.041792396408596e-17
14 36 -3.271994259206362e-15 -7.635970036254464e-05
15 36 2.962952231737144e-04 1.756241692257847e-17
16 36 -2.637027918120487e-15 1.229787124548144e-05
17 36 1.867972655800737e-04 1.542954436979502e-17
18 36 4.587753014527176e-15 4.747675643548438e-05
19 36 1.122841887680103e-04 1.517587352531971e-17
20 36 1.994045479507128e-15 6.012887679685033e-05
21 36 5.973966334696984e-05 1.472293144396897e-17
22 36 -1.002837136915177e-15 6.404941755908530e-05
23 36 1.872783596886244e-05 1.296243422624337e-17
24 36 -2.438236835733613e-17 6.485609296554618e-05
25 36 -1.872783596877246e-05 1.122101862226458e-17
26 36 9.571269570371848e-16 6.404941755909441e-05
27 36 -5.973966334688945e-05 5.273728376030292e-18
28 36 -2.024549086302253e-15 6.012887679686809e-05
29 36 -1.122841887679446e-04 -1.596584575081821e-18
30 36 -4.596314955138184e-15 4.747675643551272e-05
31 36 -1.867972655800247e-04 -1.007197873911380e-17
32 36 2.652831080367214e-15 1.229787124552057e-05
33 36 -2.962952231736837e-04 -1.952784526456860e-17
34 36 3.309626967162897e-15 -7.635970036249298e-05
35 36 -4.479855364639333e-04 -3.003668302097868e-17
36 36 -1.214907866889075e-15 -2.805884209301339e-04
37 36 -5.988093111830379e-04 -3.598514714499189e-17
38 36 -2.892046744800234e-15 -6.890821060050922e-04
39 36 -5.008148584535512e-04 -3.971051661489815e-17
0 37 7.508941793701931e-16 3.067469577776280e-03
1 37 -2.136811951068696e-03 6.587035216163743e-17
2 37 -1.875989385230150e-15 2.108594581772585e-03
3 37 -5.736251887821013e-03 5.686334407300466e-17
4 37 -1.868672143178592e-15 -2.108594581772739e-03
5 37 -2.136811951068666e-03 4.456719588465718e-17
6 37 7.907012928159879e-16 -3.067469577776422e-03
7 37 1.570746110244189e-03 3.801979099550370e-17
8 37 2.625940222646765e-15 -1.237602867451660e-03
9 37 1.352886233552092e-03 2.919626800907524e-17
10 37 -1.827428509990331e-15 -3.102927155486598e-04
11 37 8.010824333751996e-04 2.273207395131386e-17
12 37 -4.919620259521694e-15 1.035031448447717e-05
13 37 4.494896985227680e-04 1.766868441913126e-17
14 37 -7.931137792831894e-16 9.966561443236229e-05
15 37 2.544678106243171e-04 1.534419531947282e-17
16 37 -1.376002369694759e-15 1.145861539333067e-04
17 37 1.450734562580986e-04 1.397081759532011e-17
18 37 6.310649787658155e-16 1.094277938081715e-04
19 37 7.944048516171669e-05 1.520418143945443e-17
20 37 -1.724608289093854e-15 1.018397474710914e-04
21 37 3.529671928391051e-05 1.381892590233702e-17
22 37 -5.619678746069157e-16 9.729365637917125e-05
23 37 5.739108156788771e-17 1.101376714029813e-17
24 37 4.798838671492077e-16 9.729365637917842e-05
25 37 -3.529671928379957e-05 6.107508540345316e-18
26 37 1.649636802474489e-15 1.018397474711092e-04
27 37 -7.944048516161727e-05 -2.966873045032823e-18
28 37 -6.888001860653658e-16 1.094277938082034e-04
29 37 -1.450734562580131e-04 -1.498117417562763e-17
30 37 1.340473899113171e-15 1.145861539333560e-04
31 37 -2.544678106242490e-04 -2.842766292776698e-17
32 37 7.808762515244130e-16 9.966561443242953e-05
33 37 -4.494896985227129e-04 -4.312515000512413e-17
34 37 4.925197701642924e-15 1.035031448456288e-05
35 37 -8.010824333751633e-04 -5.502364977729036e-17
36 37 1.850544979367301e-15 -3.102927155485509e-04
37 37 -1.352886233552060e-03 -6.494627343612879e-17
38 37 -2.593323519255896e-15 -1.237602867451534e-03
39 37 -1.570746110244163e-03 -6.890125962757041e-17
0 38 2.510482420597518e-15 1.045160201279290e-02
1 38 -1.298788477276658e-02 7.339233874749580e-17
2 38 1.727359488704783e-15 -8.259044451677710e-17
3 38 -1.298788477276657e-02 5.506792419647558e-17
4 38 2.533057785702645e-15 -1.045160201279307e-02
5 38 6.945322534877420e-03 3.884432443530454e-17
6 38 -7.572140160967261e-16 -2.105016076971819e-03
7 38 3.291009736985751e-03 2.895311793504546e-17
8 38 1.684620330112574e-15 7.154717435945690e-06
9 38 1.354854951069563e-03 1.792937087803055e-17
10 38 1.013383029220959e-15 3.280120691822248e-04
11 38 6.024688694799082e-04 1.198292987082355e-17
12 38 3.798264381457733e-15 3.016650401278175e-04
13 38 2.946383180131567e-04 9.191569412698488e-18
14 38 -1.081620182665004e-16 2.354540071583156e-04
15 38 1.545129022046340e-04 8.295839183086798e-18
16 38 -9.285948949089578e-16 1.831948805320968e-04
17 38 8.293808521823230e-05 1.003860460652815e-17
18 38 -3.248083682886579e-15 1.493403476709270e-04
19 38 4.131079809750034e-05 1.219458111918054e-17
20 38 -5.286709977886412e-15 1.307983926051860e-04
21 38 1.256153313541301e-05 1.153976387703898e-17
22 38 -4.998422091030205e-17 1.249246313015005e-04
23 38 -1.256153313529255e-05 7.337900975914087e-18
24 38 5.188986066891076e-15 1.307983926051981e-04
25 38 -4.131079809738494e-05 -2.704007695229459e-19
26 38 3.160348573116432e-15 1.493403476709520e-04
27 38 -8.293808521812640e-05 -1.271188474207858e-17
28 38 8.580309022327285e-16 1.831948805321390e-04
29 38 -1.545129022045399e-04 -2.793678255978404e-17
30 38 5.396036029230149e-17 2.354540071583777e-04
31 38 -2.946383180130767e-04 -4.533933838506891e-17
32 38 -3.830679766711122e-15 3.016650401279034e-04
33 38 -6.024688694798379e-04 -6.001937358537573e-17
34 38 -1.032263495208161e-15 3.280120691823341e-04
35 38 -1.354854951069510e-03 -7.376204137467741e-17
36 38 -1.680020758296120e-15 7.154717436078468e-06
37 38 -3.291009736985709e-03 -8.009039250146266e-17
38 38 7.607456292603837e-16 -2.105016076971668e-03
39 38 -6.945322534877380e-03 -7.737846168854310e-17
0 39 2.156307725863198e-16 5.543213656368119e-02
1 39 -1.089991616731620e-01 6.512421139341976e-17
2 39 1.951806618619550e-16 -5.543213656368135e-02
3 39 4.498747911333110e-02 4.232772431977057e-17
4 39 -1.112708214166651e-15 3.604723449329813e-06
5 39 6.947396972550385e-03 2.546012191151761e-17
6 39 1.543096530301600e-15 2.115818555310135e-03
7 39 1.574851619617494e-03 7.854428538309014e-18
8 39 -1.418324843540441e-17 1.252009340083652e-03
9 39 5.068308134047944e-04 1.583850096204456e-18
10 39 2.119961488917672e-15 7.071857185057360e-04
11 39 2.079170024791725e-04 -3.695714862697587e-18
12 39 5.400818296200303e-15 4.293225170172633e-04
13 39 9.897362474652699e-05 -3.427694570359077e-18
14 39 -3.389298318590802e-15 2.842898368980865e-04
15 39 5.098611836522322e-05 -8.720582149404585e-19
16 39 -9.152197828603679e-15 2.060711437230494e-04
17 39 2.630475122561963e-05 3.919126292849046e-18
18 39 -1.484684912261311e-15 1.647101279004753e-04
19 39 1.132321456765784e-05 8.209422546162018e-18
20 39 2.237427716499642e-15 1.466818449107200e-04
21 39 5.506054554925078e-17 8.386032578917217e-18
22 39 -2.332691930006375e-15 1.466818449107244e-04
23 39 -1.132321456755172e-05 5.381326297107977e-18
24 39 1.391591817168087e-15 1.647101279004894e-04
25 39 -2.630475122551855e-05 -4.464970251153481e-18
26 39 9.066864144087966e-15 2.060711437230765e-04
27 39 -5.098611836512698e-05 -1.807096535216397e-17
28 39 3.318400401926667e-15 2.842898368981294e-04
29 39 -9.897362474643621e-05 -3.481506585363656e-17
30 39 -5.459606425675752e-15 4.293225170173263e-04
31 39 -2.079170024790937e-04 -5.260826870546005e-17
32 39 -2.163838293126811e-15 7.071857185058217e-04
33 39 -5.068308134047250e-04 -6.602768743133506e-17
34 39 -1.260105794601156e-17 1.252009340083760e-03
35 39 -1.574851619617437e-03 -7.616675372121467e-17
36 39 -1.561683620782023e-15 2.115818555310272e-03
37 39 -6.947396972550358e-03 -7.520222593623809e-17
38 39 1.098591336286641e-15 3.604723449474636e-06
39 39 -4.498747911333112e-02 -6.044500859553464e-17
