0 0 7.500000000000002e-01 5.614746850958766e-17
1 0 1.089987166670750e-01 -1.609241021065793e-17
2 0 -2.574904653203002e-15 -5.543007143786163e-02
3 0 1.298544832125618e-02 1.197374596180248e-17
4 0 -2.536060963406181e-15 -1.044715893490404e-02
5 0 2.132484934249405e-03 1.233854269580468e-17
6 0 -1.381418634674645e-16 -3.060014429905228e-03
7 0 5.226592143163471e-04 2.310538761307129e-17
8 0 1.330682680686144e-15 -1.249469801427612e-03
9 0 1.814001154305676e-04 2.378414751046313e-17
10 0 7.660687598728490e-15 -6.210813685934679e-04
11 0 8.012901903936453e-05 1.782825075832295e-17
12 0 2.159817208522935e-15 -3.435063043282839e-04
13 0 4.190598442380975e-05 8.700607333827823e-18
14 0 2.389101146623203e-15 -1.983397160029291e-04
15 0 2.522722629052074e-05 -6.868531911261280e-19
16 0 -9.370288026134966e-16 -1.109500406680114e-04
17 0 1.755590304987577e-05 -5.404297352811037e-18
18 0 2.790512319148106e-15 -5.013460856634978e-05
19 0 1.447261488231326e-05 -3.264256017435483e-18
20 0 6.677406548786350e-15 6.783330341024488e-18
21 0 1.447261488228412e-05 5.150427865639892e-18
22 0 2.842269125419882e-15 5.013460856636092e-05
23 0 1.755590304980007e-05 1.767158252658133e-17
24 0 -8.520516114440140e-16 1.109500406680176e-04
25 0 2.522722629042555e-05 2.854014235745179e-17
26 0 2.474949250127370e-15 1.983397160029296e-04
27 0 4.190598442373103e-05 3.361485392959127e-17
28 0 2.214586152278294e-15 3.435063043282840e-04
29 0 8.012901903932759e-05 2.958142618640889e-17
30 0 7.662947973445617e-15 6.210813685934764e-04
31 0 1.814001154305806e-04 1.731093920808736e-17
32 0 1.275300517097876e-15 1.249469801427637e-03
33 0 5.226592143163875e-04 -1.894761633853745e-19
34 0 -2.453289478608468e-16 3.060014429905273e-03
35 0 2.132484934249450e-03 -2.257147520618609e-17
36 0 -2.636512011801257e-15 1.044715893490411e-02
37 0 1.298544832125624e-02 -3.937208553429230e-17
38 0 -2.640957445131148e-15 5.543007143786164e-02
39 0 1.089987166670751e-01 -2.458015888695904e-17
0 1 5.805548473219086e-16 5.543489475881092e-02
1 1 1.298823078084590e-02 -1.598239649550089e-17
2 1 -1.962830141401474e-15 4.821341163633926e-06
3 1 5.735050830403917e-03 -5.060273301847081e-18
4 1 -3.668043013361788e-15 -2.101255211992313e-03
5 1 2.081690976543574e-03 9.758119192725519e-18
6 1 2.292586421607789e-15 -1.230473709551975e-03
7 1 8.310161169274029e-04 2.014381317490857e-17
8 1 1.012451246975612e-15 -6.773877954891588e-04
9 1 3.801968039869955e-04 2.496367782167500e-17
10 1 -1.095374028373734e-15 -3.893682574145210e-04
11 1 1.977872865350754e-04 1.771074287483245e-17
12 1 -9.046745167656416e-16 -2.314401132673267e-04
13 1 1.159163123672655e-04 3.110649206824926e-18
14 1 -1.519049677847151e-15 -1.363508622446307e-04
15 1 7.689406305452422e-05 -1.152173709926445e-17
16 1 -4.318180928304939e-16 -7.226209747571891e-05
17 1 5.896512625200529e-05 -2.018905692158844e-17
18 1 1.559885424425586e-15 -2.266670789079363e-05
19 1 5.373250458282249e-05 -1.861002043929573e-17
20 1 1.576406463760052e-15 2.266670789084469e-05
21 1 5.896512625197073e-05 -6.181298261861968e-18
22 1 -3.880135003609768e-16 7.226209747575304e-05
23 1 7.689406305446746e-05 1.416057187899617e-17
24 1 -1.466109397071701e-15 1.363508622446388e-04
25 1 1.159163123672072e-04 3.517933120906536e-17
26 1 -8.616720662537450e-16 2.314401132673119e-04
27 1 1.977872865350309e-04 4.942285169302728e-17
28 1 -1.081507250823929e-15 3.893682574144926e-04
29 1 3.801968039869736e-04 5.012527311918421e-17
30 1 9.815916195778292e-16 6.773877954891403e-04
31 1 8.310161169274006e-04 3.921716675072553e-17
32 1 2.225151029462188e-15 1.230473709551982e-03
33 1 2.081690976543574e-03 1.713151835090129e-17
34 1 -3.770075840210072e-15 2.101255211992356e-03
35 1 5.735050830403912e-03 -8.922364186374507e-18
36 1 -2.028140524354421e-15 -4.821341163542546e-06
37 1 1.298823078084596e-02 -2.751102810656984e-17
38 1 6.795008447411062e-16 -5.543489475881083e-02
39 1 -4.498522909842997e-02 -3.169558935554780e-17
0 2 1.862196142889295e-15 1.045681151615645e-02
1 2 2.138032707991385e-03 -2.112872340330787e-17
2 2 1.213102762028924e-15 2.115707356772898e-03
3 2 2.084417261551883e-03 -8.324090191858407e-18
4 2 -3.526046229344391e-16 9.587104463599610e-06
5 2 1.184517501802788e-03 1.104776307481477e-17
6 2 -3.638748276753503e-15 -3.043021229653630e-04
7 2 6.356320894753125e-04 2.403219179059012e-17
8 2 -3.036433072094928e-15 -2.696315129695551e-04
9 2 3.552161965278950e-04 2.609699419445548e-17
10 2 -2.245241714042490e-15 -1.931624498473598e-04
11 2 2.133594028561433e-04 1.593322455060105e-17
12 2 -5.791416113342455e-15 -1.279130897682715e-04
13 2 1.403239110441852e-04 -2.395056500709984e-18
14 2 -4.328271473219407e-15 -7.720011628578247e-05
15 2 1.033758993264882e-04 -2.127891647541350e-17
16 2 -1.349805450185419e-15 -3.627024919334119e-05
17 2 8.775977261722336e-05 -3.213452076486406e-17
18 2 -1.183813076205669e-15 4.261628600997138e-17
19 2 8.775977261722025e-05 -2.906100982453994e-17
20 2 -1.346397225555118e-15 3.627024919341274e-05
21 2 1.033758993264777e-04 -1.161812058872840e-17
22 2 -4.320057304143058e-15 7.720011628581941e-05
23 2 1.403239110441707e-04 1.605286022102256e-17
24 2 -5.784912172247246e-15 1.279130897682657e-04
25 2 2.133594028561259e-04 4.436635623141415e-17
26 2 -2.247294246973058e-15 1.931624498473213e-04
27 2 3.552161965278737e-04 6.433861391622342e-17
28 2 -3.051607909866703e-15 2.696315129695049e-04
29 2 6.356320894752858e-04 6.877286067122595e-17
30 2 -3.672291805075660e-15 3.043021229653294e-04
31 2 1.184517501802751e-03 5.561393104465963e-17
32 2 -4.015996478219629e-16 -9.587104463595499e-06
33 2 2.084417261551845e-03 2.891759687012100e-17
34 2 1.162079845982253e-15 -2.115707356772850e-03
35 2 2.138032707991374e-03 7.969335963874756e-19
36 2 1.852538323415974e-15 -1.045681151615638e-02
37 2 -6.942634743211278e-03 -2.024175799662850e-17
38 2 1.819430911237141e-15 5.156079784804333e-17
39 2 -6.942634743211277e-03 -2.886948667664825e-17
0 3 -1.194777631539382e-15 3.074532974402348e-03
1 3 5.309134690967343e-04 -1.995054417774771e-17
2 3 3.271034322217261e-16 1.249746416447737e-03
3 3 8.362980834593110e-04 -4.415158644213256e-18
4 3 -1.757971618427020e-15 3.280998980785586e-04
5 3 6.380504828741597e-04 1.402621392790123e-17
6 3 -1.256888857924723e-15 1.399327767607785e-05
7 3 4.247954347435394e-04 2.770218611011114e-17
8 3 4.893917502494091e-16 -6.756172977770974e-05
9 3 2.795261615719350e-04 2.801815759985016e-17
10 3 -9.400364488989443e-16 -7.305999588252820e-05
11 3 1.913865491131451e-04 1.491812307347785e-17
12 3 -9.685356840482241e-16 -5.626500107924222e-05
13 3 1.410112395692028e-04 -6.454776083857105e-18
14 3 2.125737891618651e-16 -3.413939795707675e-05
15 3 1.153012834336824e-04 -2.720675516741217e-17
16 3 -1.056975777690537e-16 -1.135317555258656e-05
17 3 1.074240495042949e-04 -3.879777600733541e-17
18 3 -1.191228377781286e-16 1.135317555268449e-05
19 3 1.153012834337057e-04 -3.451773745056044e-17
20 3 1.800891612198810e-16 3.413939795714545e-05
21 3 1.410112395692398e-04 -1.404671271570687e-17
22 3 -1.009632323467782e-15 5.626500107926385e-05
23 3 1.913865491131796e-04 1.784916025911843e-17
24 3 -9.764416772689344e-16 7.305999588250104e-05
25 3 2.795261615719494e-04 4.950388826251739e-17
26 3 4.630445498153457e-16 6.756172977765093e-05
27 3 4.247954347435235e-04 7.128291007181656e-17
28 3 -1.267941049571838e-15 -1.399327767614027e-05
29 3 6.380504828741092e-04 7.717360493879209e-17
30 3 -1.762274070313271e-15 -3.280998980785966e-04
31 3 8.362980834592380e-04 6.293118532957948e-17
32 3 3.338033766853609e-16 -1.249746416447736e-03
33 3 5.309134690966763e-04 3.822407597444381e-17
34 3 -1.177341788293066e-15 -3.074532974402303e-03
35 3 -1.567781350750695e-03 6.757359748342304e-18
36 3 8.740551711698089e-16 -2.110912665787075e-03
37 3 -3.286426755730334e-03 -1.602515499089527e-17
38 3 8.712286175287686e-16 2.110912665787147e-03
39 3 -1.567781350750661e-03 -2.719508660071252e-17
0 4 -1.294862968603189e-15 1.268975721302062e-03
1 4 1.922227217305322e-04 -1.727790409136570e-17
2 4 -9.457721604177754e-16 7.015754436674514e-04
3 4 3.876670637019675e-04 -2.029250932823378e-18
4 4 -8.278258969879601e-16 2.979992691819790e-04
5 4 3.593927240709330e-04 1.834592487403461e-17
6 4 2.391316988887858e-15 9.935586450998121e-05
7 4 2.809549539354603e-04 3.131213943037836e-17
8 4 3.907102123715209e-15 1.713443784769306e-05
9 4 2.114444322557802e-04 3.120870001736844e-17
10 4 5.516118646133766e-15 -1.059214267306352e-05
11 4 1.626541473681647e-04 1.754401054046444e-17
12 4 7.054418335269572e-16 -1.468526391369855e-05
13 4 1.330256471217572e-04 -5.257997174559193e-18
14 4 -1.692544643884560e-15 -9.062581715196885e-06
15 4 1.192110924584270e-04 -2.801034289506243e-17
16 4 1.108117343660513e-15 5.024890857924673e-17
17 4 1.192110924584535e-04 -4.080401205602953e-17
18 4 -1.742787432834272e-15 9.062581715283098e-06
19 4 1.330256471218271e-04 -3.773130057423016e-17
20 4 6.244763206080715e-16 1.468526391374741e-05
21 4 1.626541473682510e-04 -1.755252319310099e-17
22 4 5.431674228825169e-15 1.059214267306551e-05
23 4 2.114444322558494e-04 1.360364908553260e-17
24 4 3.850716505228076e-15 -1.713443784773249e-05
25 4 2.809549539354806e-04 4.581198519940731e-17
26 4 2.376349061209570e-15 -9.935586451004196e-05
27 4 3.593927240708956e-04 6.869846399741394e-17
28 4 -7.993508157269717e-16 -2.979992691820350e-04
29 4 3.876670637018833e-04 7.617319443637791e-17
30 4 -8.892531128116305e-16 -7.015754436674826e-04
31 4 1.922227217304343e-04 6.449607965614798e-17
32 4 -1.227786726567334e-15 -1.268975721302058e-03
33 4 -4.977086094008867e-04 3.902478105395837e-17
34 4 -1.354627660604649e-15 -1.245044169945959e-03
35 4 -1.348864173233144e-03 1.081304417186934e-17
36 4 1.653002445660026e-15 2.400445000900637e-17
37 4 -1.348864173233115e-03 -1.239987084464308e-17
38 4 -1.396359008947625e-15 1.245044169945997e-03
39 4 -4.977086094008092e-04 -2.273083408853113e-17
0 5 6.922422816738658e-17 6.458727005757692e-04
1 5 9.325836091978059e-05 -1.506650619926989e-17
2 5 -6.960239089052471e-17 4.187586564155647e-04
3 5 2.067800091542472e-04 7.613069629667218e-19
4 5 -1.397619124296614e-16 2.262124747390370e-04
5 5 2.181084000129766e-04 2.194659884410733e-17
6 5 2.047781356157661e-15 1.083574573917955e-04
7 5 1.924625709461287e-04 3.596206717864980e-17
8 5 5.075476888343850e-15 4.630717351753532e-05
9 5 1.616822105836857e-04 3.731559339694751e-17
10 5 4.015505904401258e-15 1.701579347684285e-05
11 5 1.373748055533323e-04 2.429703551441881e-17
12 5 -1.053248028268351e-15 4.931746466717692e-06
13 5 1.226013143553823e-04 1.030387389632230e-18
14 5 -1.268581726107584e-15 8.706006626433562e-07
15 5 1.177031678770868e-04 -2.378892828073767e-17
16 5 -1.306232589273033e-15 -8.706006625643813e-07
17 5 1.226013143554536e-04 -4.073437166851452e-17
18 5 -1.152096888383137e-15 -4.931746466658120e-06
19 5 1.373748055534484e-04 -4.200627486148193e-17
20 5 3.890719931943753e-15 -1.701579347681478e-05
21 5 1.616822105838016e-04 -2.646965060337641e-17
22 5 4.972203384416514e-15 -4.630717351754121e-05
23 5 1.924625709461994e-04 2.140102343977361e-18
24 5 2.001577781093267e-15 -1.083574573918266e-04
25 5 2.181084000129758e-04 3.357994830087106e-17
26 5 -1.156608350281286e-16 -2.262124747390793e-04
27 5 2.067800091541736e-04 5.788784076653955e-17
28 5 1.025639721245325e-17 -4.187586564156000e-04
29 5 9.325836091965910e-05 6.777257638657122e-17
30 5 1.738030314102869e-16 -6.458727005757862e-04
31 5 -1.970920373797290e-04 5.927384542860423e-17
32 5 1.370177210385230e-15 -6.970826227717155e-04
33 5 -5.956502858671634e-04 3.712667139345028e-17
34 5 3.433291128386704e-16 -3.187610354194733e-04
35 5 -7.967538644158187e-04 1.151360519388342e-17
36 5 3.084305837308633e-16 3.187610354194908e-04
37 5 -5.956502858670902e-04 -1.039424849464710e-17
38 5 1.284078699344475e-15 6.970826227717193e-04
39 5 -1.970920373796092e-04 -2.125586953347571e-17
0 6 7.498146963507550e-16 3.742021051289963e-04
1 6 5.691092332518303e-05 -1.751940715893198e-17
2 6 1.321270702113002e-15 2.666899452029366e-04
3 6 1.253425828832701e-04 1.132042005793762e-18
4 6 -1.572367704912621e-15 1.661136557311879e-04
5 6 1.437175591071244e-04 2.525024970923836e-17
6 6 -4.930999428416545e-16 9.502113800398523e-05
7 6 1.388678697764971e-04 4.305401058496876e-17
8 6 -2.914862902126988e-16 5.090635705540957e-05
9 6 1.272894375883966e-04 4.722218710985514e-17
10 6 -1.786779253519774e-15 2.522689040532639e-05
11 6 1.169960763063115e-04 3.542143927411436e-17
12 6 3.407220194657800e-16 1.022503989360822e-05
13 6 1.112970968176318e-04 1.017329399193559e-17
14 6 4.400992105427611e-15 2.327250146081032e-17
15 6 1.112970968176763e-04 -1.919580764525169e-17
16 6 2.569680201396705e-16 -1.022503989356522e-05
17 6 1.169960763064250e-04 -4.256092997091930e-17
18 6 -1.924127201993413e-15 -2.522689040529272e-05
19 6 1.272894375885383e-04 -5.077664733314440e-17
20 6 -4.325089543156878e-16 -5.090635705538892e-05
21 6 1.388678697766103e-04 -4.056962003767523e-17
22 6 -5.856158399233687e-16 -9.502113800397732e-05
23 6 1.437175591071697e-04 -1.540596594382058e-17
24 6 -1.581223400244805e-15 -1.661136557311900e-04
25 6 1.253425828832327e-04 1.610979673160198e-17
26 6 1.395192597674921e-15 -2.666899452029454e-04
27 6 5.691092332507624e-05 4.337395401679640e-17
28 6 8.744466523860482e-16 -3.742021051290064e-04
29 6 -8.693851501926362e-05 5.643523227935578e-17
30 6 2.624368577191548e-16 -4.146416541720849e-04
31 6 -2.877358966449819e-04 5.268018892461298e-17
32 6 1.728857023919741e-15 -2.892004552116981e-04
33 6 -4.457471341411924e-04 3.420294107126021e-17
34 6 -1.006907919321055e-15 -3.314761565571070e-18
35 6 -4.457471341411503e-04 8.748667747236693e-18
36 6 1.648565595960016e-15 2.892004552116895e-04
37 6 -2.877358966448722e-04 -1.326335386974912e-17
38 6 1.357078903231103e-16 4.146416541720746e-04
39 6 -8.693851501912702e-05 -2.270803660659725e-17
0 7 -1.255095978187915e-15 2.361005545144163e-04
1 7 4.146164261020802e-05 -2.127330779671419e-17
2 7 -8.009210056454651e-16 1.787522246912803e-04
3 7 8.507696308450023e-05 1.438343959296533e-18
4 7 -1.939269964584832e-15 1.216486943608451e-04
5 7 1.024469679421493e-04 2.965689502066961e-17
6 7 -4.087219623398918e-15 7.679348996500070e-05
7 7 1.056084725037470e-04 5.209875524535753e-17
8 7 -2.727432277143344e-15 4.507365696992553e-05
9 7 1.032071908151787e-04 5.973897712704083e-17
10 7 -3.027329065396330e-15 2.320874856225722e-05
11 7 1.002066127113973e-04 4.780302462740056e-17
12 7 7.120410998036598e-16 7.112253256596715e-06
13 7 9.897831281458665e-05 1.928431309215048e-17
14 7 6.680288803550822e-16 -7.112253256594969e-06
15 7 1.002066127114801e-04 -1.689613272571916e-17
16 7 -3.145998848241146e-15 -2.320874856224701e-05
17 7 1.032071908153136e-04 -4.753147385940839e-17
18 7 -2.874812550954228e-15 -4.507365696990229e-05
19 7 1.056084725038827e-04 -6.276614925549333e-17
20 7 -4.210725859355619e-15 -7.679348996496481e-05
21 7 1.024469679422355e-04 -5.731762716852618e-17
22 7 -1.988781008262930e-15 -1.216486943608033e-04
23 7 8.507696308450772e-05 -3.318233605814185e-17
24 7 -7.598675790887827e-16 -1.787522246912431e-04
25 7 4.146164261013480e-05 -1.827823180691787e-19
26 7 -1.142991899675329e-15 -2.361005545143940e-04
27 7 -3.843854059846985e-05 3.099213180079230e-17
28 7 3.646237735473411e-16 -2.631491198885944e-04
29 7 -1.485338997447989e-04 4.811278857392236e-17
30 7 -2.304871637404346e-15 -2.183429214585231e-04
31 7 -2.524535077109320e-04 4.649327451989067e-17
32 7 -2.296146292049646e-15 -8.637449745317584e-05
33 7 -2.961421160794186e-04 2.849821152817061e-17
34 7 -2.340619888803143e-15 8.637449745314890e-05
35 7 -2.524535077108522e-04 2.800565826085811e-18
36 7 -2.420729979882960e-15 2.183429214585078e-04
37 7 -1.485338997446712e-04 -1.887364747518029e-17
38 7 2.249414659741373e-16 2.631491198885985e-04
39 7 -3.843854059834482e-05 -2.847387351953568e-17
0 8 -1.825131457190164e-15 1.578161446297812e-04
1 8 3.410867651397114e-05 -2.508960979437727e-17
2 8 -8.547498889643437e-16 1.241443537043422e-04
3 8 6.338434944943288e-05 2.649358142041404e-18
4 8 1.269101473899270e-15 8.906730407891510e-05
5 8 7.802659373285937e-05 3.587559773070875e-17
6 8 -2.365984209632562e-15 5.904378931772493e-05
7 8 8.381277517400492e-05 6.246239187537362e-17
8 8 -3.090813410716413e-15 3.526266650609006e-05
9 8 8.532977060846344e-05 7.103077566924990e-17
10 8 -2.493179788682703e-15 1.635198434693087e-05
11 8 8.543122891831065e-05 5.761225066444204e-17
12 8 8.011484240747006e-16 -2.422500535487090e-17
13 8 8.543122891834847e-05 2.459237595127639e-17
14 8 -2.568958368020050e-15 -1.635198434696754e-05
15 8 8.532977060856262e-05 -1.779770685688629e-17
16 8 -3.214632995992628e-15 -3.526266650609437e-05
17 8 8.381277517412863e-05 -5.420131360893801e-17
18 8 -2.488851322555901e-15 -5.904378931768880e-05
19 8 7.802659373296239e-05 -7.327150101920767e-17
20 8 1.192369062792820e-15 -8.906730407884607e-05
21 8 6.338434944947457e-05 -6.912556612892475e-17
22 8 -8.563041154033418e-16 -1.241443537042601e-04
23 8 3.410867651394266e-05 -4.438351484813691e-17
24 8 -1.750532806945013e-15 -1.578161446297101e-04
25 8 -1.423074954289800e-05 -8.155687858501938e-18
26 8 -6.394317079185825e-16 -1.759937875474891e-04
27 8 -7.930064521814672e-05 2.431900248581722e-17
28 8 -1.804196841210469e-15 -1.596136965099815e-04
29 8 -1.463362932750371e-04 4.328666101250447e-17
30 8 6.074846189473149e-16 -9.707810550599082e-05
31 8 -1.902257063715427e-04 4.197477451566447e-17
32 8 -1.539891988249774e-15 -2.108034362730964e-17
33 8 -1.902257063715070e-04 2.313753660558152e-17
34 8 5.323591884580771e-16 9.707810550595987e-05
35 8 -1.463362932749431e-04 -4.662968021600445e-18
36 8 -1.925183675509531e-15 1.596136965099818e-04
37 8 -7.930064521803200e-05 -2.794148886478588e-17
38 8 -7.613538109187135e-16 1.759937875475294e-04
39 8 -1.423074954280849e-05 -3.546118124847763e-17
0 9 6.662164266825652e-16 1.095617368907332e-04
1 9 3.009083680989317e-05 -2.651366356897356e-17
2 9 1.264559924831250e-15 8.802001756963967e-05
3 9 5.055605860738125e-05 5.060487566712470e-18
4 9 -5.653294069347149e-16 6.475347955172210e-05
5 9 6.235093871136427e-05 4.205385389078485e-17
6 9 -6.218358870452659e-16 4.331213884503589e-05
7 9 6.835368467040898e-05 7.039129206171451e-17
8 9 -4.035011734660680e-15 2.458568099166219e-05
9 9 7.096713139293555e-05 7.876284133348046e-17
10 9 4.693430441312987e-15 7.942556770309398e-06
11 9 7.167431705592813e-05 6.199188642154970e-17
12 9 4.664765906030623e-15 -7.942556770396756e-06
13 9 7.096713139298842e-05 2.510706533448129e-17
14 9 -4.110652593993665e-15 -2.458568099171593e-05
15 9 6.835368467049344e-05 -1.993929894877774e-17
16 9 -7.152187940919127e-16 -4.331213884503087e-05
17 9 6.235093871144863e-05 -5.845350527607033e-17
18 9 -6.406800932409936e-16 -6.475347955165743e-05
19 9 5.055605860743493e-05 -7.670268718228844e-17
20 9 1.235834396912964e-15 -8.802001756953540e-05
21 9 3.009083680989839e-05 -7.137997971540193e-17
22 9 6.994877784880844e-16 -1.095617368906233e-04
23 9 -1.130983323526959e-06 -4.477302331861319e-17
24 9 -1.404664115710796e-15 -1.223442104330282e-04
25 9 -4.208464722741343e-05 -7.044980156640994e-18
26 9 9.961642272661947e-16 -1.169389993035650e-04
27 9 -8.617974092065438e-05 2.606571247617569e-17
28 9 -9.711399082104401e-16 -8.617924536475272e-05
29 9 -1.213242596835437e-04 4.225698724946785e-17
30 9 3.416537377924275e-15 -3.195827224517369e-05
31 9 -1.348723551166666e-04 3.830443157430415e-17
32 9 3.387303611989553e-15 3.195827224512353e-05
33 9 -1.213242596834943e-04 1.588789603190548e-17
34 9 -1.049902274938534e-15 8.617924536473400e-05
35 9 -8.617974092057552e-05 -1.289040222778888e-17
36 9 8.988772557289434e-16 1.169389993035980e-04
37 9 -4.208464722733568e-05 -3.586041361903280e-17
38 9 -1.485649426584096e-15 1.223442104331110e-04
39 9 -1.130983323480783e-06 -4.139861423498819e-17
0 10 8.485847650261069e-16 7.775831297968733e-05
1 10 2.739940873364735e-05 -2.633718525988499e-17
2 10 1.761687873417685e-15 6.283491821647268e-05
3 10 4.208422421760162e-05 6.900325868123469e-18
4 10 2.385738942941996e-15 4.624270927979026e-05
5 10 5.127229586211242e-05 4.499506543918847e-17
6 10 -5.736273353178856e-17 2.998450742141991e-05
7 10 5.638919627206770e-05 7.218569967328931e-17
8 10 -1.522639651050517e-16 1.466023205598730e-05
9 10 5.862459083752583e-05 7.823915007908151e-17
10 10 6.708955892372945e-15 -6.161085922775595e-17
11 10 5.862459083753888e-05 6.053786707720752e-17
12 10 -1.795968025555526e-16 -1.466023205608855e-05
13 10 5.638919627210109e-05 2.388513556330508e-17
14 10 -1.029970795131835e-16 -2.998450742146268e-05
15 10 5.127229586215308e-05 -1.976659512241292e-17
16 10 2.340967486158660e-15 -4.624270927975910e-05
17 10 4.208422421763391e-05 -5.384313591204316e-17
18 10 1.736777044135614e-15 -6.283491821637842e-05
19 10 2.739940873365991e-05 -6.934109005384137e-17
20 10 8.551824925049113e-16 -7.775831297956300e-05
21 10 6.227510875890850e-06 -6.071954089741523e-17
22 10 1.642725184510218e-15 -8.728738202599496e-05
23 10 -2.089752737142302e-05 -3.308412374805982e-17
24 10 3.777071913287621e-16 -8.646721220363121e-05
25 10 -5.076823699423612e-05 2.009565522036903e-18
26 10 -2.558453615965818e-15 -7.103584376673251e-05
27 10 -7.726436312275417e-05 3.084752630224797e-17
28 10 1.989317842969998e-16 -4.045055485307521e-05
29 10 -9.306709930344521e-05 4.228978940848501e-17
30 10 -9.607469113857259e-16 -3.167962673099514e-17
31 10 -9.306709930343259e-05 3.380848687280249e-17
32 10 1.657837172924123e-16 4.045055485303089e-05
33 10 -7.726436312272180e-05 9.046093806367675e-18
34 10 -2.611635230507074e-15 7.103584376673866e-05
35 10 -5.076823699419682e-05 -2.090570358753904e-17
36 10 3.224657589430541e-16 8.646721220369778e-05
37 10 -2.089752737139166e-05 -4.205556822935743e-17
38 10 1.605267398382930e-15 8.728738202610776e-05
39 10 6.227510875902486e-06 -4.478085264485068e-17
0 11 -1.855852831960754e-15 5.566104606036812e-05
1 11 2.514010431298757e-05 -2.550198489214502e-17
2 11 -9.047391454425075e-17 4.457394385911847e-05
3 11 3.578653906411683e-05 6.312048344101395e-18
4 11 6.356453656151319e-16 3.199726778693261e-05
5 11 4.266919223526450e-05 4.110180255404983e-17
6 11 1.671380921265816e-15 1.910901556766692e-05
7 11 4.644828264384948e-05 6.528835119635413e-17
8 11 5.610138122910343e-15 6.339631592790967e-06
9 11 4.764402681713137e-05 7.120304462391337e-17
10 11 5.612395163167098e-15 -6.339631592916208e-06
11 11 4.644828264384352e-05 5.613288884064776e-17
12 11 1.673165900690881e-15 -1.910901556774982e-05
13 11 4.266919223525313e-05 2.396139247773919e-17
14 11 6.389572891413252e-16 -3.199726778694641e-05
15 11 3.578653906410543e-05 -1.200994229232478e-17
16 11 -8.586974143344152e-17 -4.457394385906027e-05
17 11 2.514010431297857e-05 -3.996812332631977e-17
18 11 -1.848694895159933e-15 -5.566104606026080e-05
19 11 1.029771757905750e-05 -5.073224757776892e-17
20 11 -4.758269771507741e-16 -6.318477711405484e-05
21 11 -8.394387177659951e-06 -4.082076114636079e-17
22 11 1.561552159147415e-15 -6.440804253332853e-05
23 11 -2.923442038989504e-05 -1.664266337186065e-17
24 11 1.165624788841354e-15 -5.678879515016542e-05
25 11 -4.894872292794954e-05 1.286706333815014e-17
26 11 9.742248180632674e-16 -3.939025572890906e-05
27 11 -6.329811889329510e-05 3.439315380523464e-17
28 11 3.903396632071861e-16 -1.413971201131569e-05
29 11 -6.857639969474208e-05 4.053041094767889e-17
30 11 3.879347092208254e-16 1.413971201125218e-05
31 11 -6.329811889330028e-05 2.880250324548608e-17
32 11 9.670953310260398e-16 3.939025572888263e-05
33 11 -4.894872292795816e-05 3.781264771341515e-18
34 11 1.156905253991834e-15 5.678879515019733e-05
35 11 -2.923442038990335e-05 -2.470329090541700e-17
36 11 1.551530842662134e-15 6.440804253341612e-05
37 11 -8.394387177663514e-06 -4.303477466382389e-17
38 11 -4.851770754716484e-16 6.318477711417200e-05
39 11 1.029771757906122e-05 -4.476182326795257e-17
0 12 -1.851888476297048e-15 3.969857222626171e-05
1 12 2.293806093163348e-05 -2.813923564892046e-17
2 12 -2.222127947595924e-15 3.100914958121036e-05
3 12 3.061535683202650e-05 -2.314622975940723e-18
4 12 -5.353926747713231e-16 2.106428101481544e-05
5 12 3.550348272883565e-05 2.761559668546199e-17
6 12 4.546430149684411e-16 1.060817352707430e-05
7 12 3.785920696122666e-05 5.079135791030547e-17
8 12 -1.425193728802059e-15 -5.697279309453760e-17
9 12 3.785920696120709e-05 5.924608715965673e-17
10 12 4.849866332277731e-16 -1.060817352716928e-05
11 12 3.550348272878579e-05 5.086114857465398e-17
12 12 -4.867631019034487e-16 -2.106428101486144e-05
13 12 3.061535683196481e-05 2.893913406377047e-17
14 12 -2.171363236450991e-15 -3.100914958119472e-05
15 12 2.293806093158209e-05 3.182333052960074e-18
16 12 -1.817172175181032e-15 -3.969857222619298e-05
17 12 1.233467535940261e-05 -1.866961312348446e-17
18 12 1.526106529595804e-15 -4.591575195941848e-05
19 12 -9.210066255178692e-07 -2.699976408423514e-17
20 12 2.985332949437803e-15 -4.807812712993478e-05
21 12 -1.583859713122501e-05 -2.090346149340980e-17
22 12 -1.065641757268879e-15 -4.464196158483405e-05
23 12 -3.055905074644848e-05 -3.274949101782979e-18
24 12 -3.775782967579195e-15 -3.478945508846971e-05
25 12 -4.256814742686759e-05 1.750350777849546e-17
26 12 -1.721563153640750e-15 -1.913717349592004e-05
27 12 -4.936398089025260e-05 3.355976376161761e-17
28 12 1.717949664316728e-15 -3.240268155746896e-17
29 12 -4.936398089027000e-05 3.609198956000768e-17
30 12 -1.698357248421037e-15 1.913717349587164e-05
31 12 -4.256814742691295e-05 2.450322827033545e-17
32 12 -3.737376156909085e-15 3.478945508846332e-05
33 12 -3.055905074650312e-05 1.876057449938356e-18
34 12 -1.029348020228248e-15 4.464196158487871e-05
35 12 -1.583859713126820e-05 -2.247378861552880e-17
36 12 3.002966292720822e-15 4.807812713001895e-05
37 12 -9.210066255307565e-07 -3.992140884137009e-17
38 12 1.518925607208965e-15 4.591575195951088e-05
39 12 1.233467535942608e-05 -4.252832183808963e-17
0 13 -1.596499697428335e-15 2.787680973865131e-05
1 13 2.068613678525816e-05 -3.666197475941375e-17
2 13 -2.132528231591774e-15 2.084402285648934e-05
3 13 2.610872925303985e-05 -1.917517863935507e-17
4 13 -4.136025777351512e-15 1.281805676469456e-05
5 13 2.932012844657620e-05 6.737434410220983e-18
6 13 -4.069991262409642e-15 4.318056229817803e-06
7 13 3.038011417910512e-05 3.139004744575007e-17
8 13 -4.041906602331123e-15 -4.318056229886920e-06
9 13 2.932012844651769e-05 4.738003307651558e-17
10 13 -4.062626616670467e-15 -1.281805676474153e-05
11 13 2.610872925294427e-05 5.014182661624550e-17
12 13 -2.040720226924606e-15 -2.084402285649961e-05
13 13 2.068613678516067e-05 3.999759325009102e-17
14 13 -1.519739657076927e-15 -2.787680973862437e-05
15 13 1.306555324113379e-05 2.172158976428038e-17
16 13 -4.473692139290631e-16 -3.315473217003169e-05
17 13 3.487622715254400e-06 3.751349997341044e-18
18 13 2.280902565974207e-15 -3.571725705585672e-05
19 13 -7.413071121184359e-06 -7.471337098046893e-18
20 13 -3.930503155832620e-16 -3.460097252709866e-05
21 13 -1.850964672415781e-05 -8.731436768953338e-18
22 13 -1.630739517796590e-15 -2.918637707325142e-05
23 13 -2.825476986313463e-05 -3.464022994214955e-19
24 13 2.691624774165389e-16 -1.959216749926172e-05
25 13 -3.498424122732815e-05 1.459468688414413e-17
26 13 2.246397052324915e-15 -6.911450650299301e-06
27 13 -3.739299720772468e-05 2.709848849465828e-17
28 13 2.271751270840979e-15 6.911450650250278e-06
29 13 -3.498424122738383e-05 3.140438563995772e-17
30 13 3.368680676936428e-16 1.959216749923331e-05
31 13 -2.825476986322437e-05 2.395578076485902e-17
32 13 -1.548472248326658e-15 2.918637707325554e-05
33 13 -1.850964672424595e-05 6.888875175636517e-18
34 13 -3.292364119294666e-16 3.460097252713528e-05
35 13 -7.413071121236546e-06 -1.525390470475570e-17
36 13 2.301462678295865e-15 3.571725705591110e-05
37 13 3.487622715259007e-06 -3.419891797576437e-17
38 13 -4.816193163137704e-16 3.315473217008285e-05
39 13 1.306555324119544e-05 -4.264380461193363e-17
0 14 9.021615673811011e-16 1.902219640572857e-05
1 14 1.841904029418988e-05 -5.208295430277987e-17
2 14 1.041070029983379e-15 1.327364364281805e-05
3 14 2.210823043904704e-05 -4.101253723834028e-17
4 14 -2.140109959657051e-15 6.800163315030703e-06
5 14 2.396100713393581e-05 -1.643658511060423e-17
6 14 -3.791470671313363e-15 -6.426815421847799e-18
7 14 2.396100713389785e-05 1.394803496330853e-17
8 14 -2.070860749705307e-15 -6.800163315040798e-06
9 14 2.210823043894530e-05 3.999665494042313e-17
10 14 1.152616732831370e-15 -1.327364364282174e-05
11 14 1.841904029406445e-05 5.400084675961600e-17
12 14 1.014992140738769e-15 -1.902219640572364e-05
13 14 1.297008015253645e-05 5.324650806089154e-17
14 14 -1.431778081051683e-15 -2.353218519304724e-05
15 14 5.976743508933494e-06 3.910474120606981e-17
16 14 6.009031130984881e-16 -2.618781684051161e-05
17 14 -2.117158074290922e-06 1.865594046832032e-17
18 14 -8.498294533436539e-16 -2.636614171304975e-05
19 14 -1.057964088373799e-05 -3.755808288277051e-21
20 14 -2.710458960062845e-15 -2.361597060842572e-05
21 14 -1.841275059838799e-05 -9.990955416837132e-18
22 14 -4.349401514930426e-17 -1.787773513171263e-05
23 14 -2.449478246463004e-05 -8.178735749971878e-18
24 14 9.031793093805010e-16 -9.650813554379745e-06
25 14 -2.783076951270209e-05 3.541967134570679e-18
26 14 1.610241902490014e-15 -1.272579686566408e-17
27 14 -2.783076951273943e-05 1.903553561868717e-17
28 14 9.705780712459530e-16 9.650813554357560e-06
29 14 -2.449478246472574e-05 2.987706148193083e-17
30 14 6.630809748925673e-17 1.787773513169873e-05
31 14 -1.841275059850653e-05 3.042183516887688e-17
32 14 -2.601699223543296e-15 2.361597060842326e-05
33 14 -1.057964088383271e-05 1.741865912318028e-17
34 14 -7.838367255313751e-16 2.636614171305608e-05
35 14 -2.117158074324277e-06 -4.491362431104833e-18
36 14 5.980005445578464e-16 2.618781684052369e-05
37 14 5.976743508973459e-06 -2.946016607525068e-17
38 14 -1.504501078744907e-15 2.353218519305815e-05
39 14 1.297008015263691e-05 -4.710021996407742e-17
0 15 1.627443683966475e-15 1.240186517828048e-05
1 15 1.623981474390775e-05 -7.125495274939381e-17
2 15 1.571876319789349e-15 7.755557336767194e-06
3 15 1.860066275502110e-05 -6.346457290751427e-17
4 15 -6.786951368036704e-16 2.635665918017660e-06
5 15 1.939589985449535e-05 -3.529252411289477e-17
6 15 -6.386998044172771e-16 -2.635665917966182e-06
7 15 1.860066275494462e-05 3.261836109471614e-18
8 15 1.675311460955662e-15 -7.755557336729586e-06
9 15 1.623981474378418e-05 3.886819953077368e-17
10 15 1.755600162338544e-15 -1.240186517826610e-05
11 15 1.240125039056578e-05 6.138596129207339e-17
12 15 2.704792084940575e-15 -1.620465181815276e-05
13 15 7.271756693221400e-06 6.456426048906317e-17
14 15 -1.969586916633473e-15 -1.874690419301900e-05
15 15 1.182606329191252e-06 4.761325608979511e-17
16 15 -1.101295748662543e-15 -1.960968071466054e-05
17 15 -5.357208993706969e-06 1.920676040311248e-17
18 15 -1.773458865798299e-15 -1.846515252927533e-05
19 15 -1.166800977179892e-05 -8.547720995448652e-18
20 15 2.415119742494639e-15 -1.519944467379973e-05
21 15 -1.696965388469401e-05 -2.543010104578714e-17
22 15 3.672928615593666e-17 -1.002163738707834e-05
23 15 -2.051650970108292e-05 -2.486937317932338e-17
24 15 -2.869134952855193e-15 -3.501890662273169e-06
25 15 -2.176531696806678e-05 -9.348467332870276e-18
26 15 -2.828993676079119e-15 3.501890662283406e-06
27 15 -2.051650970115849e-05 1.493085512536901e-17
28 15 1.434916850400485e-16 1.002163738707825e-05
29 15 -1.696965388481521e-05 3.550440998318694e-17
30 15 2.545498068739424e-15 1.519944467378398e-05
31 15 -1.166800977192090e-05 4.321313792850024e-17
32 15 -1.667096302284547e-15 1.846515252924561e-05
33 15 -5.357208993782227e-06 3.256139500553874e-17
34 15 -1.060235785716321e-15 1.960968071462569e-05
35 15 1.182606329191344e-06 5.803800806649943e-18
36 15 -2.008631819190090e-15 1.874690419299089e-05
37 15 7.271756693297469e-06 -2.806888802305913e-17
38 15 2.600993070047236e-15 1.620465181814256e-05
39 15 1.240125039068879e-05 -5.739944056403727e-17
0 16 4.897186968936333e-15 7.528065185844638e-06
1 16 1.427299469181282e-05 -8.817941411385452e-17
2 16 1.347862587019955e-15 3.893940775748225e-06
3 16 1.562602967336289e-05 -7.834650881530380e-17
4 16 -4.129281105367730e-16 5.659186755737587e-17
5 16 1.562602967332706e-05 -4.415713022449752e-17
6 16 1.419241744068870e-15 -3.893940775651726e-06
7 16 1.427299469171834e-05 1.976853966821714e-18
8 16 5.013566250432850e-15 -7.528065185792031e-06
9 16 1.163670988140713e-05 4.463155632256218e-17
10 16 1.834860117787248e-15 -1.062707668622745e-05
11 16 7.870100568352114e-06 6.857409082197635e-17
12 16 -4.879152989109991e-16 -1.289768325352887e-05
13 16 3.229759202816364e-06 6.703299862446780e-17
14 16 3.176591171408177e-16 -1.404940733030893e-05
15 16 -1.908254348136959e-06 4.148146728339429e-17
16 16 1.018970552789885e-15 -1.384266168269252e-05
17 16 -7.052797213140545e-06 4.154385055876603e-18
18 16 2.357016583054423e-16 -1.215701578790887e-05
19 16 -1.163600707987748e-05 -3.004425956468310e-17
20 16 -2.590416166858828e-15 -9.059156603110817e-06
21 16 -1.508986368722436e-05 -4.819126143044046e-17
22 16 -1.021692627666284e-15 -4.840783687715895e-06
23 16 -1.694867168543546e-05 -4.267317975883228e-17
24 16 7.623478366633596e-17 2.706750255304075e-17
25 16 -1.694867168547193e-05 -1.659527039520820e-17
26 16 -9.465625941754949e-16 4.840783687756786e-06
27 16 -1.508986368732083e-05 1.933428399109597e-17
28 16 -2.467258465998446e-15 9.059156603115926e-06
29 16 -1.163600707999717e-05 4.992105984016747e-17
30 16 3.589963955405251e-16 1.215701578787082e-05
31 16 -7.052797213239021e-06 6.139281988941845e-17
32 16 1.097173679149335e-15 1.384266168262271e-05
33 16 -1.908254348176800e-06 4.772744710618782e-17
34 16 3.224380236238161e-16 1.404940733023412e-05
35 16 3.229759202850406e-06 1.333570405686859e-17
36 16 -5.561526988908037e-16 1.289768325347817e-05
37 16 7.870100568446165e-06 -3.161422302556159e-17
38 16 1.720343402291504e-15 1.062707668622496e-05
39 16 1.163670988152340e-05 -6.968835222989933e-17
0 17 5.269501892611475e-15 4.058530476900846e-06
1 17 1.263488198172800e-05 -9.668987730340274e-17
2 17 2.008391459178996e-15 1.385825734422670e-06
3 17 1.322570909072242e-05 -8.159764249779552e-17
4 17 2.039433857129940e-15 -1.385825734274388e-06
5 17 1.263488198167515e-05 -4.121088294230302e-17
6 17 5.350450729580674e-15 -4.058530476798147e-06
7 17 1.089986909892850e-05 9.733084405296529e-18
8 17 -2.190468242759977e-16 -6.431420667700292e-06
9 17 8.136229788547375e-06 5.169140441476231e-17
10 17 -3.802063824947203e-15 -8.298774010857908e-06
11 17 4.544897469508196e-06 6.995876780848108e-17
12 17 -1.523259312428647e-15 -9.459285481317668e-06
13 17 4.174484972098864e-07 5.856241585721022e-17
14 17 -2.385331805810039e-15 -9.740228660622124e-06
15 17 -3.869333905246280e-06 2.302252266739467e-17
16 17 3.310201092260330e-15 -9.034485071993164e-06
17 17 -7.877969201700363e-06 -2.123624667313927e-17
18 17 -6.891553445917292e-16 -7.341194159733489e-06
19 17 -1.115774870489265e-05 -5.711593008495556e-17
20 17 1.835863395573718e-15 -4.794863919700742e-06
21 17 -1.331059106458757e-05 -6.889917885514411e-17
22 17 -2.629663836794558e-15 -1.667153566990208e-06
23 17 -1.406107700502830e-05 -5.286923644796923e-17
24 17 -2.597144966841781e-15 1.667153567080606e-06
25 17 -1.331059106464450e-05 -1.340156937574436e-17
26 17 1.923844516245381e-15 4.794863919751246e-06
27 17 -1.115774870498451e-05 3.257447162042073e-17
28 17 -5.795610402635475e-16 7.341194159720453e-06
29 17 -7.877969201793369e-06 6.788825121252230e-17
30 17 3.401252943393996e-15 9.034485071918844e-06
31 17 -3.869333905305581e-06 7.844714094303233e-17
32 17 -2.345339842684001e-15 9.740228660514148e-06
33 17 4.174484972052251e-07 5.882373282791065e-17
34 17 -1.547011389021815e-15 9.459285481219448e-06
35 17 4.544897469558541e-06 1.528097662989898e-17
36 17 -3.878853668933235e-15 8.298774010811383e-06
37 17 8.136229788631416e-06 -3.725773986748987e-17
38 17 -3.183545293629005e-16 6.431420667729783e-06
39 17 1.089986909901382e-05 -7.947381545106930e-17
0 18 1.248741718788948e-15 1.748308886967262e-06
1 18 1.141621562282824e-05 -9.189740560328318e-17
2 18 -2.998531688412022e-15 8.467051067490678e-17
3 18 1.141621562281183e-05 -7.025741643449879e-17
4 18 1.286597603334283e-15 -1.748308886825136e-06
5 18 1.036847368244359e-05 -2.715117954176446e-17
6 18 -1.949891411220937e-15 -3.363621608916252e-06
7 18 8.349924566003573e-06 2.139969583339539e-17
8 18 -2.999838996551732e-15 -4.712456030539639e-06
9 18 5.515877154073207e-06 5.569755511806646e-17
10 18 -2.764050635516205e-15 -5.664721948461569e-06
11 18 2.099969612606202e-06 6.223807682812012e-17
12 18 -1.150769471457147e-15 -6.104897684618494e-06
13 18 -1.592347046619360e-06 3.922107449294664e-17
14 18 2.317192804409557e-15 -5.950634708971203e-06
15 18 -5.202084120997509e-06 -3.334571633486907e-18
16 18 2.460153791611620e-15 -5.175175434124715e-06
17 18 -8.349844178975939e-06 -4.857650641329978e-17
18 18 2.720495774368181e-15 -3.826468146808689e-06
19 18 -1.068221703093678e-05 -7.766783345253045e-17
20 18 -8.355309681307134e-17 -2.034427350330991e-06
21 18 -1.192396826230585e-05 -7.876467917911651e-17
22 18 1.378756841953808e-15 6.409748131630081e-17
23 18 -1.192396826232447e-05 -4.956301159433983e-17
24 18 -4.080463665696047e-17 2.034427350433131e-06
25 18 -1.068221703098547e-05 -1.846906750499893e-19
26 18 2.790867674172482e-15 3.826468146843435e-06
27 18 -8.349844179037098e-06 5.085720593819977e-17
28 18 2.532470887672060e-15 5.175175434076424e-06
29 18 -5.202084121048611e-06 8.435152809281847e-17
30 18 2.365943796441462e-15 5.950634708858147e-06
31 18 -1.592347046642405e-06 8.900422720888229e-17
32 18 -1.142270864569736e-15 6.104897684486046e-06
33 18 2.099969612617345e-06 6.159344166371502e-17
34 18 -2.797257739435387e-15 5.664721948363270e-06
35 18 5.515877154114454e-06 1.123343663427760e-17
36 18 -3.059625264900798e-15 4.712456030517675e-06
37 18 8.349924566055952e-06 -4.278007563773696e-17
38 18 -2.011196456462207e-15 3.363621608984946e-06
39 18 1.036847368248693e-05 -8.188731203684034e-17
0 19 -2.254692733217175e-15 4.287730484923152e-07
1 19 1.067355891894106e-05 -7.427285469327427e-17
2 19 -2.247476441269460e-15 -4.287730483426177e-07
3 19 1.017845444986545e-05 -4.894724905047306e-17
4 19 -2.023214354371498e-15 -1.253102448120755e-06
5 19 8.731496378231055e-06 -8.526688495717898e-18
6 19 -3.707538932484400e-15 -1.977911147907501e-06
7 19 6.447601310704864e-06 3.060157160370336e-17
8 19 -3.888387674977009e-16 -2.538286800132680e-06
9 19 3.516640177128983e-06 5.240685847293045e-17
10 19 1.024393032990650e-15 -2.874631678914254e-06
11 19 1.973014299331993e-07 4.629268524090059e-17
12 19 -6.257699596508698e-16 -2.939883638322076e-06
13 19 -3.197383789341816e-06 1.550619701723406e-17
14 19 5.634245337128245e-15 -2.709137757197327e-06
15 19 -6.325626615757163e-06 -2.777394409529500e-17
16 19 2.427726812985876e-15 -2.189132765242884e-06
17 19 -8.853419399211240e-06 -6.667255651383353e-17
18 19 7.758825664018309e-16 -1.424015248722076e-06
19 19 -1.049773057434678e-05 -8.461596492000062e-17
20 19 -1.345253978840668e-15 -4.940632292698772e-07
21 19 -1.106822565175711e-05 -7.381395536084518e-17
22 19 -1.335789394224857e-15 4.940632294060968e-07
23 19 -1.049773057435628e-05 -3.534350640025802e-17
24 19 8.019458794582307e-16 1.424015248806304e-06
25 19 -8.853419399226846e-06 1.643170177330699e-17
26 19 2.460652505309129e-15 2.189132765242212e-06
27 19 -6.325626615773733e-06 6.444613402058728e-17
28 19 5.664292122710888e-15 2.709137757111817e-06
29 19 -3.197383789352704e-06 9.123059371436113e-17
30 19 -6.095182899831263e-16 2.939883638186080e-06
31 19 1.973014299303258e-07 8.803554826400164e-17
32 19 1.021753927916921e-15 2.874631678781011e-06
33 19 3.516640177133737e-06 5.480659229677167e-17
34 19 -4.054994102579331e-16 2.538286800053609e-06
35 19 6.447601310716062e-06 5.382374754451565e-18
36 19 -3.731694069885225e-15 1.977911147916748e-06
37 19 8.731496378242532e-06 -4.197407862466806e-17
38 19 -2.043739008200653e-15 1.253102448216727e-06
39 19 1.017845444987325e-05 -7.185833760407117e-17
0 20 2.365211183129758e-17 5.950865044678454e-17
1 20 1.042600668718005e-05 -4.829674245581453e-17
2 20 2.059399589138361e-17 4.081365014121792e-17
3 20 9.454975414890263e-06 -2.551425822352847e-17
4 20 2.100488356367685e-17 5.994264356139384e-18
5 20 7.589548847779996e-06 6.485657549385066e-18
6 20 2.500480392927663e-17 -2.748859834853070e-17
7 20 4.982120744310545e-06 3.319537947131661e-17
8 20 2.814639302785007e-17 -4.724593786364037e-17
9 20 1.856970802216950e-06 4.123016263686835e-17
10 20 2.846164272239141e-17 -4.352040641915149e-17
11 20 -1.500041180136545e-06 2.695418676546942e-17
12 20 2.554715366271694e-17 -1.787886192976130e-17
13 20 -4.761505207461404e-06 -5.331884245831845e-18
14 20 1.823793769119283e-17 2.198202842248504e-17
15 20 -7.589523009932807e-06 -4.132692473685517e-17
16 20 8.077506602116659e-18 5.913385562873302e-17
17 20 -9.675574987518347e-06 -6.912530544245185e-17
18 20 -1.181115422695044e-18 7.747616893082359e-17
19 20 -1.078297811152218e-05 -7.629234457725977e-17
20 20 -7.132943240679486e-18 6.962859332155928e-17
21 20 -1.078297811151430e-05 -5.677001663449239e-17
22 20 -7.713077752498266e-18 3.595896630146298e-17
23 20 -9.675574987496243e-06 -1.824144758657836e-17
24 20 -1.835655077283494e-18 -1.313556882269454e-17
25 20 -7.589523009905343e-06 2.811887341009484e-17
26 20 9.278574196246514e-18 -6.051060762497951e-17
27 20 -4.761505207438841e-06 6.649992375807097e-17
28 20 2.215148517781185e-17 -9.011929591328865e-17
29 20 -1.500041180126656e-06 8.349649558812055e-17
30 20 3.389485662455351e-17 -9.131027386638437e-17
31 20 1.856970802209629e-06 7.470744079772934e-17
32 20 3.982840144905551e-17 -6.576706920008769e-17
33 20 4.982120744289423e-06 4.364314383671402e-17
34 20 4.030567753817914e-17 -2.215285511711629e-17
35 20 7.589548847753568e-06 2.850730224349984e-18
36 20 3.638402361980287e-17 2.383751539052764e-17
37 20 9.454975414869489e-06 -3.359261167368252e-17
38 20 2.979563653465975e-17 5.350349182771183e-17
39 20 1.042600668717210e-05 -5.232231756358501e-17
0 21 2.287669824529302e-15 4.287730484415139e-07
1 21 1.065438125298160e-05 -2.205926731600813e-17
2 21 2.061858656744914e-15 1.253102448164198e-06
3 21 9.149964880600946e-06 -6.409068170523846e-18
4 21 3.750788130188145e-15 1.977911147882076e-06
5 21 6.771134348289210e-06 1.283978669389973e-17
6 21 4.384058968894762e-16 2.538286800052856e-06
7 21 3.710828983095626e-06 2.551019676321311e-17
8 21 -9.700842785041955e-16 2.874631678819089e-06
9 21 2.349746654954201e-07 2.518147411972534e-17
10 21 6.765648604035623e-16 2.939883638256425e-06
11 21 -3.330604991166578e-06 1.021873550762200e-17
12 21 -5.594340997994180e-15 2.709137757197591e-06
13 21 -6.625851644518173e-06 -1.398678583079043e-17
14 21 -2.402808933532282e-15 2.189132765319933e-06
15 21 -9.295160206243481e-06 -3.950547958713552e-17
16 21 -7.685096400585144e-16 1.424015248854207e-06
17 21 -1.103463862219968e-05 -5.586096488844561e-17
18 21 1.338684901145130e-15 4.940632294126237e-07
19 21 -1.163872072753372e-05 -5.545244683267731e-17
20 21 1.323170646249052e-15 -4.940632293034688e-07
21 21 -1.103463862216242e-05 -3.792445118871347e-17
22 21 -8.083498680358703e-16 -1.424015248783970e-06
23 21 -9.295160206182545e-06 -7.587146835794568e-18
24 21 -2.451911969122208e-15 -2.189132765313537e-06
25 21 -6.625851644455445e-06 2.555933149747039e-17
26 21 -5.633122819000783e-15 -2.709137757257632e-06
27 21 -3.330604991124618e-06 5.154609667260072e-17
28 21 6.626761715396733e-16 -2.939883638359703e-06
29 21 2.349746655010422e-07 6.121317515771564e-17
30 21 -9.539779334965531e-16 -2.874631678929021e-06
31 21 3.710828983064860e-06 5.371614003821844e-17
32 21 4.794088059311168e-16 -2.538286800132968e-06
33 21 6.771134348235678e-06 3.232601246311933e-17
34 21 3.800208905550964e-15 -1.977911147908169e-06
35 21 9.149964880545112e-06 5.429430257009860e-18
36 21 2.102071902322281e-15 -1.253102448135281e-06
37 21 1.065438125294679e-05 -1.694515142864562e-17
38 21 2.302864866191410e-15 -4.287730483780693e-07
39 21 1.116866339505906e-05 -2.708634337650763e-17
0 22 -1.257121536139820e-15 1.748308886879693e-06
1 22 1.130107491706995e-05 -4.042659665545238e-18
2 22 1.982735110911258e-15 3.363621608912644e-06
3 22 9.128674488420317e-06 1.016568916169720e-18
4 22 3.037974855923090e-15 4.712456030481876e-06
5 22 6.065668144609867e-06 7.097072048504580e-18
6 22 2.805880151028942e-15 5.664721948373620e-06
7 22 2.354105196262645e-06 1.161707648527455e-17
8 22 1.191864595087072e-15 6.104897684538133e-06
9 22 -1.681410818427135e-06 1.073041366581799e-17
10 22 -2.281371616917172e-15 5.950634708934218e-06
11 22 -5.649795747433685e-06 3.276463105635924e-18
12 22 -2.435084018654562e-15 5.175175434150542e-06
13 22 -9.128520697641103e-06 -9.364778820362876e-18
14 22 -2.706820702673622e-15 3.826468146891749e-06
15 22 -1.171685226914536e-05 -2.278908196250061e-17
16 22 8.751599262961026e-17 2.034427350442982e-06
17 22 -1.309854544428383e-05 -3.208516151164910e-17
18 22 -1.379608698811815e-15 3.619853515596553e-17
19 22 -1.309854544425636e-05 -3.288180678780248e-17
20 22 4.241120091267382e-17 -2.034427350382952e-06
21 22 -1.171685226907467e-05 -2.576256515172042e-17
22 22 -2.779826694179452e-15 -3.826468146864817e-06
23 22 -9.128520697551545e-06 -1.111635569010251e-17
24 22 -2.507771900497478e-15 -5.175175434165235e-06
25 22 -5.649795747357884e-06 6.689365549002682e-18
26 22 -2.327353248717764e-15 -5.950634708985875e-06
27 22 -1.681410818391838e-06 2.258810087601959e-17
28 22 1.189773869931448e-15 -6.104897684610163e-06
29 22 2.354105196246672e-06 3.124247043504497e-17
30 22 2.848215094431486e-15 -5.664721948444162e-06
31 22 6.065668144550568e-06 3.233721717044593e-17
32 22 3.107812313186233e-15 -4.712456030531832e-06
33 22 9.128674488342712e-06 2.483125924836381e-17
34 22 2.051316493969739e-15 -3.363621608934261e-06
35 22 1.130107491700525e-05 1.431803112104777e-17
36 22 -1.214576593264980e-15 -1.748308886877366e-06
37 22 1.242560223224358e-05 2.853524482426518e-18
38 22 3.029262924307555e-15 5.938281977865150e-18
39 22 1.242560223226867e-05 -3.637071347979530e-18
0 23 -5.327081996692366e-15 4.058530476800767e-06
1 23 1.226985788249878e-05 8.026781781524206e-19
2 23 2.477938163981823e-16 6.431420667659969e-06
3 23 9.214346748479403e-06 -5.504194057468402e-18
4 23 3.832348696775383e-15 8.298774010787381e-06
5 23 5.214919084309056e-06 -6.982372876446896e-18
6 23 1.550567056775027e-15 9.459285481242033e-06
7 23 5.796511193653744e-07 -2.960188508925911e-18
8 23 2.408094954703370e-15 9.740228660568441e-06
9 23 -4.276795157823997e-06 3.350078295415680e-18
10 23 -3.293097173126054e-15 9.034485071979549e-06
11 23 -8.855591169046649e-06 8.269240035084362e-18
12 23 7.017430783541560e-16 7.341194159762730e-06
13 23 -1.262787315562025e-05 8.343603245989500e-18
14 23 -1.825295638449880e-15 4.794863919759911e-06
15 23 -1.511637547627704e-05 3.352552679611872e-18
16 23 2.643359304847106e-15 1.667153567054648e-06
17 23 -1.598614011979962e-05 -7.280943989707896e-18
18 23 2.616166751734176e-15 -1.667153567036718e-06
19 23 -1.511637547622129e-05 -1.837354275321858e-17
20 23 -1.897926803463983e-15 -4.794863919746767e-06
21 23 -1.262787315552848e-05 -2.722871519843122e-17
22 23 6.122766895126888e-16 -7.341194159758159e-06
23 23 -8.855591168952796e-06 -2.995911265654723e-17
24 23 -3.366215332113388e-15 -9.034485071985107e-06
25 23 -4.276795157759897e-06 -2.505624853779393e-17
26 23 2.378695678337783e-15 -9.740228660584296e-06
27 23 5.796511193772894e-07 -1.309071465564445e-17
28 23 1.575212309276010e-15 -9.459285481266567e-06
29 23 5.214919084267425e-06 2.538611228548557e-18
30 23 3.898882526976655e-15 -8.298774010817973e-06
31 23 9.214346748400618e-06 1.710283182199851e-17
32 23 3.309875137622683e-16 -6.431420667694256e-06
33 23 1.226985788241794e-05 2.557540645765332e-17
34 23 -5.259722501277901e-15 -4.058530476837628e-06
35 23 1.417796877597046e-05 2.623345184135813e-17
36 23 -1.996366960895538e-15 -1.385825734356687e-06
37 23 1.482592281015556e-05 2.038817136828518e-17
38 23 -2.022204212077534e-15 1.385825734318192e-06
39 23 1.417796877602100e-05 1.091373375167898e-17
0 24 -4.989395609484946e-15 7.528065185756090e-06
1 24 1.342592499905627e-05 -9.746989220597559e-18
2 24 -1.809176449946266e-15 1.062707668617429e-05
3 24 9.181035881269117e-06 -2.292337505064696e-17
4 24 5.082562447861603e-16 1.289768325347218e-05
5 24 3.894707411443292e-06 -2.366616944434087e-17
6 24 -3.050640169649582e-16 1.404940733026185e-05
7 24 -2.027619002973364e-06 -1.211546437511614e-17
8 24 -1.012963705587637e-15 1.384266168266410e-05
9 24 -8.026005330274824e-06 6.553512991295211e-18
10 24 -2.305483586681583e-16 1.215701578790102e-05
11 24 -1.342455691361085e-05 2.465562950943273e-17
12 24 2.600748353507303e-15 9.059156603118039e-06
13 24 -1.752534241968982e-05 3.367463804844410e-17
14 24 1.043477410814925e-15 4.840783687727853e-06
15 24 -1.974349944851676e-05 2.854858095843629e-17
16 24 -4.097171702422028e-17 -2.030859409915510e-17
17 24 -1.974349944849020e-05 9.793954228680253e-18
18 24 9.938065356347180e-16 -4.840783687760368e-06
19 24 -1.752534241961826e-05 -1.663840096207370e-17
20 24 2.518791566699197e-15 -9.059156603129313e-06
21 24 -1.342455691352227e-05 -4.273983336346874e-17
22 24 -3.127968634070710e-16 -1.215701578788738e-05
23 24 -8.026005330199441e-06 -5.823745042097379e-17
24 24 -1.063872907245618e-15 -1.384266168263218e-05
25 24 -2.027619002937431e-06 -5.873065740968233e-17
26 24 -3.069935940252437e-16 -1.404940733022716e-05
27 24 3.894707411428214e-06 -4.256770015451369e-17
28 24 5.545814578978677e-16 -1.289768325345123e-05
29 24 9.181035881211882e-06 -1.624364163008294e-17
30 24 -1.733250546824373e-15 -1.062707668618184e-05
31 24 1.342592499898143e-05 1.257210107303661e-17
32 24 -4.912296310404897e-15 -7.528065185795878e-06
33 24 1.637115739184823e-05 3.242260585863020e-17
34 24 -1.356704642673202e-15 -3.893940775708572e-06
35 24 1.787419742772026e-05 3.791929755239356e-17
36 24 4.155396386045095e-16 -3.857697234263902e-17
37 24 1.787419742774400e-05 2.966405482261188e-17
38 24 -1.403879348348443e-15 3.893940775642772e-06
39 24 1.637115739190943e-05 1.146017253604877e-17
0 25 -1.725382018456074e-15 1.240186517822036e-05
1 25 1.459679027460267e-05 -3.018555806195118e-17
2 25 -2.681522546633874e-15 1.620465181811742e-05
3 25 8.739526784340330e-06 -4.283032208461629e-17
4 25 1.980326966110928e-15 1.874690419299747e-05
5 25 1.680730589313588e-06 -3.667328905459554e-17
6 25 1.101387169858760e-15 1.960968071464701e-05
7 25 -6.018002646953390e-06 -1.245657807850086e-17
8 25 1.769753478559954e-15 1.846515252926162e-05
9 25 -1.355346708401522e-05 1.946523268752185e-17
10 25 -2.412389043553308e-15 1.519944467377721e-05
11 25 -1.995906231709512e-05 4.641379456662941e-17
12 25 -1.690915742531288e-17 1.002163738704401e-05
13 25 -2.428068722437817e-05 5.746453917764236e-17
14 25 2.912931373307290e-15 3.501890662230860e-06
15 25 -2.580895199681914e-05 4.566547017138197e-17
16 25 2.892056890532854e-15 -3.501890662322975e-06
17 25 -2.428068722434039e-05 1.397763659202533e-17
18 25 -6.932161899400179e-17 -1.002163738710279e-05
19 25 -1.995906231703297e-05 -2.746647628745124e-17
20 25 -2.479130069618446e-15 -1.519944467378291e-05
21 25 -1.355346708395137e-05 -6.544279304328680e-17
22 25 1.716492566029029e-15 -1.846515252921319e-05
23 25 -6.018002646910999e-06 -8.617737067580977e-17
24 25 1.082073586447474e-15 -1.960968071456599e-05
25 25 1.680730589322593e-06 -8.294185691930123e-17
26 25 2.002067378115116e-15 -1.874690419291701e-05
27 25 8.739526784313345e-06 -5.707031254061396e-17
28 25 -2.627362305058373e-15 -1.620465181807130e-05
29 25 1.459679027455189e-05 -2.008521179419370e-17
30 25 -1.659273252450678e-15 -1.240186517822908e-05
31 25 1.892236182197474e-05 1.743392485990951e-17
32 25 -1.596474292924186e-15 -7.755557336745971e-06
33 25 2.155663344381765e-05 4.109138044177827e-17
34 25 6.704981983137417e-16 -2.635665918027944e-06
35 25 2.243930471092963e-05 4.331209772049552e-17
36 25 6.496652215774467e-16 2.635665917932438e-06
37 25 2.155663344385062e-05 2.624904518981095e-17
38 25 -1.649590260543849e-15 7.755557336683880e-06
39 25 1.892236182202825e-05 -2.730922554960530e-18
0 26 -9.790273740601351e-16 1.902219640570325e-05
1 26 1.557392339333875e-05 -5.195524950542874e-17
2 26 1.452721010564897e-15 2.353218519305533e-05
3 26 7.509973156520699e-06 -5.792108679048059e-17
4 26 -5.978696753894776e-16 2.618781684053282e-05
5 26 -2.014202160513999e-06 -3.978716663535964e-17
6 26 8.429426808918547e-16 2.636614171306005e-05
7 26 -1.216745290529709e-05 -3.895638664086973e-18
8 26 2.706602108682743e-15 2.361597060840816e-05
9 26 -2.172572239253924e-05 3.694196192877767e-17
10 26 5.622960024114689e-17 1.787773513165907e-05
11 26 -2.924459785158728e-05 6.607041466121006e-17
12 26 -8.613885237568718e-16 9.650813554300161e-06
13 26 -3.340266932048879e-05 7.231968365314888e-17
14 26 -1.540611388038000e-15 -7.099113480467765e-17
15 26 -3.340266932047980e-05 5.012151217130690e-17
16 26 -8.829808203863088e-16 -9.650813554417972e-06
17 26 -2.924459785156245e-05 6.613045617671101e-18
18 26 2.241886962669099e-17 -1.787773513171256e-05
19 26 -2.172572239250790e-05 -4.366971624465757e-17
20 26 2.673404588761240e-15 -2.361597060838189e-05
21 26 -1.216745290527132e-05 -8.416612924891730e-17
22 26 8.235219745777642e-16 -2.636614171296788e-05
23 26 -2.014202160501514e-06 -1.008367272291237e-16
24 26 -5.934484018786917e-16 -2.618781684041173e-05
25 26 7.509973156516177e-06 -8.893667890331544e-17
26 26 1.480568353840702e-15 -2.353218519295363e-05
27 26 1.557392339332133e-05 -5.428558926705928e-17
28 26 -9.384550877571820e-16 -1.902219640566006e-05
29 26 2.173796877817289e-05 -9.663117210332535e-18
30 26 -1.072913222269650e-15 -1.327364364280071e-05
31 26 2.584569605040962e-05 2.853264359313439e-17
32 26 2.127125072388691e-15 -6.800163315062442e-06
33 26 2.788708326012535e-05 4.552442845474093e-17
34 26 3.803343565558165e-15 -5.633259089823994e-17
35 26 2.788708326013391e-05 3.832230111493207e-17
36 26 2.104253238408621e-15 6.800163314973322e-06
37 26 2.584569605043212e-05 1.062552006073409e-17
38 26 -1.110415449284225e-15 1.327364364277090e-05
39 26 2.173796877819898e-05 -2.494326172269270e-17
0 27 1.558504409824736e-15 2.787680973865433e-05
1 27 1.611276317900037e-05 -6.724871580183372e-17
2 27 4.638857107088060e-16 3.315473217009003e-05
3 27 4.967097146426912e-06 -6.307014008762909e-17
4 27 -2.282479918227798e-15 3.571725705591070e-05
5 27 -8.057558295594648e-06 -3.393757107566545e-17
6 27 3.874928184919932e-16 3.460097252711610e-05
7 27 -2.163576486570900e-05 9.515103404132252e-18
8 27 1.636118455655500e-15 2.918637707321397e-05
9 27 -3.379398934210149e-05 5.187684560653589e-17
10 27 -2.388129552794166e-16 1.959216749917357e-05
11 27 -4.230545651526188e-05 7.621754575861314e-17
12 27 -2.184579833871803e-15 6.911450650186906e-06
13 27 -4.537365299899731e-05 7.321123565301048e-17
14 27 -2.184775902382868e-15 -6.911450650349891e-06
15 27 -4.230545651526520e-05 4.251200940596901e-17
16 27 -2.383857440047624e-16 -1.959216749928380e-05
17 27 -3.379398934210740e-05 -6.610299938813097e-18
18 27 1.637230173733536e-15 -2.918637707323704e-05
19 27 -2.163576486571529e-05 -5.536123704380810e-17
20 27 3.900174329114277e-16 -3.460097252705042e-05
21 27 -8.057558295599869e-06 -8.934291659128561e-17
22 27 -2.276187970648588e-15 -3.571725705578669e-05
23 27 4.967097146426906e-06 -9.597766785019289e-17
24 27 4.739736776402234e-16 -3.315473216995676e-05
25 27 1.611276317900542e-05 -7.469900489348336e-17
26 27 1.570884590973160e-15 -2.787680973856381e-05
27 27 2.474651818663758e-05 -3.501048340876291e-17
28 27 2.105825318103480e-15 -2.084402285646516e-05
29 27 3.074252294232968e-05 8.471794021964896e-18
30 27 4.126469605166536e-15 -1.281805676473494e-05
31 27 3.422760605243307e-05 3.748736981352271e-17
32 27 4.087543092675921e-15 -4.318056229902228e-06
33 27 3.536617604077466e-05 4.315002176451093e-17
34 27 4.084550028303310e-15 4.318056229794177e-06
35 27 3.422760605242834e-05 2.399997513670018e-17
36 27 4.119920622065501e-15 1.281805676467488e-05
37 27 3.074252294232350e-05 -1.154081464872757e-17
38 27 2.095279579257438e-15 2.084402285648115e-05
39 27 2.474651818663023e-05 -4.646429744426140e-17
0 28 1.851802067900841e-15 3.969857222627813e-05
1 28 1.592416575041030e-05 -7.133815360301448e-17
2 28 -1.514423966086142e-15 4.591575195951507e-05
3 28 3.274412544141397e-07 -5.706779149918531e-17
4 28 -2.985450602030984e-15 4.807812713000147e-05
5 28 -1.782246823502060e-05 -2.274942503870237e-17
6 28 1.065959350021598e-15 4.464196158483938e-05
7 28 -3.624739801958197e-05 2.097317663457326e-17
8 28 3.793002849839842e-15 3.478945508840708e-05
9 28 -5.160499641275804e-05 5.653838411954490e-17
10 28 1.765114029578799e-15 1.913717349580860e-05
11 28 -6.041283315977493e-05 7.221992124660840e-17
12 28 -1.647781854426833e-15 -8.827283289422467e-17
13 28 -6.041283315978805e-05 6.181273937168029e-17
14 28 1.785883095536548e-15 -1.913717349595788e-05
15 28 -5.160499641279093e-05 2.793514432174573e-17
16 28 3.827332240670182e-15 -3.478945508848417e-05
17 28 -3.624739801962372e-05 -1.666478296042695e-17
18 28 1.101429293599710e-15 -4.464196158482545e-05
19 28 -1.782246823505606e-05 -5.597451067990174e-17
20 28 -2.958118640516378e-15 -4.807812712991059e-05
21 28 3.274412543994123e-07 -7.708108520267399e-17
22 28 -1.504271651404974e-15 -4.591575195938777e-05
23 28 1.592416575042087e-05 -7.223341095059956e-17
24 28 1.845545512191728e-15 -3.969857222616652e-05
25 28 2.795490143978385e-05 -4.607064952827900e-17
26 28 2.210702817925856e-15 -3.100914958117765e-05
27 28 3.635702937990168e-05 -8.639801455890920e-18
28 28 5.368956021138606e-16 -2.106428101485433e-05
29 28 4.154031920271868e-05 2.447073250120099e-17
30 28 -4.296146387682957e-16 -1.060817352716894e-05
31 28 4.398383880423649e-05 3.929371069225085e-17
32 28 1.474819920148977e-15 -5.521677471304568e-17
33 28 4.398383880422490e-05 3.225840289359241e-17
34 28 -4.165662196464097e-16 1.060817352708297e-05
35 28 4.154031920268828e-05 4.171669919272123e-18
36 28 5.575827679504796e-16 2.106428101483163e-05
37 28 3.635702937986211e-05 -3.185494025274518e-17
38 28 2.229404111796786e-15 3.100914958123115e-05
39 28 2.795490143975314e-05 -6.126515951594809e-17
0 29 1.875241993274231e-15 5.566104606038236e-05
1 29 1.464154573039449e-05 -6.425288505035551e-17
2 29 4.859885302356043e-16 6.318477711416207e-05
3 29 -7.688134559916688e-06 -4.501220913420250e-17
4 29 -1.558025974553877e-15 6.440804253338314e-05
5 29 -3.363339492206190e-05 -1.294220876523351e-17
6 29 -1.156576490850226e-15 5.678879515014783e-05
7 29 -5.899377434739515e-05 2.210706010843369e-17
8 29 -9.499173662304427e-16 3.939025572882736e-05
9 29 -7.787652710633350e-05 4.794683613516635e-17
10 29 -3.466424322855211e-16 1.413971201120189e-05
11 29 -8.490353276785395e-05 5.566856729432895e-17
12 29 -3.280387590107623e-16 -1.413971201135454e-05
13 29 -7.787652710637242e-05 4.197638956918659e-17
14 29 -8.992439599195284e-16 -3.939025572893664e-05
15 29 -5.899377434745884e-05 1.377470104494389e-17
16 29 -1.092007679895194e-15 -5.678879515018431e-05
17 29 -3.363339492212583e-05 -1.797755228740484e-17
18 29 -1.502636982954797e-15 -6.440804253334518e-05
19 29 -7.688134559958601e-06 -4.197956559763917e-17
20 29 5.148694037412621e-16 -6.318477711407362e-05
21 29 1.464154573039246e-05 -4.865088779239482e-17
22 29 1.868993335544041e-15 -5.566104606028430e-05
23 29 3.154124575488427e-05 -3.775253705484640e-17
24 29 1.005864164410242e-16 -4.457394385908606e-05
25 29 4.304768637952956e-05 -1.373917817923602e-17
26 29 -6.174149882390144e-16 -3.199726778696832e-05
27 29 5.011022812328532e-05 1.261451805430255e-17
28 29 -1.635966518099434e-15 -1.910901556776084e-05
29 29 5.382068991374036e-05 3.046920102368137e-17
30 29 -5.554704491713299e-15 -6.339631592910446e-06
31 29 5.496440281667503e-05 3.175193079759380e-17
32 29 -5.539002386286325e-15 6.339631592815498e-06
33 29 5.382068991370232e-05 1.481362656069567e-17
34 29 -1.594753411087008e-15 1.910901556770411e-05
35 29 5.011022812322395e-05 -1.396869529845848e-17
36 29 -5.696244462303001e-16 3.199726778697379e-05
37 29 4.304768637946834e-05 -4.381572102033927e-17
38 29 1.361937150358495e-16 4.457394385915116e-05
39 29 3.154124575484839e-05 -6.363745002481478e-17
0 30 -8.349095551488448e-16 7.775831297968672e-05
1 30 1.172912145125076e-05 -4.979750523462977e-17
2 30 -1.630191807197361e-15 8.728738202608289e-05
3 30 -2.137105264148175e-05 -3.349631107469916e-17
4 30 -3.662275450989958e-16 8.646721220365718e-05
5 30 -5.967754171328254e-05 -1.056489511885924e-17
6 30 2.573410012506865e-15 7.103584376669436e-05
7 30 -9.492278790603853e-05 1.125995161510672e-17
8 30 -1.764719911104183e-16 4.045055485299299e-05
9 30 -1.164212380370460e-04 2.657148792610209e-17
10 30 9.912089618750293e-16 -5.914077628746182e-17
11 30 -1.164212380370703e-04 2.985588613656169e-17
12 30 -1.295416903133991e-16 -4.045055485309643e-05
13 30 -9.492278790610174e-05 2.062899673845745e-17
14 30 2.648865757093510e-15 -7.103584376675591e-05
15 30 -5.967754171336258e-05 6.248421635478446e-18
16 30 -2.892261237222509e-16 -8.646721220366558e-05
17 30 -2.137105264154614e-05 -8.367145528349764e-18
18 30 -1.578756807464126e-15 -8.728738202604638e-05
19 30 1.172912145122611e-05 -1.653224304593008e-17
20 30 -8.243199039257106e-16 -7.775831297962945e-05
21 30 3.601543471542309e-05 -1.478662908653405e-17
22 30 -1.736003073581393e-15 -6.283491821645251e-05
23 30 5.166374051111619e-05 -4.577664305065906e-18
24 30 -2.350826622281152e-15 -4.624270927982594e-05
25 30 6.065897307956498e-05 1.007241675024946e-17
26 30 1.044708542223990e-16 -2.998450742150777e-05
27 30 6.523667078136203e-05 2.171006767166201e-17
28 30 2.118597976880635e-16 -1.466023205610233e-05
29 30 6.708867975287648e-05 2.523623884493515e-17
30 30 -6.638885745431356e-15 -4.238125551768866e-17
31 30 6.708867975285260e-05 1.664149482322918e-17
32 30 2.516079732172727e-16 1.466023205603181e-05
33 30 6.523667078129739e-05 -1.466848966791552e-18
34 30 1.687994573856037e-16 2.998450742147442e-05
35 30 6.065897307948658e-05 -2.414299540461864e-17
36 30 -2.289946553801856e-15 4.624270927983811e-05
37 30 5.166374051105192e-05 -4.388705828712374e-17
38 30 -1.703848024928803e-15 6.283491821649988e-05
39 30 3.601543471539726e-05 -5.321463527291101e-17
0 31 -6.778183876485610e-16 1.095617368907138e-04
1 31 6.248981218730240e-06 -3.404374016880558e-17
2 31 1.424000453066641e-15 1.223442104330757e-04
3 31 -4.520534732770819e-05 -2.778047318431041e-17
4 31 -9.773080134820664e-16 1.169389993035618e-04
5 31 -1.039388931381314e-04 -1.927881251242552e-17
6 31 9.861031753161425e-16 8.617924536470815e-05
7 31 -1.526287531134102e-04 -1.034924196762023e-17
8 31 -3.406762810807716e-15 3.195827224511321e-05
9 31 -1.717745892902350e-04 -2.420430458899766e-18
10 31 -3.381694312928265e-15 -3.195827224517458e-05
11 31 -1.526287531134527e-04 2.202101094912702e-18
12 31 1.052644280417859e-15 -8.617924536475747e-05
13 31 -1.039388931382026e-04 5.070272098398676e-18
14 31 -8.951528776883780e-16 -1.169389993035885e-04
15 31 -4.520534732777769e-05 6.739156478419262e-18
16 31 1.493278974986142e-15 -1.223442104330814e-04
17 31 6.248981218689186e-06 8.154684607066027e-18
18 31 -6.467304072522784e-16 -1.095617368907074e-04
19 31 4.252795425858661e-05 1.006254195903412e-17
20 31 -1.229376865150013e-15 -8.802001756963992e-05
21 31 6.398900059572888e-05 1.337244612035166e-17
22 31 6.125056741713381e-16 -6.475347955176444e-05
23 31 7.473010253979405e-05 1.598452526443275e-17
24 31 6.799936140135223e-16 -4.331213884511736e-05
25 31 7.916541015683287e-05 1.722077431783364e-17
26 31 4.098811332672791e-15 -2.458568099176482e-05
27 31 8.057604364143425e-05 1.567668620740969e-17
28 31 -4.629325840618948e-15 -7.942556770402572e-06
29 31 8.084559162130336e-05 9.843527502485814e-18
30 31 -4.606997917314285e-15 7.942556770341914e-06
31 31 8.057604364138679e-05 -1.777608328135942e-19
32 31 4.157073399040116e-15 2.458568099171674e-05
33 31 7.916541015675679e-05 -1.156074463485889e-17
34 31 7.515099272368943e-16 4.331213884509091e-05
35 31 7.473010253971801e-05 -2.348041146659165e-17
36 31 6.669869792723109e-16 6.475347955175815e-05
37 31 6.398900059567813e-05 -3.239392443822394e-17
38 31 -1.215154639574349e-15 8.802001756964737e-05
39 31 4.252795425858132e-05 -3.578143570882016e-17
0 32 1.781016565930066e-15 1.578161446297471e-04
1 32 -3.735882505899695e-06 -2.332601456993711e-17
2 32 6.725153725627529e-16 1.759937875474936e-04
3 32 -8.875769518560891e-05 -3.098703925835177e-17
4 32 1.829202406072987e-15 1.596136965099605e-04
5 32 -1.824412335748804e-04 -3.681153341413311e-17
6 32 -5.973227622392072e-16 9.707810550596067e-05
7 32 -2.462737767167021e-04 -3.827544431576843e-17
8 32 1.528563876233865e-15 -1.105665662852205e-18
9 32 -2.462737767167212e-04 -3.108886219344237e-17
10 32 -5.568789787373716e-16 -9.707810550596685e-05
11 32 -1.824412335749246e-04 -1.984849786382345e-17
12 32 1.894450374959160e-15 -1.596136965099727e-04
13 32 -8.875769518566211e-05 -3.254371519683061e-18
14 32 7.390568200049832e-16 -1.759937875475138e-04
15 32 -3.735882505941132e-06 1.378100290211322e-17
16 32 1.824948838969040e-15 -1.578161446297766e-04
17 32 5.354909407178496e-05 2.464264510801096e-17
18 32 8.846905560427505e-16 -1.241443537043627e-04
19 32 8.363609349191250e-05 2.943650895046948e-17
20 32 -1.216612965145697e-15 -8.906730407896693e-05
21 32 9.536067806153657e-05 2.686725834985876e-17
22 32 2.434206374079478e-15 -5.904378931780300e-05
23 32 9.754281283602992e-05 1.860885636233604e-17
24 32 3.161390196592357e-15 -3.526266650617764e-05
25 32 9.624785805333188e-05 7.993336554348939e-18
26 32 2.553009719733000e-15 -1.635198434700480e-05
27 32 9.487205148440564e-05 -1.898136120275396e-18
28 32 -7.592667403622126e-16 -1.666852901041973e-17
29 32 9.487205148438603e-05 -8.674248743191064e-18
30 32 2.588837223125206e-15 1.635198434697116e-05
31 32 9.624785805327893e-05 -1.109898234475500e-17
32 32 3.220580369366696e-15 3.526266650614132e-05
33 32 9.754281283596288e-05 -1.107558826805189e-17
34 32 2.490512573344122e-15 5.904378931776376e-05
35 32 9.536067806147902e-05 -1.077450567472068e-17
36 32 -1.184089602309463e-15 8.906730407892734e-05
37 32 8.363609349188231e-05 -1.242705729523686e-17
38 32 8.763776796625149e-16 1.241443537043264e-04
39 32 5.354909407179126e-05 -1.662042366403789e-17
0 33 1.194333221739509e-15 2.361005545143751e-04
1 33 -2.282204409787634e-05 -1.926806411350773e-17
2 33 -3.180540330698993e-16 2.631491198885710e-04
3 33 -1.744027704677607e-04 -4.102117981858017e-17
4 33 2.334022354987291e-15 2.183429214585066e-04
5 33 -3.286455128289683e-04 -5.800579677996176e-17
6 33 2.296508892369928e-15 8.637449745317648e-05
7 33 -3.958787947831488e-04 -6.297459652491115e-17
8 33 2.308047644539662e-15 -8.637449745312962e-05
9 33 -3.286455128289811e-04 -5.340884647285419e-17
10 33 2.372066824030765e-15 -2.183429214584792e-04
11 33 -1.744027704677757e-04 -3.154600365915653e-17
12 33 -2.703681988476920e-16 -2.631491198885751e-04
13 33 -2.282204409789121e-05 -3.596984521117410e-18
14 33 1.233482930069792e-15 -2.361005545144149e-04
15 33 7.457171627229214e-05 2.072787070443277e-17
16 33 8.162016822319658e-16 -1.787522246913101e-04
17 33 1.180457016941945e-04 3.432913543291751e-17
18 33 1.990801386877113e-15 -1.216486943609049e-04
19 33 1.283441322793487e-04 3.511122965452430e-17
20 33 4.163549594067871e-15 -7.679348996507820e-05
21 33 1.239219266278070e-04 2.281403977220312e-17
22 33 2.806343723106123e-15 -4.507365697000097e-05
23 33 1.158309015755185e-04 5.036032376281351e-18
24 33 3.089663535508498e-15 -2.320874856231058e-05
25 33 1.094999286129558e-04 -1.300688652139270e-17
26 33 -6.807132521875481e-16 -7.112253256615181e-06
27 33 1.071908354805549e-04 -2.288627299227299e-17
28 33 -6.691484935672650e-16 7.112253256613937e-06
29 33 1.094999286129328e-04 -2.271027523117344e-17
30 33 3.119642661401797e-15 2.320874856229379e-05
31 33 1.158309015754789e-04 -1.334964930505754e-17
32 33 2.843649799906341e-15 4.507365696995934e-05
33 33 1.239219266277655e-04 -1.048859231112599e-18
34 33 4.191439853245769e-15 7.679348996501341e-05
35 33 1.283441322793147e-04 7.623859508554696e-18
36 33 1.996634044820908e-15 1.216486943608292e-04
37 33 1.180457016941776e-04 9.156137326339821e-18
38 33 7.960311536377353e-16 1.787522246912431e-04
39 33 7.457171627229349e-05 -1.108124978243764e-18
0 34 -7.997221373873827e-16 3.742021051289512e-04
1 34 -6.359073049309644e-05 -2.192326932608671e-17
2 34 -2.069711774210130e-16 4.146416541720544e-04
3 34 -3.601594066330645e-04 -5.300951799286686e-17
4 34 -1.697407980632650e-15 2.892004552117041e-04
5 34 -6.127170948101453e-04 -7.426274564108602e-17
6 34 9.968234191594033e-16 4.297812220110655e-17
7 34 -6.127170948101377e-04 -7.696026720175415e-17
8 34 -1.689472353533260e-15 -2.892004552116338e-04
9 34 -3.601594066330422e-04 -6.158853346251533e-17
10 34 -1.899584389234272e-16 -4.146416541720267e-04
11 34 -6.359073049307241e-05 -3.303262675581877e-17
12 34 -7.868502489331654e-16 -3.742021051289773e-04
13 34 1.189830977961405e-04 -4.979852201930408e-19
14 34 -1.320751848611494e-15 -2.666899452029575e-04
15 34 1.834103306845003e-04 2.385288142560704e-17
16 34 1.617028670155591e-15 -1.661136557312442e-04
17 34 1.847628433575427e-04 3.366253881928319e-17
18 34 5.716795689814914e-16 -9.502113800405897e-05
19 34 1.643375504334029e-04 2.572496043414205e-17
20 34 3.811675575425325e-16 -5.090635705547668e-05
21 34 1.421154845753865e-04 5.761424682651478e-18
22 34 1.858908725295585e-15 -2.522689040536416e-05
23 34 1.256573987400824e-04 -1.809382253205503e-17
24 34 -3.058483226490875e-16 -1.022503989360510e-05
25 34 1.172005263450396e-04 -3.507527184429659e-17
26 34 -4.411262942583283e-15 1.751234994515572e-17
27 34 1.172005263450384e-04 -3.825067453561182e-17
28 34 -3.041831666895164e-16 1.022503989362570e-05
29 34 1.256573987400777e-04 -2.725738795892085e-17
30 34 1.861840163927795e-15 2.522689040534877e-05
31 34 1.421154845753793e-04 -5.868664620501717e-18
32 34 3.835638876215839e-16 5.090635705541771e-05
33 34 1.643375504333919e-04 1.557251242778195e-17
34 34 5.695461121240552e-16 9.502113800396750e-05
35 34 1.847628433575248e-04 2.887723370919779e-17
36 34 1.608780960640167e-15 1.661136557311460e-04
37 34 1.834103306844801e-04 2.575380755721206e-17
38 34 -1.330401747692565e-15 2.666899452028828e-04
39 34 1.189830977961183e-04 6.940044072389117e-18
0 35 -9.038405457453947e-17 6.458727005757205e-04
1 35 -1.675259750165981e-04 -2.695448931488291e-17
2 35 -1.313680849726668e-15 6.970826227717035e-04
3 35 -8.140743561669390e-04 -5.953797466458953e-17
4 35 -3.186914668216394e-16 3.187610354195127e-04
5 35 -1.164827403628691e-03 -7.910399532243960e-17
6 35 -3.213473748686729e-16 -3.187610354194195e-04
7 35 -8.140743561668943e-04 -7.923858452112213e-17
8 35 -1.321502876673729e-15 -6.970826227716467e-04
9 35 -1.675259750165286e-04 -5.961321606562830e-17
10 35 -1.071228504532191e-16 -6.458727005757228e-04
11 35 2.243827154511061e-04 -2.899580346602234e-17
12 35 6.287247148447068e-17 -4.187586564155633e-04
13 35 3.179465989754315e-04 1.027979944998250e-18
14 35 1.714874835224040e-16 -2.262124747390787e-04
15 35 2.861520260045459e-04 2.035191240707496e-17
16 35 -1.974937908473593e-15 -1.083574573918601e-04
17 35 2.282873190396015e-04 2.248724651441267e-17
18 35 -4.982991485688724e-15 -4.630717351759469e-05
19 35 1.785935967265009e-04 8.104824395620157e-18
20 35 -3.931625381671651e-15 -1.701579347687185e-05
21 35 1.443515333446817e-04 -1.665071151226737e-17
22 35 1.101569974052959e-15 -4.931746466701547e-06
23 35 1.249460179797568e-04 -3.965426393526091e-17
24 35 1.265057472171276e-15 -8.706006625855259e-07
25 35 1.187084509323519e-04 -5.043783177612761e-17
26 35 1.254684168125509e-15 8.706006626430642e-07
27 35 1.249460179797763e-04 -4.416913416101098e-17
28 35 1.072232987303140e-15 4.931746466726189e-06
29 35 1.443515333447139e-04 -2.215044871083372e-17
30 35 -3.966349222628684e-15 1.701579347684505e-05
31 35 1.785935967265307e-04 6.936281056816219e-18
32 35 -5.014176348433754e-15 4.630717351751613e-05
33 35 2.282873190396073e-04 3.244278882183579e-17
34 35 -1.993706689651521e-15 1.083574573917514e-04
35 35 2.861520260045259e-04 4.431632859069594e-17
36 35 1.758951613114138e-16 2.262124747389748e-04
37 35 3.179465989753828e-04 3.560243486281030e-17
38 35 7.626815350678599e-17 4.187586564155000e-04
39 35 2.243827154510406e-04 9.809187633522527e-18
0 36 1.307171274382714e-15 1.268975721302009e-03
1 36 -5.115254970141477e-04 -2.667720663859333e-17
2 36 1.405328773248056e-15 1.245044169945974e-03
3 36 -2.067690759905802e-03 -5.671242966984030e-17
4 36 -1.630718317487901e-15 4.044249073161237e-17
5 36 -2.067690759905766e-03 -7.500065488573487e-17
6 36 1.386383751260784e-15 -1.245044169945916e-03
7 36 -5.115254970140567e-04 -7.215130789373820e-17
8 36 1.271146434429155e-15 -1.268975721301994e-03
9 36 5.198114247653247e-04 -5.046273554043037e-17
10 36 9.425215371626447e-16 -7.015754436674231e-04
11 36 6.206718766824431e-04 -2.309647946411130e-17
12 36 8.570721870507598e-16 -2.979992691819946e-04
13 36 4.740795472290311e-04 1.504690144866361e-19
14 36 -2.327655682742479e-15 -9.935586451002841e-05
15 36 3.284255167445189e-04 1.167674472294030e-17
16 36 -3.815417889160581e-15 -1.713443784774440e-05
17 36 2.274523809741180e-04 6.801282383699239e-18
18 36 -5.424920458367425e-15 1.059214267303675e-05
19 36 1.650173120121061e-04 -1.156554990455525e-17
20 36 -6.427275911078649e-16 1.468526391371555e-05
21 36 1.297793900407173e-04 -3.452754637658105e-17
22 36 1.707421997896344e-15 9.062581715259488e-06
23 36 1.139788084652019e-04 -5.166339606177821e-17
24 36 -1.145343716281384e-15 3.855180241162105e-17
25 36 1.139788084652249e-04 -5.423666208291425e-17
26 36 1.665371961084879e-15 -9.062581715200126e-06
27 36 1.297793900407738e-04 -4.003702315601197e-17
28 36 -7.115593109935295e-16 -1.468526391370326e-05
29 36 1.650173120121748e-04 -1.188407444742978e-17
30 36 -5.497233970378508e-15 -1.059214267308144e-05
31 36 2.274523809741639e-04 1.984643701883482e-17
32 36 -3.868357410239344e-15 1.713443784765357e-05
33 36 3.284255167445238e-04 4.406371251083603e-17
34 36 -2.337180070407024e-15 9.935586450992011e-05
35 36 4.740795472289877e-04 5.205075133573947e-17
36 36 8.865791497417467e-16 2.979992691819044e-04
37 36 6.206718766823565e-04 3.909928180927940e-17
38 36 9.896317183210363e-16 7.015754436673780e-04
39 36 5.198114247652167e-04 8.857122604562599e-18
0 37 1.236335457939441e-15 3.074532974402283e-03
1 37 -2.124127795325290e-03 -1.971102966749123e-17
2 37 -8.393465114460818e-16 2.110912665787113e-03
3 37 -5.723898747388589e-03 -4.660208345835329e-17
4 37 -8.591335947583636e-16 -2.110912665787080e-03
5 37 -2.124127795325201e-03 -6.336078960096009e-17
6 37 1.185348369370066e-15 -3.074532974402273e-03
7 37 1.584454479546272e-03 -5.777518385973737e-17
8 37 -3.144889572621761e-16 -1.249746416447689e-03
9 37 1.368410948940163e-03 -3.955107952983375e-17
10 37 1.788073792144019e-15 -3.280998980785480e-04
11 37 8.194000247228417e-04 -1.917355326411551e-17
12 37 1.312661546996458e-15 -1.399327767610239e-05
13 37 4.718812402514256e-04 -4.466794909453879e-18
14 37 -4.109932122204002e-16 6.756172977767125e-05
15 37 2.827005869875276e-04 7.870492210598935e-19
16 37 1.027084494144342e-15 7.305999588250276e-05
17 37 1.816899543426859e-04 -7.323183274910703e-18
18 37 1.039715444434321e-15 5.626500107925169e-05
19 37 1.282370166499123e-04 -2.353568421599270e-17
20 37 -1.783055307030913e-16 3.413939795712823e-05
21 37 1.021456517947126e-04 -4.127059216685411e-17
22 37 9.175509267250891e-17 1.135317555266895e-05
23 37 9.431453158304331e-05 -5.129415936088142e-17
24 37 6.182399634340772e-17 -1.135317555259728e-05
25 37 1.021456517947718e-04 -4.768393260585296e-17
26 37 -2.585558479110453e-16 -3.413939795708657e-05
27 37 1.282370166500058e-04 -3.022585890217272e-17
28 37 9.381153847593629e-16 -5.626500107925859e-05
29 37 1.816899543427736e-04 -2.658002876051305e-18
30 37 9.347079278786175e-16 -7.305999588255849e-05
31 37 2.827005869875730e-04 2.610329150921099e-17
32 37 -4.557731347615298e-16 -6.756172977776057e-05
33 37 4.718812402514100e-04 4.572256540617256e-17
34 37 1.329056694485774e-15 1.399327767600851e-05
35 37 8.194000247227677e-04 5.183003206491719e-17
36 37 1.848332422107312e-15 3.280998980784779e-04
37 37 1.368410948940048e-03 3.865294832824635e-17
38 37 -2.394187887154841e-16 1.249746416447657e-03
39 37 1.584454479546154e-03 1.255769745177205e-17
0 38 -1.800397015417664e-15 1.045681151615637e-02
1 38 -1.297987768693685e-02 -5.053327258682707e-18
2 38 -1.807132720725659e-15 -4.014096192706233e-18
3 38 -1.297987768693681e-02 -3.177394605601901e-17
4 38 -1.838889228629516e-15 -1.045681151615638e-02
5 38 6.953771439747665e-03 -4.471281153499725e-17
6 38 -1.195594416867593e-15 -2.115707356772850e-03
7 38 3.300386356168449e-03 -4.027600333453130e-17
8 38 3.887899349714779e-16 -9.587104463573967e-06
9 38 1.365741531756930e-03 -3.167926168963914e-17
10 38 3.680131083036890e-15 3.043021229653598e-04
11 38 6.156150034665090e-04 -1.803679581818670e-17
12 38 3.093589589045162e-15 2.696315129695327e-04
13 38 3.110667623543980e-04 -8.269640300402269e-18
14 38 2.313887756694587e-15 1.931624498473397e-04
15 38 1.756876672584091e-04 -6.076943125151680e-18
16 38 5.854502273479057e-15 1.279130897682711e-04
17 38 1.110447621643895e-04 -1.170245253416154e-17
18 38 4.369680527228504e-15 7.720011628581310e-05
19 38 7.974502955091035e-05 -2.328109506802675e-17
20 38 1.357463968868848e-15 3.627024919340039e-05
21 38 6.681913448717457e-05 -3.493803658501930e-17
22 38 1.156489380080666e-15 2.888772813004133e-17
23 38 6.681913448720888e-05 -4.081888501469596e-17
24 38 1.290333319365745e-15 -3.627024919335341e-05
25 38 7.974502955100200e-05 -3.658681022640401e-17
26 38 4.258814006336627e-15 -7.720011628579517e-05
27 38 1.110447621645003e-04 -2.258524026511226e-17
28 38 5.740005628980073e-15 -1.279130897682899e-04
29 38 1.756876672584928e-04 -1.754644686784430e-18
30 38 2.234283336294759e-15 -1.931624498473926e-04
31 38 3.110667623544244e-04 2.110023289122746e-17
32 38 3.080370272223852e-15 -2.696315129696059e-04
33 38 6.156150034664625e-04 3.800577315613395e-17
34 38 3.730555296718738e-15 -3.043021229654311e-04
35 38 1.365741531756821e-03 4.361174194403195e-17
36 38 4.740400471177818e-16 9.587104463515596e-06
37 38 3.300386356168313e-03 3.437546804276100e-17
38 38 -1.102784361332419e-15 2.115707356772808e-03
39 38 6.953771439747551e-03 1.480261979700942e-17
0 39 -5.819245273889913e-16 5.543489475881081e-02
1 39 -1.089959319214264e-01 1.371781114955458e-17
2 39 -6.301290087265137e-16 -5.543489475881088e-02
3 39 4.499079858972874e-02 -8.750908760395731e-18
4 39 1.997193190891254e-15 -4.821341163585785e-06
5 39 6.950994695309891e-03 -1.994991152487569e-17
6 39 3.705447434007648e-15 2.101255211992332e-03
7 39 1.578945041703510e-03 -2.768226416729989e-17
8 39 -2.256801257890092e-15 1.230473709551978e-03
9 39 5.116918155537969e-04 -2.390452532248857e-17
10 39 -9.776006512095737e-16 6.773877954891522e-04
11 39 2.139086461479600e-04 -1.829712454105949e-17
12 39 1.132565394692152e-15 3.893682574145089e-04
13 39 1.066074300010253e-04 -1.089496282911925e-17
14 39 9.401783544767692e-16 2.314401132673222e-04
15 39 6.101650769232123e-05 -6.501752992968988e-18
16 39 1.547117903217387e-15 1.363508622446407e-04
17 39 3.989239746558169e-05 -7.219801830302037e-18
18 39 4.453021137835558e-16 7.226209747574573e-05
19 39 3.033121472317912e-05 -1.292271326008358e-17
20 39 -1.565948255030025e-15 2.266670789083176e-05
21 39 2.755924477445873e-05 -2.082677031426971e-17
22 39 -1.601294132510817e-15 -2.266670789080677e-05
23 39 3.033121472324563e-05 -2.729882395688580e-17
24 39 3.558554389378578e-16 -7.226209747572939e-05
25 39 3.989239746568699e-05 -2.921434754650955e-17
26 39 1.434612774141490e-15 -1.363508622446401e-04
27 39 6.101650769242757e-05 -2.333274301950805e-17
28 39 8.455468886973965e-16 -2.314401132673396e-04
29 39 1.066074300010899e-04 -1.028586300950107e-17
30 39 1.086888932345968e-15 -3.893682574145433e-04
31 39 2.139086461479613e-04 5.637638685715470e-18
32 39 -9.598501212345567e-16 -6.773877954891979e-04
33 39 5.116918155537291e-04 2.091838664145156e-17
34 39 -2.183976507336818e-15 -1.230473709552034e-03
35 39 1.578945041703404e-03 3.163152097558387e-17
36 39 3.803702712581348e-15 -2.101255211992390e-03
37 39 6.950994695309786e-03 2.825500740245174e-17
38 39 2.074739852775745e-15 4.821341163531175e-06
39 39 4.499079858972869e-02 1.137830112310042e-17
