0 0 -2.996373156386639e-17 1.031029462084166e-16
1 0 3.099190108230659e-01 1.800668923413956e-01
2 0 2.422553911917725e-01 9.140316300706642e-17
3 0 1.468719135104904e-01 3.605255817093685e-02
4 0 1.173656662019740e-01 6.598122674604544e-17
5 0 8.890763582887089e-02 1.253106640743372e-02
6 0 7.395677882057869e-02 2.308343035746997e-17
7 0 6.067178627306204e-02 6.426053082978136e-03
8 0 5.169627795687923e-02 -2.198921115473014e-17
9 0 4.367470039321757e-02 4.091278354936398e-03
10 0 3.752367399958064e-02 -5.783531992433983e-17
11 0 3.190602563239368e-02 2.964898320703382e-03
12 0 2.725296493812525e-02 -7.289434399143366e-17
13 0 2.291030842919741e-02 2.350816431580850e-03
14 0 1.910949794060091e-02 -5.832220590804625e-17
15 0 1.549258293976082e-02 1.998942587236900e-03
16 0 1.218495769558975e-02 -2.047501056901340e-17
17 0 8.981638931279956e-03 1.802935818076390e-03
18 0 5.939404816206676e-03 2.987012774640791e-17
19 0 2.944635103819001e-03 1.714558484736750e-03
20 0 -2.098791826373322e-17 7.447632678182337e-17
21 0 -2.944635103819101e-03 1.714558484736710e-03
22 0 -5.939404816206710e-03 1.008965288669797e-16
23 0 -8.981638931280019e-03 1.802935818076279e-03
24 0 -1.218495769558981e-02 1.010387841356734e-16
25 0 -1.549258293976091e-02 1.998942587236750e-03
26 0 -1.910949794060098e-02 7.772351813419497e-17
27 0 -2.291030842919749e-02 2.350816431580698e-03
28 0 -2.725296493812533e-02 3.966216805756755e-17
29 0 -3.190602563239377e-02 2.964898320703265e-03
30 0 -3.752367399958075e-02 5.859101407956232e-18
31 0 -4.367470039321764e-02 4.091278354936333e-03
32 0 -5.169627795687933e-02 -1.260920958591495e-17
33 0 -6.067178627306216e-02 6.426053082978125e-03
34 0 -7.395677882057880e-02 -1.072247476371831e-17
35 0 -8.890763582887112e-02 1.253106640743373e-02
36 0 -1.173656662019743e-01 1.203978086559416e-17
37 0 -1.468719135104906e-01 3.605255817093688e-02
38 0 -2.422553911917728e-01 6.917107259295365e-17
39 0 -3.099190108230661e-01 1.800668923413954e-01
0 1 1.211325189168354e-01 2.132045270229624e-01
1 1 1.036850349281725e-01 1.142902577729868e-01
2 1 1.139381196652711e-01 6.920132954903706e-02
3 1 8.497597246184764e-02 5.363736518755783e-02
4 1 8.005279393447468e-02 3.119574441954304e-02
5 1 6.311087107009586e-02 2.919468763286137e-02
6 1 5.728657044784410e-02 1.771018160598873e-02
7 1 4.699393780007298e-02 1.844349843454621e-02
8 1 4.206203701271964e-02 1.172963471852661e-02
9 1 3.512705186734704e-02 1.307833371112399e-02
10 1 3.103436353851662e-02 8.654307904992883e-03
11 1 2.591204183980136e-02 1.012855470937303e-02
12 1 2.240794530576452e-02 6.926731341468411e-03
13 1 1.833058330483505e-02 8.415768698478336e-03
14 1 1.520158719917971e-02 5.921146082839564e-03
15 1 1.174780109372527e-02 7.419904924222629e-03
16 1 8.828834509188050e-03 5.356139745085468e-03
17 1 5.741536587825734e-03 6.895952184560270e-03
18 1 2.896901091646135e-03 5.100257609579863e-03
19 1 -4.229787191789097e-17 6.732138359978233e-03
20 1 -2.896901091646184e-03 5.100257609579910e-03
21 1 -5.741536587825813e-03 6.895952184560188e-03
22 1 -8.828834509188119e-03 5.356139745085576e-03
23 1 -1.174780109372535e-02 7.419904924222480e-03
24 1 -1.520158719917976e-02 5.921146082839722e-03
25 1 -1.833058330483515e-02 8.415768698478170e-03
26 1 -2.240794530576459e-02 6.926731341468563e-03
27 1 -2.591204183980142e-02 1.012855470937290e-02
28 1 -3.103436353851675e-02 8.654307904993013e-03
29 1 -3.512705186734715e-02 1.307833371112390e-02
30 1 -4.206203701271979e-02 1.172963471852668e-02
31 1 -4.699393780007306e-02 1.844349843454617e-02
32 1 -5.728657044784415e-02 1.771018160598871e-02
33 1 -6.311087107009609e-02 2.919468763286136e-02
34 1 -8.005279393447483e-02 3.119574441954302e-02
35 1 -8.497597246184779e-02 5.363736518755782e-02
36 1 -1.139381196652714e-01 6.920132954903711e-02
37 1 -1.036850349281726e-01 1.142902577729869e-01
38 1 -1.211325189168357e-01 2.132045270229622e-01
39 1 -2.194052022453809e-17 2.202592151286409e-01
0 2 5.872141966857771e-02 1.084687684602826e-01
1 2 5.438089811711255e-02 7.930502053785729e-02
2 2 6.410092807798302e-02 6.233893739144503e-02
3 2 5.289948131633710e-02 5.045060060328607e-02
4 2 5.366870039320990e-02 3.792401797079357e-02
5 2 4.421641274039685e-02 3.367954208136775e-02
6 2 4.228283456920930e-02 2.541169252706397e-02
7 2 3.516280445631418e-02 2.419109574399036e-02
8 2 3.254850156428531e-02 1.860162627309009e-02
9 2 2.711280108227651e-02 1.865067670317139e-02
10 2 2.441105841061657e-02 1.466785509685201e-02
11 2 2.008548072275381e-02 1.531083439117094e-02
12 2 1.743819980754811e-02 1.231707896410950e-02
13 2 1.383528480376736e-02 1.328555914726487e-02
14 2 1.124008793638337e-02 1.092692644635223e-02
15 2 8.105179994890545e-03 1.212027110970272e-02
16 2 5.510068316134635e-03 1.018850833172246e-02
17 2 2.669964403249557e-03 1.158590441062660e-02
18 2 -2.996876314854849e-17 9.956639971065263e-03
19 2 -2.669964403249627e-03 1.158590441062656e-02
20 2 -5.510068316134703e-03 1.018850833172254e-02
21 2 -8.105179994890620e-03 1.212027110970264e-02
22 2 -1.124008793638344e-02 1.092692644635234e-02
23 2 -1.383528480376742e-02 1.328555914726475e-02
24 2 -1.743819980754816e-02 1.231707896410965e-02
25 2 -2.008548072275389e-02 1.531083439117080e-02
26 2 -2.441105841061661e-02 1.466785509685214e-02
27 2 -2.711280108227660e-02 1.865067670317129e-02
28 2 -3.254850156428538e-02 1.860162627309020e-02
29 2 -3.516280445631422e-02 2.419109574399028e-02
30 2 -4.228283456920933e-02 2.541169252706404e-02
31 2 -4.421641274039691e-02 3.367954208136772e-02
32 2 -5.366870039320994e-02 3.792401797079366e-02
33 2 -5.289948131633720e-02 5.045060060328604e-02
34 2 -6.410092807798311e-02 6.233893739144505e-02
35 2 -5.438089811711262e-02 7.930502053785733e-02
36 2 -5.872141966857781e-02 1.084687684602826e-01
37 2 -2.596241465650728e-02 1.164204952715451e-01
38 2 -3.105423887591973e-17 1.383525371055047e-01
39 2 2.596241465650723e-02 1.164204952715451e-01
0 3 3.710862014271400e-02 7.433096385947997e-02
1 3 3.509151578954482e-02 6.140739171499807e-02
2 3 4.111591466364650e-02 5.291280008954398e-02
3 3 3.562121771902008e-02 4.547959646507434e-02
4 3 3.717316066609806e-02 3.797475179117350e-02
5 3 3.151016408053052e-02 3.431777360844197e-02
6 3 3.095803733109197e-02 2.852994280279774e-02
7 3 2.601645916726395e-02 2.697674992529506e-02
8 3 2.454267852355918e-02 2.261632458830749e-02
9 3 2.037296844018100e-02 2.221849173808703e-02
10 3 1.849466172401897e-02 1.889106150914487e-02
11 3 1.494920486565215e-02 1.916595535066247e-02
12 3 1.287385826931965e-02 1.656875330799951e-02
13 3 9.793458840751858e-03 1.728062040936702e-02
14 3 7.587979516938704e-03 1.520993224636091e-02
15 3 4.843034240030598e-03 1.625368558218657e-02
16 3 2.506606842658257e-03 1.458115397189032e-02
17 3 -2.847419091121081e-17 1.592747481670871e-02
18 3 -2.506606842658326e-03 1.458115397189035e-02
19 3 -4.843034240030657e-03 1.625368558218653e-02
20 3 -7.587979516938771e-03 1.520993224636097e-02
21 3 -9.793458840751931e-03 1.728062040936695e-02
22 3 -1.287385826931971e-02 1.656875330799957e-02
23 3 -1.494920486565221e-02 1.916595535066241e-02
24 3 -1.849466172401904e-02 1.889106150914496e-02
25 3 -2.037296844018111e-02 2.221849173808696e-02
26 3 -2.454267852355924e-02 2.261632458830757e-02
27 3 -2.601645916726401e-02 2.697674992529500e-02
28 3 -3.095803733109203e-02 2.852994280279779e-02
29 3 -3.151016408053059e-02 3.431777360844193e-02
30 3 -3.717316066609814e-02 3.797475179117352e-02
31 3 -3.562121771902023e-02 4.547959646507432e-02
32 3 -4.111591466364656e-02 5.291280008954399e-02
33 3 -3.509151578954493e-02 6.140739171499811e-02
34 3 -3.710862014271407e-02 7.433096385947985e-02
35 3 -2.367096955026268e-02 7.962401267676562e-02
36 3 -1.604833120865303e-02 9.338431583326974e-02
37 3 -2.933657942523106e-17 8.862397024147116e-02
38 3 1.604833120865293e-02 9.338431583326984e-02
39 3 2.367096955026261e-02 7.962401267676565e-02
0 4 2.615684858815230e-02 5.855872271164259e-02
1 4 2.478278902298851e-02 5.142532448838341e-02
2 4 2.848723011371815e-02 4.634940681272243e-02
3 4 2.522694336431781e-02 4.159694629396736e-02
4 4 2.652624692570660e-02 3.672065054412080e-02
5 4 2.281714703587685e-02 3.398271114096443e-02
6 4 2.267480173770303e-02 2.985461109304349e-02
7 4 1.912286990841504e-02 2.849975061712939e-02
8 4 1.816901037364151e-02 2.515285075493632e-02
9 4 1.495099489472265e-02 2.470698344111448e-02
10 4 1.353316495942566e-02 2.202350634269339e-02
11 4 1.065704149173167e-02 2.219324297700202e-02
12 4 8.949055671602740e-03 2.004401433936388e-02
13 4 6.371007648435918e-03 2.066500828939813e-02
14 4 4.448200065534223e-03 1.895023708084820e-02
15 4 2.118594552855653e-03 1.994283445731584e-02
16 4 -3.860699620912947e-17 1.860045222946244e-02
17 4 -2.118594552855703e-03 1.994283445731588e-02
18 4 -4.448200065534297e-03 1.895023708084818e-02
19 4 -6.371007648435959e-03 2.066500828939817e-02
20 4 -8.949055671602797e-03 2.004401433936390e-02
21 4 -1.065704149173173e-02 2.219324297700205e-02
22 4 -1.353316495942574e-02 2.202350634269341e-02
23 4 -1.495099489472273e-02 2.470698344111452e-02
24 4 -1.816901037364158e-02 2.515285075493636e-02
25 4 -1.912286990841509e-02 2.849975061712943e-02
26 4 -2.267480173770308e-02 2.985461109304351e-02
27 4 -2.281714703587691e-02 3.398271114096443e-02
28 4 -2.652624692570667e-02 3.672065054412085e-02
29 4 -2.522694336431790e-02 4.159694629396730e-02
30 4 -2.848723011371823e-02 4.634940681272249e-02
31 4 -2.478278902298858e-02 5.142532448838341e-02
32 4 -2.615684858815233e-02 5.855872271164265e-02
33 4 -1.919373901155127e-02 6.215979551861601e-02
34 4 -1.650827864927051e-02 7.032223867068266e-02
35 4 -7.397249726847544e-03 6.982740277609931e-02
36 4 -3.789453534832095e-17 7.544707107039073e-02
37 4 7.397249726847488e-03 6.982740277609940e-02
38 4 1.650827864927039e-02 7.032223867068257e-02
39 4 1.919373901155124e-02 6.215979551861604e-02
0 5 1.936488548518632e-02 4.985922699533232e-02
1 5 1.825944779994652e-02 4.545333830202937e-02
2 5 2.058632435351962e-02 4.207028874452614e-02
3 5 1.837089452754487e-02 3.892293375891727e-02
4 5 1.927792735211669e-02 3.554490202046832e-02
5 5 1.665555116719842e-02 3.358211264203549e-02
6 5 1.657490992011490e-02 3.056299584763241e-02
7 5 1.392409874525725e-02 2.953145481527637e-02
8 5 1.319384537703253e-02 2.696860514880536e-02
9 5 1.067978591710626e-02 2.663300514853393e-02
10 5 9.518558340932804e-03 2.451575299592509e-02
11 5 7.197796783704098e-03 2.470788522293848e-02
12 5 5.732572877449959e-03 2.299590406236062e-02
13 5 3.616119981528272e-03 2.361178108757679e-02
14 5 1.912985484555444e-03 2.226996563564683e-02
15 5 -2.142983705101437e-17 2.325622251070746e-02
16 5 -1.912985484555525e-03 2.226996563564681e-02
17 5 -3.616119981528322e-03 2.361178108757686e-02
18 5 -5.732572877450036e-03 2.299590406236057e-02
19 5 -7.197796783704142e-03 2.470788522293861e-02
20 5 -9.518558340932867e-03 2.451575299592499e-02
21 5 -1.067978591710632e-02 2.663300514853404e-02
22 5 -1.319384537703258e-02 2.696860514880528e-02
23 5 -1.392409874525729e-02 2.953145481527647e-02
24 5 -1.657490992011493e-02 3.056299584763236e-02
25 5 -1.665555116719850e-02 3.358211264203562e-02
26 5 -1.927792735211678e-02 3.554490202046825e-02
27 5 -1.837089452754494e-02 3.892293375891730e-02
28 5 -2.058632435351967e-02 4.207028874452619e-02
29 5 -1.825944779994658e-02 4.545333830202939e-02
30 5 -1.936488548518637e-02 4.985922699533241e-02
31 5 -1.530387045354986e-02 5.245487863562156e-02
32 5 -1.435616247437874e-02 5.757769984209907e-02
33 5 -8.916039526113992e-03 5.821976281983683e-02
34 5 -5.379709481715986e-03 6.263465870721810e-02
35 5 -2.674802135492828e-17 6.050947262381017e-02
36 5 5.379709481715914e-03 6.263465870721807e-02
37 5 8.916039526113920e-03 5.821976281983687e-02
38 5 1.435616247437867e-02 5.757769984209903e-02
39 5 1.530387045354982e-02 5.245487863562154e-02
0 6 1.466901998776671e-02 4.462718569802932e-02
1 6 1.371932563916874e-02 4.173467103981229e-02
2 6 1.519263625662377e-02 3.932036039649248e-02
3 6 1.354695215875686e-02 3.718782313469833e-02
4 6 1.411264491903143e-02 3.474050549698979e-02
5 6 1.215134462734318e-02 3.336800238521639e-02
6 6 1.202122976117636e-02 3.111650057153481e-02
7 6 9.984045956769281e-03 3.039887465760758e-02
8 6 9.346198906910887e-03 2.844002438009408e-02
9 6 7.364737630445526e-03 2.825958977724043e-02
10 6 6.356512253158812e-03 2.662246370221803e-02
11 6 4.498088032965424e-03 2.688468405786874e-02
12 6 3.210125448908235e-03 2.557299062015931e-02
13 6 1.511232871218015e-03 2.621405198723785e-02
14 6 -3.779733227697784e-17 2.523024418541494e-02
15 6 -1.511232871218055e-03 2.621405198723789e-02
16 6 -3.210125448908304e-03 2.557299062015920e-02
17 6 -4.498088032965477e-03 2.688468405786888e-02
18 6 -6.356512253158888e-03 2.662246370221787e-02
19 6 -7.364737630445586e-03 2.825958977724060e-02
20 6 -9.346198906910939e-03 2.844002438009395e-02
21 6 -9.984045956769341e-03 3.039887465760774e-02
22 6 -1.202122976117640e-02 3.111650057153470e-02
23 6 -1.215134462734322e-02 3.336800238521650e-02
24 6 -1.411264491903149e-02 3.474050549698975e-02
25 6 -1.354695215875692e-02 3.718782313469843e-02
26 6 -1.519263625662382e-02 3.932036039649246e-02
27 6 -1.371932563916880e-02 4.173467103981231e-02
28 6 -1.466901998776676e-02 4.462718569802933e-02
29 6 -1.215286379211278e-02 4.658527559547956e-02
30 6 -1.193372739358165e-02 4.997205816298025e-02
31 6 -8.518343568581757e-03 5.088577508938676e-02
32 6 -6.793525248364169e-03 5.411929380474718e-02
33 6 -3.083034396152922e-03 5.348125227549091e-02
34 6 -3.125095295186299e-17 5.570699014817333e-02
35 6 3.083034396152867e-03 5.348125227549100e-02
36 6 6.793525248364110e-03 5.411929380474711e-02
37 6 8.518343568581698e-03 5.088577508938683e-02
38 6 1.193372739358160e-02 4.997205816298018e-02
39 6 1.215286379211272e-02 4.658527559547962e-02
0 7 1.121197520246453e-02 4.134957528662449e-02
1 7 1.037699583039870e-02 3.938681175141170e-02
2 7 1.129792572483701e-02 3.758970513231337e-02
3 7 1.000760116087900e-02 3.613240723079380e-02
4 7 1.031124049931597e-02 3.430856901349473e-02
5 7 8.789818575196154e-03 3.337534183088045e-02
6 7 8.588538944656198e-03 3.167830354217449e-02
7 7 6.994490245267923e-03 3.122585398848184e-02
8 7 6.398508764505323e-03 2.973852031988249e-02
9 7 4.834218846858655e-03 2.970723558799598e-02
10 7 3.933109180244029e-03 2.847158983487367e-02
11 7 2.464422084045262e-03 2.880756068421246e-02
12 7 1.325572898059209e-03 2.784777630043999e-02
13 7 -2.360915342752920e-17 2.851001159581710e-02
14 7 -1.325572898059276e-03 2.784777630043993e-02
15 7 -2.464422084045312e-03 2.880756068421257e-02
16 7 -3.933109180244095e-03 2.847158983487354e-02
17 7 -4.834218846858702e-03 2.970723558799617e-02
18 7 -6.398508764505381e-03 2.973852031988232e-02
19 7 -6.994490245267973e-03 3.122585398848204e-02
20 7 -8.588538944656268e-03 3.167830354217432e-02
21 7 -8.789818575196194e-03 3.337534183088059e-02
22 7 -1.031124049931601e-02 3.430856901349460e-02
23 7 -1.000760116087905e-02 3.613240723079390e-02
24 7 -1.129792572483707e-02 3.758970513231332e-02
25 7 -1.037699583039875e-02 3.938681175141173e-02
26 7 -1.121197520246460e-02 4.134957528662455e-02
27 7 -9.608799726252290e-03 4.287184369632933e-02
28 7 -9.724571235228335e-03 4.519160460221794e-02
29 7 -7.507395565180624e-03 4.611114680969288e-02
30 7 -6.694199930564661e-03 4.845733803544878e-02
31 7 -4.146857678381477e-03 4.846233440018419e-02
32 7 -2.397352209944174e-03 5.036701793255030e-02
33 7 -2.677537896318325e-17 4.932891644422419e-02
34 7 2.397352209944120e-03 5.036701793255031e-02
35 7 4.146857678381416e-03 4.846233440018421e-02
36 7 6.694199930564611e-03 4.845733803544870e-02
37 7 7.507395565180576e-03 4.611114680969296e-02
38 7 9.724571235228288e-03 4.519160460221786e-02
39 7 9.608799726252228e-03 4.287184369632940e-02
0 8 8.571476318921724e-03 3.927081994578803e-02
1 8 7.834614229618219e-03 3.791886737671449e-02
2 8 8.387581152661281e-03 3.654840065448624e-02
3 8 7.345881543961595e-03 3.555759690584673e-02
4 8 7.459522493530532e-03 3.417799868347555e-02
5 8 6.255547916950790e-03 3.356931581734745e-02
6 8 5.994533242493863e-03 3.228820828456754e-02
7 8 4.738572545381906e-03 3.204476625982269e-02
8 8 4.172160059566561e-03 3.093053217536427e-02
9 8 2.945002543043454e-03 3.102095876035045e-02
10 8 2.135775657273422e-03 3.011725589116882e-02
11 8 9.979902102028979e-04 3.050842211599653e-02
12 8 -2.726351284923896e-17 2.984680097056781e-02
13 8 -9.979902102029493e-04 3.050842211599658e-02
14 8 -2.135775657273478e-03 3.011725589116871e-02
15 8 -2.945002543043503e-03 3.102095876035058e-02
16 8 -4.172160059566614e-03 3.093053217536406e-02
17 8 -4.738572545381956e-03 3.204476625982287e-02
18 8 -5.994533242493921e-03 3.228820828456735e-02
19 8 -6.255547916950832e-03 3.356931581734757e-02
20 8 -7.459522493530585e-03 3.417799868347540e-02
21 8 -7.345881543961636e-03 3.555759690584685e-02
22 8 -8.387581152661338e-03 3.654840065448618e-02
23 8 -7.834614229618278e-03 3.791886737671456e-02
24 8 -8.571476318921764e-03 3.927081994578798e-02
25 8 -7.544682067718146e-03 4.047525803011364e-02
26 8 -7.816221691408493e-03 4.209777594489542e-02
27 8 -6.351535462931589e-03 4.293789895146187e-02
28 8 -6.022283205587414e-03 4.464569448532386e-02
29 8 -4.265973162827267e-03 4.492375312531539e-02
30 8 -3.293740290685550e-03 4.644835922487038e-02
31 8 -1.506399377547758e-03 4.604316265699975e-02
32 8 -2.003478879048162e-17 4.710310844950563e-02
33 8 1.506399377547706e-03 4.604316265699977e-02
34 8 3.293740290685512e-03 4.644835922487038e-02
35 8 4.265973162827221e-03 4.492375312531541e-02
36 8 6.022283205587379e-03 4.464569448532381e-02
37 8 6.351535462931534e-03 4.293789895146189e-02
38 8 7.816221691408453e-03 4.209777594489541e-02
39 8 7.544682067718094e-03 4.047525803011361e-02
0 9 6.513366704996059e-03 3.796654215620388e-02
1 9 5.867053781977031e-03 3.703390319994682e-02
2 9 6.171955174372809e-03 3.597676899564532e-02
3 9 5.320653599151892e-03 3.531574597940204e-02
4 9 5.303285947678356e-03 3.426774161049360e-02
5 9 4.343870992736190e-03 3.389658993965784e-02
6 9 4.045183245017988e-03 3.293615337602406e-02
7 9 3.058304727427628e-03 3.284864346510891e-02
8 9 2.525850267856243e-03 3.203146534566981e-02
9 9 1.576506844351289e-03 3.220912444897001e-02
10 9 8.579615379351338e-04 3.157537072010492e-02
11 9 -2.798296846389743e-17 3.199445509065436e-02
12 9 -8.579615379351746e-04 3.157537072010488e-02
13 9 -1.576506844351344e-03 3.220912444897008e-02
14 9 -2.525850267856284e-03 3.203146534566969e-02
15 9 -3.058304727427677e-03 3.284864346510906e-02
16 9 -4.045183245018035e-03 3.293615337602391e-02
17 9 -4.343870992736236e-03 3.389658993965797e-02
18 9 -5.303285947678398e-03 3.426774161049349e-02
19 9 -5.320653599151931e-03 3.531574597940212e-02
20 9 -6.171955174372868e-03 3.597676899564521e-02
21 9 -5.867053781977070e-03 3.703390319994689e-02
22 9 -6.513366704996105e-03 3.796654215620385e-02
23 9 -5.865470992780947e-03 3.892722714218014e-02
24 9 -6.201787437167544e-03 4.007292050020516e-02
25 9 -5.230676164322308e-03 4.080889926258788e-02
26 9 -5.165236749074547e-03 4.205604084921374e-02
27 9 -3.951686091289146e-03 4.243649278473501e-02
28 9 -3.439729336563327e-03 4.362304825530138e-02
29 9 -2.131964801626285e-03 4.355148314882476e-02
30 9 -1.208877061451598e-03 4.449394819110736e-02
31 9 -2.572418975155588e-17 4.394932616646830e-02
32 9 1.208877061451567e-03 4.449394819110740e-02
33 9 2.131964801626233e-03 4.355148314882485e-02
34 9 3.439729336563291e-03 4.362304825530128e-02
35 9 3.951686091289102e-03 4.243649278473509e-02
36 9 5.165236749074508e-03 4.205604084921368e-02
37 9 5.230676164322263e-03 4.080889926258791e-02
38 9 6.201787437167488e-03 4.007292050020510e-02
39 9 5.865470992780923e-03 3.892722714218014e-02
0 10 4.894806902312173e-03 3.717705412416482e-02
1 10 4.334499138642707e-03 3.653997472448656e-02
2 10 4.473167845058742e-03 3.572287674505058e-02
3 10 3.777068220639473e-03 3.529709528912978e-02
4 10 3.675353685593717e-03 3.450444357820229e-02
5 10 2.913078946862554e-03 3.430397282714762e-02
6 10 2.599916266908939e-03 3.359452926185919e-02
7 10 1.832796492179190e-03 3.361644855471724e-02
8 10 1.344104840445200e-03 3.303495064950870e-02
9 10 6.249470932865734e-04 3.326581870700024e-02
10 10 -1.326618899628170e-17 3.284638074362315e-02
11 10 -6.249470932866297e-04 3.326581870700029e-02
12 10 -1.344104840445228e-03 3.303495064950864e-02
13 10 -1.832796492179240e-03 3.361644855471731e-02
14 10 -2.599916266908975e-03 3.359452926185909e-02
15 10 -2.913078946862596e-03 3.430397282714769e-02
16 10 -3.675353685593761e-03 3.450444357820222e-02
17 10 -3.777068220639500e-03 3.529709528912980e-02
18 10 -4.473167845058794e-03 3.572287674505049e-02
19 10 -4.334499138642740e-03 3.653997472448659e-02
20 10 -4.894806902312219e-03 3.717705412416480e-02
21 10 -4.501203187708083e-03 3.794400707105430e-02
22 10 -4.852593244545157e-03 3.875328871694449e-02
23 10 -4.214596525348330e-03 3.938242791267361e-02
24 10 -4.291829914057977e-03 4.029305538819463e-02
25 10 -3.456085845865276e-03 4.069409075436786e-02
26 10 -3.219568909663686e-03 4.160375052136226e-02
27 10 -2.273881110165628e-03 4.170283146584669e-02
28 10 -1.728669802908094e-03 4.249049625992499e-02
29 10 -7.938490679138133e-04 4.225333269357538e-02
30 10 -1.255620175204625e-17 4.280472876593479e-02
31 10 7.938490679137678e-04 4.225333269357542e-02
32 10 1.728669802908069e-03 4.249049625992493e-02
33 10 2.273881110165585e-03 4.170283146584679e-02
34 10 3.219568909663650e-03 4.160375052136219e-02
35 10 3.456085845865240e-03 4.069409075436792e-02
36 10 4.291829914057924e-03 4.029305538819464e-02
37 10 4.214596525348301e-03 3.938242791267374e-02
38 10 4.852593244545104e-03 3.875328871694446e-02
39 10 4.501203187708059e-03 3.794400707105434e-02
0 11 3.620887099020247e-03 3.673291734321701e-02
1 11 3.142488422916754e-03 3.630666060539036e-02
2 11 3.172718261377507e-03 3.567833481857865e-02
3 11 2.607818223531406e-03 3.541962765868659e-02
4 11 2.457850547519290e-03 3.482702565721021e-02
5 11 1.858615024653908e-03 3.474543205558338e-02
6 11 1.551155015012418e-03 3.423313696454668e-02
7 11 9.653263165014915e-04 3.432569982450542e-02
8 11 5.297459549853939e-04 3.392882086125693e-02
9 11 -2.684496662301602e-17 3.418336561615719e-02
10 11 -5.297459549854122e-04 3.392882086125688e-02
11 11 -9.653263165015418e-04 3.432569982450537e-02
12 11 -1.551155015012441e-03 3.423313696454666e-02
13 11 -1.858615024653953e-03 3.474543205558342e-02
14 11 -2.457850547519320e-03 3.482702565721020e-02
15 11 -2.607818223531436e-03 3.541962765868648e-02
16 11 -3.172718261377543e-03 3.567833481857862e-02
17 11 -3.142488422916778e-03 3.630666060539031e-02
18 11 -3.620887099020294e-03 3.673291734321703e-02
19 11 -3.398527619466733e-03 3.734243620198691e-02
20 11 -3.736871345877455e-03 3.790993078792078e-02
21 11 -3.327071068026375e-03 3.843807324504719e-02
22 11 -3.476897162861421e-03 3.910022934498102e-02
23 11 -2.907071893386745e-03 3.948227000080937e-02
24 11 -2.834895981041587e-03 4.017210239646756e-02
25 11 -2.158603290688981e-03 4.035162309955909e-02
26 11 -1.857051674341597e-03 4.098775997907365e-02
27 11 -1.151097563605382e-03 4.092996631402524e-02
28 11 -6.467918354190169e-04 4.142974184676705e-02
29 11 -1.936749762307749e-17 4.113305637270996e-02
30 11 6.467918354189939e-04 4.142974184676701e-02
31 11 1.151097563605345e-03 4.092996631402529e-02
32 11 1.857051674341570e-03 4.098775997907361e-02
33 11 2.158603290688951e-03 4.035162309955913e-02
34 11 2.834895981041548e-03 4.017210239646752e-02
35 11 2.907071893386720e-03 3.948227000080948e-02
36 11 3.476897162861375e-03 3.910022934498102e-02
37 11 3.327071068026360e-03 3.843807324504726e-02
38 11 3.736871345877405e-03 3.790993078792073e-02
39 11 3.398527619466716e-03 3.734243620198696e-02
0 12 2.623440985620547e-03 3.651833136653539e-02
1 12 2.222241923051345e-03 3.624231740303561e-02
2 12 2.185609405456201e-03 3.576441422124214e-02
3 12 1.733416803068529e-03 3.562228777182207e-02
4 12 1.562350650768436e-03 3.518729509882386e-02
5 12 1.099253365786707e-03 3.518455569661210e-02
6 12 8.129618294569512e-04 3.482620025862227e-02
7 12 3.763459231135844e-04 3.495857831695025e-02
8 12 -6.654912836196411e-18 3.470343568997066e-02
9 12 -3.763459231136300e-04 3.495857831695016e-02
10 12 -8.129618294569663e-04 3.482620025862236e-02
11 12 -1.099253365786747e-03 3.518455569661199e-02
12 12 -1.562350650768459e-03 3.518729509882394e-02
13 12 -1.733416803068560e-03 3.562228777182196e-02
14 12 -2.185609405456236e-03 3.576441422124219e-02
15 12 -2.222241923051366e-03 3.624231740303556e-02
16 12 -2.623440985620585e-03 3.651833136653548e-02
17 12 -2.514775412165111e-03 3.699851235501235e-02
18 12 -2.824317253873508e-03 3.739097621704995e-02
19 12 -2.571128487332643e-03 3.782738921093709e-02
20 12 -2.751726412644717e-03 3.830511898117128e-02
21 12 -2.369898694915391e-03 3.864990907282757e-02
22 12 -2.393466079000630e-03 3.916787979918590e-02
23 12 -1.916175935485461e-03 3.937749592037287e-02
24 12 -1.770562146332811e-03 3.987993934600362e-02
25 12 -1.247307395626388e-03 3.992308414192101e-02
26 12 -9.418213706817970e-04 4.035052950391361e-02
27 12 -4.329445172328591e-04 4.021587011053096e-02
28 12 -1.095750129648461e-17 4.051519472498884e-02
29 12 4.329445172328284e-04 4.021587011053094e-02
30 12 9.418213706817726e-04 4.035052950391366e-02
31 12 1.247307395626358e-03 3.992308414192100e-02
32 12 1.770562146332780e-03 3.987993934600353e-02
33 12 1.916175935485437e-03 3.937749592037290e-02
34 12 2.393466079000590e-03 3.916787979918586e-02
35 12 2.369898694915371e-03 3.864990907282760e-02
36 12 2.751726412644677e-03 3.830511898117120e-02
37 12 2.571128487332626e-03 3.782738921093719e-02
38 12 2.824317253873466e-03 3.739097621704992e-02
39 12 2.514775412165094e-03 3.699851235501244e-02
0 13 1.850198326911784e-03 3.645173188208473e-02
1 13 1.520597933506156e-03 3.628139800478346e-02
2 13 1.447097660540811e-03 3.592376650421523e-02
3 13 1.091974347880440e-03 3.586039581222726e-02
4 13 9.194294466292778e-04 3.554922698709485e-02
5 13 5.698417795040173e-04 3.559494039856757e-02
6 13 3.150899093484831e-04 3.535528595001625e-02
7 13 -1.726744703641957e-17 3.550433004888359e-02
8 13 -3.150899093484988e-04 3.535528595001621e-02
9 13 -5.698417795040500e-04 3.559494039856747e-02
10 13 -9.194294466292964e-04 3.554922698709496e-02
11 13 -1.091974347880471e-03 3.586039581222710e-02
12 13 -1.447097660540834e-03 3.592376650421536e-02
13 13 -1.520597933506180e-03 3.628139800478328e-02
14 13 -1.850198326911815e-03 3.645173188208486e-02
15 13 -1.814354743117640e-03 3.682541802251649e-02
16 13 -2.086915567075518e-03 3.709161371704076e-02
17 13 -1.939911277094465e-03 3.744685268621115e-02
18 13 -2.126062112989623e-03 3.778794510642079e-02
19 13 -1.876586852322587e-03 3.808855170453742e-02
20 13 -1.952744521274072e-03 3.847375263147076e-02
21 13 -1.621357932952003e-03 3.868567435525441e-02
22 13 -1.573970249861934e-03 3.907613609501319e-02
23 13 -1.192816405350693e-03 3.917241485186384e-02
24 13 -1.022167523069875e-03 3.952522830236217e-02
25 13 -6.322066613871981e-04 3.949113455518257e-02
26 13 -3.543550449161372e-04 3.976531282428821e-02
27 13 -1.072978549133504e-17 3.960210916882440e-02
28 13 3.543550449161130e-04 3.976531282428819e-02
29 13 6.322066613871762e-04 3.949113455518256e-02
30 13 1.022167523069850e-03 3.952522830236222e-02
31 13 1.192816405350675e-03 3.917241485186373e-02
32 13 1.573970249861902e-03 3.907613609501314e-02
33 13 1.621357932951983e-03 3.868567435525445e-02
34 13 1.952744521274039e-03 3.847375263147074e-02
35 13 1.876586852322573e-03 3.808855170453749e-02
36 13 2.126062112989586e-03 3.778794510642065e-02
37 13 1.939911277094448e-03 3.744685268621127e-02
38 13 2.086915567075483e-03 3.709161371704065e-02
39 13 1.814354743117620e-03 3.682541802251666e-02
0 14 1.259159593173402e-03 3.647478620015234e-02
1 14 9.948274097956072e-04 3.637688191598539e-02
2 14 9.058385403015724e-04 3.611514463590101e-02
3 14 6.339087956133208e-04 3.610231108560468e-02
4 14 4.732380893520066e-04 3.588766947498871e-02
5 14 2.175682446247919e-04 3.595947143113355e-02
6 14 -1.056556378685146e-17 3.580989733939866e-02
7 14 -2.175682446248112e-04 3.595947143113355e-02
8 14 -4.732380893520275e-04 3.588766947498882e-02
9 14 -6.339087956133395e-04 3.610231108560456e-02
10 14 -9.058385403015928e-04 3.611514463590119e-02
11 14 -9.948274097956271e-04 3.637688191598518e-02
12 14 -1.259159593173421e-03 3.647478620015254e-02
13 14 -1.266772374124985e-03 3.676108710312767e-02
14 14 -1.498966749603261e-03 3.693747928332904e-02
15 14 -1.421829538757826e-03 3.722234058293167e-02
16 14 -1.598507973443399e-03 3.746321844682120e-02
17 14 -1.440792628863874e-03 3.771890424132297e-02
18 14 -1.542160949627986e-03 3.800299064495964e-02
19 14 -1.316432092789960e-03 3.820258066066049e-02
20 14 -1.329081323529435e-03 3.850244516206336e-02
21 14 -1.056237616850398e-03 3.862309392125969e-02
22 14 -9.757999059642320e-04 3.890757132899614e-02
23 14 -6.836128897936276e-04 3.893400621719822e-02
24 14 -5.164964206535688e-04 3.917188071596716e-02
25 14 -2.365587603092517e-04 3.909932284075863e-02
26 14 -1.265731135365236e-17 3.926373087421556e-02
27 14 2.365587603092413e-04 3.909932284075859e-02
28 14 5.164964206535452e-04 3.917188071596724e-02
29 14 6.836128897936143e-04 3.893400621719818e-02
30 14 9.757999059642065e-04 3.890757132899625e-02
31 14 1.056237616850383e-03 3.862309392125962e-02
32 14 1.329081323529411e-03 3.850244516206337e-02
33 14 1.316432092789941e-03 3.820258066066046e-02
34 14 1.542160949627963e-03 3.800299064495961e-02
35 14 1.440792628863856e-03 3.771890424132302e-02
36 14 1.598507973443375e-03 3.746321844682109e-02
37 14 1.421829538757804e-03 3.722234058293174e-02
38 14 1.498966749603241e-03 3.693747928332887e-02
39 14 1.266772374124961e-03 3.676108710312783e-02
0 15 8.157380410657378e-04 3.654569330463071e-02
1 15 6.100138546142735e-04 3.649539410390845e-02
2 15 5.203684110412593e-04 3.630972534434063e-02
3 15 3.192271372490155e-04 3.632678285181973e-02
4 15 1.787022287813445e-04 3.618673659319599e-02
5 15 -3.524259932118405e-19 3.626899277080529e-02
6 15 -1.787022287813722e-04 3.618673659319604e-02
7 15 -3.192271372490188e-04 3.632678285181963e-02
8 15 -5.203684110412828e-04 3.630972534434077e-02
9 15 -6.100138546142819e-04 3.649539410390828e-02
10 15 -8.157380410657545e-04 3.654569330463093e-02
11 15 -8.456971530311560e-04 3.676070538627081e-02
12 15 -1.037118240618938e-03 3.687490159076570e-02
13 15 -1.003327466551250e-03 3.709977870628673e-02
14 15 -1.161900796401156e-03 3.726862386311373e-02
15 15 -1.065818742795993e-03 3.748200273812328e-02
16 15 -1.175041664959367e-03 3.769065806605727e-02
17 15 -1.024177269426120e-03 3.787109707546752e-02
18 15 -1.071528101582735e-03 3.809992445691722e-02
19 15 -8.794402563246440e-04 3.822816266612439e-02
20 15 -8.582842128591541e-04 3.845429581502733e-02
21 15 -6.437661238829356e-04 3.851572477646789e-02
22 15 -5.547997058065031e-04 3.871544188354958e-02
23 15 -3.400917709840475e-04 3.870234635765365e-02
24 15 -1.918563441587801e-04 3.885399908238323e-02
25 15 7.383998599108501e-19 3.876701790491733e-02
26 15 1.918563441587533e-04 3.885399908238332e-02
27 15 3.400917709840465e-04 3.870234635765359e-02
28 15 5.547997058064790e-04 3.871544188354967e-02
29 15 6.437661238829261e-04 3.851572477646779e-02
30 15 8.582842128591362e-04 3.845429581502736e-02
31 15 8.794402563246256e-04 3.822816266612420e-02
32 15 1.071528101582723e-03 3.809992445691732e-02
33 15 1.024177269426091e-03 3.787109707546746e-02
34 15 1.175041664959361e-03 3.769065806605720e-02
35 15 1.065818742795965e-03 3.748200273812335e-02
36 15 1.161900796401148e-03 3.726862386311366e-02
37 15 1.003327466551226e-03 3.709977870628688e-02
38 15 1.037118240618928e-03 3.687490159076558e-02
39 15 8.456971530311376e-04 3.676070538627096e-02
0 16 4.913844656637919e-04 3.663478748338134e-02
1 16 3.377764315570647e-04 3.661380369001123e-02
2 16 2.573091010706265e-04 3.648832057395621e-02
3 16 1.160954970729055e-04 3.652072402946553e-02
4 16 -1.817964532979738e-17 3.643807023330552e-02
5 16 -1.160954970728894e-04 3.652072402946548e-02
6 16 -2.573091010706584e-04 3.648832057395637e-02
7 16 -3.377764315570577e-04 3.661380369001108e-02
8 16 -4.913844656638117e-04 3.663478748338148e-02
9 16 -5.286462004362878e-04 3.679187969376892e-02
10 16 -6.805589955957208e-04 3.686481457325128e-02
11 16 -6.705956126695864e-04 3.703921079454766e-02
12 16 -8.063852678854204e-04 3.715801232011997e-02
13 16 -7.492513779429842e-04 3.733332563271804e-02
14 16 -8.553848819030789e-04 3.748747347158661e-02
15 16 -7.555341752298937e-04 3.764657019001603e-02
16 16 -8.207672867976608e-04 3.782171751294666e-02
17 16 -6.870457205491877e-04 3.794836195656894e-02
18 16 -7.038331717150202e-04 3.812743954046401e-02
19 16 -5.489827144453367e-04 3.820811760632579e-02
20 16 -5.146630685581634e-04 3.837295251817631e-02
21 16 -3.542314949101939e-04 3.839862189023678e-02
22 16 -2.716982826526471e-04 3.853195184073817e-02
23 16 -1.223813570096705e-04 3.849938451633983e-02
24 16 -1.447232388669798e-17 3.858699009743844e-02
25 16 1.223813570096816e-04 3.849938451633979e-02
26 16 2.716982826526219e-04 3.853195184073827e-02
27 16 3.542314949101960e-04 3.839862189023663e-02
28 16 5.146630685581467e-04 3.837295251817645e-02
29 16 5.489827144453236e-04 3.820811760632559e-02
30 16 7.038331717150155e-04 3.812743954046414e-02
31 16 6.870457205491605e-04 3.794836195656878e-02
32 16 8.207672867976682e-04 3.782171751294680e-02
33 16 7.555341752298599e-04 3.764657019001594e-02
34 16 8.553848819030878e-04 3.748747347158663e-02
35 16 7.492513779429526e-04 3.733332563271806e-02
36 16 8.063852678854252e-04 3.715801232011991e-02
37 16 6.705956126695620e-04 3.703921079454779e-02
38 16 6.805589955957151e-04 3.686481457325114e-02
39 16 5.286462004362800e-04 3.679187969376909e-02
0 17 2.629832554295187e-04 3.672145025675726e-02
1 17 1.556649106936044e-04 3.671671127420850e-02
2 17 9.041624549290191e-05 3.663915353276839e-02
3 17 1.608046755718917e-17 3.667732956049229e-02
4 17 -9.041624549294266e-05 3.663915353276841e-02
5 17 -1.556649106935788e-04 3.671671127420845e-02
6 17 -2.629832554295469e-04 3.672145025675733e-02
7 17 -2.970109892682015e-04 3.683133018690088e-02
8 17 -4.113489897835086e-04 3.687872084735652e-02
9 17 -4.107831614971401e-04 3.701083400096149e-02
10 17 -5.213789685703319e-04 3.709677189323688e-02
11 17 -4.858683165663271e-04 3.723874134726084e-02
12 17 -5.819697242289891e-04 3.735548852875488e-02
13 17 -5.143639538413296e-04 3.749365002006677e-02
14 17 -5.862445511424480e-04 3.763034053852862e-02
15 17 -4.925479868170182e-04 3.775098371714685e-02
16 17 -5.325713494724242e-04 3.789446900413179e-02
17 17 -4.215919210510297e-04 3.798524048434133e-02
18 17 -4.251850110297947e-04 3.812127793558556e-02
19 17 -3.078207699637809e-04 3.817259386421595e-02
20 17 -2.741780272930046e-04 3.828730809369146e-02
21 17 -1.623462331771769e-04 3.829356422042511e-02
22 17 -9.469255009874425e-05 3.837501936919248e-02
23 17 1.180843513055347e-17 3.833537220846487e-02
24 17 9.469255009871469e-05 3.837501936919256e-02
25 17 1.623462331771943e-04 3.829356422042499e-02
26 17 2.741780272929861e-04 3.828730809369164e-02
27 17 3.078207699637821e-04 3.817259386421576e-02
28 17 4.251850110297940e-04 3.812127793558580e-02
29 17 4.215919210510095e-04 3.798524048434112e-02
30 17 5.325713494724403e-04 3.789446900413198e-02
31 17 4.925479868169819e-04 3.775098371714668e-02
32 17 5.862445511424744e-04 3.763034053852874e-02
33 17 5.143639538412872e-04 3.749365002006676e-02
34 17 5.819697242290127e-04 3.735548852875498e-02
35 17 4.858683165662930e-04 3.723874134726083e-02
36 17 5.213789685703400e-04 3.709677189323686e-02
37 17 4.107831614971260e-04 3.701083400096155e-02
38 17 4.113489897834987e-04 3.687872084735647e-02
39 17 2.970109892682102e-04 3.683133018690096e-02
0 18 1.126213619366052e-04 3.679184466330077e-02
1 18 4.686102544521784e-05 3.679455337779485e-02
2 18 -2.228710155079081e-17 3.675608193651696e-02
3 18 -4.686102544517671e-05 3.679455337779482e-02
4 18 -1.126213619366423e-04 3.679184466330079e-02
5 18 -1.362455208076590e-04 3.686252680057297e-02
6 18 -2.148193686328487e-04 3.689587443976988e-02
7 18 -2.129497106370131e-04 3.699222566186151e-02
8 18 -2.969688848316760e-04 3.705862643772309e-02
9 18 -2.696281394170441e-04 3.717161632141862e-02
10 18 -3.510419490998291e-04 3.726496865220552e-02
11 18 -3.005876540231829e-04 3.738381131385146e-02
12 18 -3.713827267668410e-04 3.749536429684768e-02
13 18 -3.023942124622101e-04 3.760846791941112e-02
14 18 -3.553913376739932e-04 3.772753041690524e-02
15 18 -2.743579377503177e-04 3.782361173248035e-02
16 18 -3.040067384728187e-04 3.793850808036112e-02
17 18 -2.187963967918950e-04 3.800777402931382e-02
18 18 -2.218577106737576e-04 3.810699037669807e-02
19 18 -1.409758594055426e-04 3.814224495466549e-02
20 18 -1.169715407509142e-04 3.821565652176999e-02
21 18 -4.866791778242815e-05 3.821316788863530e-02
22 18 -1.530774522090943e-17 3.825319029233122e-02
23 18 4.866791778245958e-05 3.821316788863526e-02
24 18 1.169715407508898e-04 3.821565652177010e-02
25 18 1.409758594055595e-04 3.814224495466537e-02
26 18 2.218577106737520e-04 3.810699037669824e-02
27 18 2.187963967918893e-04 3.800777402931366e-02
28 18 3.040067384728340e-04 3.793850808036132e-02
29 18 2.743579377502899e-04 3.782361173248017e-02
30 18 3.553913376740240e-04 3.772753041690540e-02
31 18 3.023942124621685e-04 3.760846791941098e-02
32 18 3.713827267668779e-04 3.749536429684779e-02
33 18 3.005876540231447e-04 3.738381131385136e-02
34 18 3.510419490998566e-04 3.726496865220551e-02
35 18 2.696281394170213e-04 3.717161632141859e-02
36 18 2.969688848316835e-04 3.705862643772305e-02
37 18 2.129497106370153e-04 3.699222566186156e-02
38 18 2.148193686328307e-04 3.689587443976981e-02
39 18 1.362455208076849e-04 3.686252680057304e-02
0 19 2.751633300016176e-05 3.683724761347473e-02
1 19 2.387987269501270e-17 3.684221306458108e-02
2 19 -2.751633300020216e-05 3.683724761347474e-02
3 19 -3.611674660170475e-05 3.687398618911020e-02
4 19 -7.999296905646007e-05 3.690126020049890e-02
5 19 -6.886974220950205e-05 3.696635411354633e-02
6 19 -1.250007507753833e-04 3.702334423296490e-02
7 19 -9.516071062741064e-05 3.711069254776457e-02
8 19 -1.582232821298252e-04 3.719207856080563e-02
9 19 -1.124192831447932e-04 3.729339305682359e-02
10 19 -1.763281080637002e-04 3.739148219587349e-02
11 19 -1.188520187017343e-04 3.749699921813618e-02
12 19 -1.773206903842779e-04 3.760237544882317e-02
13 19 -1.136557236257413e-04 3.770175151478837e-02
14 19 -1.608219697897909e-04 3.780412513274580e-02
15 19 -9.716138575067552e-05 3.788745272988762e-02
16 19 -1.282130522039053e-04 3.797665561610851e-02
17 19 -7.087050683471709e-05 3.803550041029507e-02
18 19 -8.259189429480834e-05 3.810253601267320e-02
19 19 -3.735333189375921e-05 3.813086931510334e-02
20 19 -2.850906214941291e-05 3.816889498603482e-02
21 19 2.034570704105444e-17 3.816378874451614e-02
22 19 2.850906214938554e-05 3.816889498603489e-02
23 19 3.735333189379223e-05 3.813086931510325e-02
24 19 8.259189429479408e-05 3.810253601267332e-02
25 19 7.087050683472965e-05 3.803550041029496e-02
26 19 1.282130522039135e-04 3.797665561610868e-02
27 19 9.716138575066343e-05 3.788745272988750e-02
28 19 1.608219697898202e-04 3.780412513274595e-02
29 19 1.136557236257095e-04 3.770175151478825e-02
30 19 1.773206903843194e-04 3.760237544882327e-02
31 19 1.188520187016964e-04 3.749699921813607e-02
32 19 1.763281080637401e-04 3.739148219587360e-02
33 19 1.124192831447645e-04 3.729339305682349e-02
34 19 1.582232821298491e-04 3.719207856080568e-02
35 19 9.516071062740332e-05 3.711069254776460e-02
36 19 1.250007507753822e-04 3.702334423296487e-02
37 19 6.886974220952105e-05 3.696635411354632e-02
38 19 7.999296905643487e-05 3.690126020049889e-02
39 19 3.611674660174460e-05 3.687398618911019e-02
0 20 -1.728796852777904e-17 3.685288662350058e-02
1 20 9.029186650611240e-06 3.685809962684444e-02
2 20 -1.155758348331975e-18 3.688416464356028e-02
3 20 2.624662220277644e-05 3.692017015132733e-02
4 20 1.569239360409077e-17 3.697508560992480e-02
5 20 4.100761320916113e-05 3.703852333065391e-02
6 20 2.703701251689434e-17 3.711714014907561e-02
7 20 5.189499844323995e-05 3.720204280229386e-02
8 20 2.890915428286978e-17 3.729690969700049e-02
9 20 5.781782546160551e-05 3.739519613748036e-02
10 20 1.992287003547244e-17 3.749719651956583e-02
11 20 5.812693558199421e-05 3.759937536646235e-02
12 20 3.594771552618959e-18 3.769855413099846e-02
13 20 5.270427734420140e-05 3.779460212234041e-02
14 20 -1.254981429442331e-17 3.788112710327113e-02
15 20 4.200797314621650e-05 3.796147657009256e-02
16 20 -2.277646046407026e-17 3.802664699089557e-02
17 20 2.705595968202070e-05 3.808318486269953e-02
18 20 -2.319533297434930e-17 3.812037158452906e-02
19 20 9.338332973373093e-06 3.814732902980907e-02
20 20 -1.248870001233792e-17 3.815272051886479e-02
21 20 -9.338332973330128e-06 3.814732902980900e-02
22 20 4.432554569583942e-18 3.812037158452911e-02
23 20 -2.705595968199177e-05 3.808318486269947e-02
24 20 2.211864508788418e-17 3.802664699089565e-02
25 20 -4.200797314620892e-05 3.796147657009259e-02
26 20 3.372112193436009e-17 3.788112710327125e-02
27 20 -5.270427734421546e-05 3.779460212234038e-02
28 20 3.473883243337018e-17 3.769855413099855e-02
29 20 -5.812693558202125e-05 3.759937536646230e-02
30 20 2.427093418269083e-17 3.749719651956595e-02
31 20 -5.781782546163175e-05 3.739519613748030e-02
32 20 6.956248565809600e-18 3.729690969700052e-02
33 20 -5.189499844325250e-05 3.720204280229378e-02
34 20 -1.114685015694076e-17 3.711714014907567e-02
35 20 -4.100761320915181e-05 3.703852333065384e-02
36 20 -2.382827946290806e-17 3.697508560992483e-02
37 20 -2.624662220274519e-05 3.692017015132729e-02
38 20 -2.575692549694169e-17 3.688416464356023e-02
39 20 -9.029186650566166e-06 3.685809962684442e-02
0 21 2.751633300018456e-05 3.683724761347481e-02
1 21 7.307443095164680e-05 3.684368878915974e-02
2 21 7.999296905647545e-05 3.690126020049890e-02
3 21 1.393549912174773e-04 3.694036885866048e-02
4 21 1.250007507754273e-04 3.702334423296489e-02
5 21 1.925795202277833e-04 3.709151151034778e-02
6 21 1.582232821298815e-04 3.719207856080566e-02
7 21 2.275450255285781e-04 3.728294023069709e-02
8 21 1.763281080637489e-04 3.739148219587350e-02
9 21 2.406112950624767e-04 3.749642615046589e-02
10 21 1.773206903843016e-04 3.760237544882317e-02
11 21 2.301359579474195e-04 3.771127705555979e-02
12 21 1.608219697897826e-04 3.780412513274592e-02
13 21 1.967719067635866e-04 3.790627949722693e-02
14 21 1.282130522038699e-04 3.797665561610861e-02
15 21 1.435475876770504e-04 3.806183979809160e-02
16 21 8.259189429476272e-05 3.810253601267326e-02
17 21 7.566570302730632e-05 3.816209405280168e-02
18 21 2.850906214937762e-05 3.816889498603492e-02
19 21 2.219320040934626e-17 3.819670817392935e-02
20 21 -2.850906214939355e-05 3.816889498603490e-02
21 21 -7.566570302726710e-05 3.816209405280165e-02
22 21 -8.259189429476802e-05 3.810253601267324e-02
23 21 -1.435475876770255e-04 3.806183979809163e-02
24 21 -1.282130522038582e-04 3.797665561610862e-02
25 21 -1.967719067635805e-04 3.790627949722704e-02
26 21 -1.608219697897536e-04 3.780412513274582e-02
27 21 -2.301359579474279e-04 3.771127705555984e-02
28 21 -1.773206903842622e-04 3.760237544882321e-02
29 21 -2.406112950624903e-04 3.749642615046591e-02
30 21 -1.763281080637094e-04 3.739148219587357e-02
31 21 -2.275450255285871e-04 3.728294023069700e-02
32 21 -1.582232821298540e-04 3.719207856080573e-02
33 21 -1.925795202277799e-04 3.709151151034771e-02
34 21 -1.250007507754180e-04 3.702334423296495e-02
35 21 -1.393549912174565e-04 3.694036885866040e-02
36 21 -7.999296905648438e-05 3.690126020049902e-02
37 21 -7.307443095161280e-05 3.684368878915966e-02
38 21 -2.751633300020391e-05 3.683724761347481e-02
39 21 2.010572047452430e-17 3.681043994005682e-02
0 22 1.126213619366447e-04 3.679184466330088e-02
1 22 1.963071402558036e-04 3.680352275389532e-02
2 22 2.148193686328770e-04 3.689587443976984e-02
3 22 3.069146204664460e-04 3.694479661657546e-02
4 22 2.969688848317231e-04 3.705862643772308e-02
5 22 3.887598724936132e-04 3.714039722321360e-02
6 22 3.510419490998774e-04 3.726496865220546e-02
7 22 4.336066414774535e-04 3.737206756039278e-02
8 22 3.713827267668742e-04 3.749536429684769e-02
9 22 4.364353843741574e-04 3.761770055220760e-02
10 22 3.553913376740011e-04 3.772753041690530e-02
11 22 3.961659485396100e-04 3.785327864465591e-02
12 22 3.040067384728004e-04 3.793850808036128e-02
13 22 3.160696959357323e-04 3.805520279262284e-02
14 22 2.218577106737235e-04 3.810699037669818e-02
15 22 2.037142875146661e-04 3.820280101310185e-02
16 22 1.169715407508798e-04 3.821565652177016e-02
17 22 7.033805031968126e-05 3.828070143917423e-02
18 22 -2.301858043286734e-18 3.825319029233130e-02
19 22 -7.033805031964220e-05 3.828070143917427e-02
20 22 -1.169715407508806e-04 3.821565652177010e-02
21 22 -2.037142875146332e-04 3.820280101310199e-02
22 22 -2.218577106737151e-04 3.810699037669812e-02
23 22 -3.160696959357094e-04 3.805520279262294e-02
24 22 -3.040067384727809e-04 3.793850808036117e-02
25 22 -3.961659485395979e-04 3.785327864465599e-02
26 22 -3.553913376739716e-04 3.772753041690523e-02
27 22 -4.364353843741519e-04 3.761770055220778e-02
28 22 -3.713827267668407e-04 3.749536429684767e-02
29 22 -4.336066414774498e-04 3.737206756039281e-02
30 22 -3.510419490998472e-04 3.726496865220548e-02
31 22 -3.887598724936058e-04 3.714039722321353e-02
32 22 -2.969688848317023e-04 3.705862643772313e-02
33 22 -3.069146204664309e-04 3.694479661657538e-02
34 22 -2.148193686328672e-04 3.689587443976988e-02
35 22 -1.963071402557799e-04 3.680352275389523e-02
36 22 -1.126213619366426e-04 3.679184466330089e-02
37 22 -6.750864538078024e-05 3.672953140416617e-02
38 22 -8.193816063667930e-19 3.675608193651701e-02
39 22 6.750864538080876e-05 3.672953140416619e-02
0 23 2.629832554295645e-04 3.672145025675735e-02
1 23 3.878112070862313e-04 3.674567119022776e-02
2 23 4.113489897835407e-04 3.687872084735650e-02
3 23 5.366749915332417e-04 3.694730816309386e-02
4 23 5.213789685703697e-04 3.709677189323682e-02
5 23 6.352384357264813e-04 3.720375925817623e-02
6 23 5.819697242290204e-04 3.735548852875492e-02
7 23 6.730498356714964e-04 3.749118194760095e-02
8 23 5.862445511424652e-04 3.763034053852866e-02
9 23 6.450426275336710e-04 3.778197195457712e-02
10 23 5.325713494724211e-04 3.789446900413185e-02
11 23 5.525401186805264e-04 3.804724001574478e-02
12 23 4.251850110297758e-04 3.812127793558576e-02
13 23 4.036783264398573e-04 3.825977778692527e-02
14 23 2.741780272929808e-04 3.828730809369170e-02
15 23 2.129863616986754e-04 3.839719020900009e-02
16 23 9.469255009872731e-05 3.837501936919266e-02
17 23 1.490976382951521e-17 3.844471374704798e-02
18 23 -9.469255009871510e-05 3.837501936919258e-02
19 23 -2.129863616986458e-04 3.839719020900022e-02
20 23 -2.741780272929678e-04 3.828730809369151e-02
21 23 -4.036783264398293e-04 3.825977778692548e-02
22 23 -4.251850110297589e-04 3.812127793558557e-02
23 23 -5.525401186804998e-04 3.804724001574499e-02
24 23 -5.325713494724012e-04 3.789446900413170e-02
25 23 -6.450426275336461e-04 3.778197195457731e-02
26 23 -5.862445511424425e-04 3.763034053852853e-02
27 23 -6.730498356714727e-04 3.749118194760100e-02
28 23 -5.819697242289982e-04 3.735548852875480e-02
29 23 -6.352384357264600e-04 3.720375925817631e-02
30 23 -5.213789685703478e-04 3.709677189323689e-02
31 23 -5.366749915332232e-04 3.694730816309377e-02
32 23 -4.113489897835186e-04 3.687872084735652e-02
33 23 -3.878112070862137e-04 3.674567119022768e-02
34 23 -2.629832554295428e-04 3.672145025675743e-02
35 23 -2.031789464419772e-04 3.661707966456109e-02
36 23 -9.041624549291960e-05 3.663915353276850e-02
37 23 8.417657163128384e-18 3.657292587314063e-02
38 23 9.041624549294070e-05 3.663915353276851e-02
39 23 2.031789464419946e-04 3.661707966456114e-02
0 24 4.913844656638338e-04 3.663478748338142e-02
1 24 6.614524026935076e-04 3.668265972798262e-02
2 24 6.805589955957475e-04 3.686481457325114e-02
3 24 8.398734107500083e-04 3.696656496236937e-02
4 24 8.063852678854430e-04 3.715801232011986e-02
5 24 9.394658624297961e-04 3.730503569237570e-02
6 24 8.553848819030927e-04 3.748747347158655e-02
7 24 9.485100624841878e-04 3.766655666786855e-02
8 24 8.207672867976650e-04 3.782171751294673e-02
9 24 8.635544154335469e-04 3.801587389938631e-02
10 24 7.038331717150152e-04 3.812743954046413e-02
11 24 6.907296982171310e-04 3.831733501630659e-02
12 24 5.146630685581543e-04 3.837295251817652e-02
13 24 4.460297965922721e-04 3.853889767478615e-02
14 24 2.716982826526412e-04 3.853195184073838e-02
15 24 1.541577093312899e-04 3.865624959296986e-02
16 24 1.594387401633659e-17 3.858699009743854e-02
17 24 -1.541577093312718e-04 3.865624959296993e-02
18 24 -2.716982826526116e-04 3.853195184073824e-02
19 24 -4.460297965922488e-04 3.853889767478635e-02
20 24 -5.146630685581297e-04 3.837295251817627e-02
21 24 -6.907296982170986e-04 3.831733501630685e-02
22 24 -7.038331717149972e-04 3.812743954046388e-02
23 24 -8.635544154335056e-04 3.801587389938647e-02
24 24 -8.207672867976515e-04 3.782171751294652e-02
25 24 -9.485100624841422e-04 3.766655666786875e-02
26 24 -8.553848819030805e-04 3.748747347158648e-02
27 24 -9.394658624297510e-04 3.730503569237576e-02
28 24 -8.063852678854259e-04 3.715801232011991e-02
29 24 -8.398734107499733e-04 3.696656496236938e-02
30 24 -6.805589955957232e-04 3.686481457325123e-02
31 24 -6.614524026934853e-04 3.668265972798248e-02
32 24 -4.913844656638016e-04 3.663478748338153e-02
33 24 -4.223391411409893e-04 3.647866021524545e-02
34 24 -2.573091010706320e-04 3.648832057395644e-02
35 24 -1.451075447744871e-04 3.637216655069633e-02
36 24 2.150345253591022e-17 3.643807023330566e-02
37 24 1.451075447744914e-04 3.637216655069639e-02
38 24 2.573091010706726e-04 3.648832057395638e-02
39 24 4.223391411410000e-04 3.647866021524546e-02
0 25 8.157380410657690e-04 3.654569330463072e-02
1 25 1.035765645650553e-03 3.663289146846097e-02
2 25 1.037118240618947e-03 3.687490159076554e-02
3 25 1.230643126477350e-03 3.702773546411533e-02
4 25 1.161900796401162e-03 3.726862386311351e-02
5 25 1.309480303472699e-03 3.747441585412660e-02
6 25 1.175041664959370e-03 3.769065806605713e-02
7 25 1.260467330359451e-03 3.793086065915022e-02
8 25 1.071528101582738e-03 3.809992445691723e-02
9 25 1.084036655322631e-03 3.835127908268018e-02
10 25 8.582842128591599e-04 3.845429581502742e-02
11 25 7.945388768421152e-04 3.869094163830848e-02
12 25 5.547997058065118e-04 3.871544188354978e-02
13 25 4.200878070288237e-04 3.891189180520409e-02
14 25 1.918563441587927e-04 3.885399908238339e-02
15 25 2.671709413442532e-18 3.898855452881232e-02
16 25 -1.918563441587399e-04 3.885399908238334e-02
17 25 -4.200878070288125e-04 3.891189180520423e-02
18 25 -5.547997058064687e-04 3.871544188354960e-02
19 25 -7.945388768420895e-04 3.869094163830868e-02
20 25 -8.582842128591310e-04 3.845429581502716e-02
21 25 -1.084036655322584e-03 3.835127908268043e-02
22 25 -1.071528101582724e-03 3.809992445691703e-02
23 25 -1.260467330359393e-03 3.793086065915041e-02
24 25 -1.175041664959364e-03 3.769065806605704e-02
25 25 -1.309480303472633e-03 3.747441585412664e-02
26 25 -1.161900796401157e-03 3.726862386311351e-02
27 25 -1.230643126477295e-03 3.702773546411531e-02
28 25 -1.037118240618930e-03 3.687490159076557e-02
29 25 -1.035765645650516e-03 3.663289146846091e-02
30 25 -8.157380410657352e-04 3.654569330463080e-02
31 25 -7.462500200078488e-04 3.632486236849874e-02
32 25 -5.203684110412501e-04 3.630972534434080e-02
33 25 -3.902347258296892e-04 3.612952178951863e-02
34 25 -1.787022287813294e-04 3.618673659319619e-02
35 25 -3.866400998815548e-18 3.606264521102295e-02
36 25 1.787022287813898e-04 3.618673659319611e-02
37 25 3.902347258296887e-04 3.612952178951865e-02
38 25 5.203684110413004e-04 3.630972534434075e-02
39 25 7.462500200078646e-04 3.632486236849886e-02
0 26 1.259159593173420e-03 3.647478620015232e-02
1 26 1.533908350249118e-03 3.662263437680852e-02
2 26 1.498966749603253e-03 3.693747928332876e-02
3 26 1.725365186323614e-03 3.716487043055357e-02
4 26 1.598507973443391e-03 3.746321844682096e-02
5 26 1.752430252760237e-03 3.775143621069119e-02
6 26 1.542160949627987e-03 3.800299064495952e-02
7 26 1.604792292687810e-03 3.832560224015122e-02
8 26 1.329081323529446e-03 3.850244516206337e-02
9 26 1.290137318384855e-03 3.882706104279213e-02
10 26 9.757999059642543e-04 3.890757132899628e-02
11 26 8.362119855107018e-04 3.919918520808145e-02
12 26 5.164964206535973e-04 3.917188071596730e-02
13 26 2.895884738990352e-04 3.939752218825552e-02
14 26 3.709746934530165e-17 3.926373087421561e-02
15 26 -2.895884738990386e-04 3.939752218825555e-02
16 26 -5.164964206535297e-04 3.917188071596721e-02
17 26 -8.362119855106887e-04 3.919918520808156e-02
18 26 -9.757999059642058e-04 3.890757132899610e-02
19 26 -1.290137318384817e-03 3.882706104279231e-02
20 26 -1.329081323529424e-03 3.850244516206317e-02
21 26 -1.604792292687746e-03 3.832560224015134e-02
22 26 -1.542160949627984e-03 3.800299064495943e-02
23 26 -1.752430252760158e-03 3.775143621069126e-02
24 26 -1.598507973443394e-03 3.746321844682095e-02
25 26 -1.725365186323536e-03 3.716487043055358e-02
26 26 -1.498966749603249e-03 3.693747928332879e-02
27 26 -1.533908350249059e-03 3.662263437680841e-02
28 26 -1.259159593173396e-03 3.647478620015240e-02
29 26 -1.202466563727873e-03 3.617289191099771e-02
30 26 -9.058385403015518e-04 3.611514463590113e-02
31 26 -7.652416410000006e-04 3.585254909879854e-02
32 26 -4.732380893519779e-04 3.588766947498886e-02
33 26 -2.624700080432268e-04 3.568624729286095e-02
34 26 3.881071804940598e-17 3.580989733939872e-02
35 26 2.624700080432168e-04 3.568624729286097e-02
36 26 4.732380893520471e-04 3.588766947498881e-02
37 26 7.652416410000068e-04 3.585254909879865e-02
38 26 9.058385403016025e-04 3.611514463590106e-02
39 26 1.202466563727908e-03 3.617289191099780e-02
0 27 1.850198326911795e-03 3.645173188208459e-02
1 27 2.183790692779041e-03 3.668874926018835e-02
2 27 2.086915567075496e-03 3.709161371704054e-02
3 27 2.341938392198211e-03 3.742425141738701e-02
4 27 2.126062112989610e-03 3.778794510642058e-02
5 27 2.272538011522553e-03 3.818861666276836e-02
6 27 1.952744521274083e-03 3.847375263147071e-02
7 27 1.969144187783606e-03 3.890435978281846e-02
8 27 1.573970249861961e-03 3.907613609501317e-02
9 27 1.452099912154638e-03 3.949099830471842e-02
10 27 1.022167523069916e-03 3.952522830236226e-02
11 27 7.708195247494227e-04 3.987669626921050e-02
12 27 3.543550449161773e-04 3.976531282428827e-02
13 27 -5.278645004911534e-18 4.001128312996142e-02
14 27 -3.543550449160879e-04 3.976531282428825e-02
15 27 -7.708195247494242e-04 3.987669626921057e-02
16 27 -1.022167523069843e-03 3.952522830236219e-02
17 27 -1.452099912154613e-03 3.949099830471850e-02
18 27 -1.573970249861917e-03 3.907613609501306e-02
19 27 -1.969144187783546e-03 3.890435978281855e-02
20 27 -1.952744521274067e-03 3.847375263147056e-02
21 27 -2.272538011522469e-03 3.818861666276831e-02
22 27 -2.126062112989613e-03 3.778794510642054e-02
23 27 -2.341938392198122e-03 3.742425141738696e-02
24 27 -2.086915567075502e-03 3.709161371704058e-02
25 27 -2.183790692778959e-03 3.668874926018826e-02
26 27 -1.850198326911780e-03 3.645173188208470e-02
27 27 -1.825418886541907e-03 3.604866772654698e-02
28 27 -1.447097660540786e-03 3.592376650421525e-02
29 27 -1.308214838912052e-03 3.555574642688721e-02
30 27 -9.194294466292381e-04 3.554922698709491e-02
31 27 -6.818136894683154e-04 3.524602480404433e-02
32 27 -3.150899093484425e-04 3.535528595001627e-02
33 27 -5.467926913609660e-18 3.514049556092850e-02
34 27 3.150899093485283e-04 3.535528595001625e-02
35 27 6.818136894683123e-04 3.524602480404442e-02
36 27 9.194294466293075e-04 3.554922698709481e-02
37 27 1.308214838912078e-03 3.555574642688732e-02
38 27 1.447097660540827e-03 3.592376650421514e-02
39 27 1.825418886541964e-03 3.604866772654709e-02
0 28 2.623440985620553e-03 3.651833136653524e-02
1 28 3.018597151516652e-03 3.688253638746321e-02
2 28 2.824317253873486e-03 3.739097621704977e-02
3 28 3.098909058275876e-03 3.786929955265644e-02
4 28 2.751726412644721e-03 3.830511898117112e-02
5 28 2.868013885442442e-03 3.885675077289495e-02
6 28 2.393466079000651e-03 3.916787979918584e-02
7 28 2.327283706519702e-03 3.973712967358122e-02
8 28 1.770562146332855e-03 3.987993934600362e-02
9 28 1.519002749973732e-03 4.040155785183604e-02
10 28 9.418213706818477e-04 4.035052950391372e-02
11 28 5.280140269467973e-04 4.075963093242187e-02
12 28 5.234116333119933e-17 4.051519472498899e-02
13 28 -5.280140269468037e-04 4.075963093242192e-02
14 28 -9.418213706817543e-04 4.035052950391364e-02
15 28 -1.519002749973721e-03 4.040155785183607e-02
16 28 -1.770562146332787e-03 3.987993934600360e-02
17 28 -2.327283706519660e-03 3.973712967358124e-02
18 28 -2.393466079000617e-03 3.916787979918580e-02
19 28 -2.868013885442364e-03 3.885675077289497e-02
20 28 -2.751726412644710e-03 3.830511898117114e-02
21 28 -3.098909058275781e-03 3.786929955265636e-02
22 28 -2.824317253873494e-03 3.739097621704979e-02
23 28 -3.018597151516552e-03 3.688253638746309e-02
24 28 -2.623440985620549e-03 3.651833136653530e-02
25 28 -2.657516189833069e-03 3.598953522237092e-02
26 28 -2.185609405456180e-03 3.576441422124209e-02
27 28 -2.066616683751197e-03 3.526244916203123e-02
28 28 -1.562350650768393e-03 3.518729509882387e-02
29 28 -1.307731568980100e-03 3.475189585890114e-02
30 28 -8.129618294569035e-04 3.482620025862232e-02
31 28 -4.472240798715777e-04 3.448921458587261e-02
32 28 4.601876755261581e-17 3.470343568997069e-02
33 28 4.472240798715759e-04 3.448921458587267e-02
34 28 8.129618294569855e-04 3.482620025862228e-02
35 28 1.307731568980116e-03 3.475189585890116e-02
36 28 1.562350650768452e-03 3.518729509882382e-02
37 28 2.066616683751246e-03 3.526244916203133e-02
38 28 2.185609405456205e-03 3.576441422124204e-02
39 28 2.657516189833146e-03 3.598953522237096e-02
0 29 3.620887099020259e-03 3.673291734321681e-02
1 29 4.078076648606286e-03 3.727547266584282e-02
2 29 3.736871345877444e-03 3.790993078792061e-02
3 29 4.014290260361193e-03 3.858816940959200e-02
4 29 3.476897162861435e-03 3.910022934498093e-02
5 29 3.525918088199599e-03 3.985292955595017e-02
6 29 2.834895981041624e-03 4.017210239646746e-02
7 29 2.629523415573175e-03 4.091618177325737e-02
8 29 1.857051674341651e-03 4.098775997907367e-02
9 29 1.406275913895074e-03 4.162871015781543e-02
10 29 6.467918354190683e-04 4.142974184676709e-02
11 29 4.740810917221621e-19 4.187990725328646e-02
12 29 -6.467918354189615e-04 4.142974184676711e-02
13 29 -1.406275913895065e-03 4.162871015781536e-02
14 29 -1.857051674341562e-03 4.098775997907371e-02
15 29 -2.629523415573138e-03 4.091618177325731e-02
16 29 -2.834895981041570e-03 4.017210239646756e-02
17 29 -3.525918088199538e-03 3.985292955595009e-02
18 29 -3.476897162861410e-03 3.910022934498100e-02
19 29 -4.014290260361107e-03 3.858816940959190e-02
20 29 -3.736871345877438e-03 3.790993078792066e-02
21 29 -4.078076648606186e-03 3.727547266584267e-02
22 29 -3.620887099020261e-03 3.673291734321694e-02
23 29 -3.751351927399391e-03 3.604791020633644e-02
24 29 -3.172718261377492e-03 3.567833481857854e-02
25 29 -3.099321797011035e-03 3.500689859165554e-02
26 29 -2.457850547519255e-03 3.482702565721019e-02
27 29 -2.201496821231881e-03 3.422195114581567e-02
28 29 -1.551155015012370e-03 3.423313696454671e-02
29 29 -1.141023300654623e-03 3.373598902874043e-02
30 29 -5.297459549853500e-04 3.392882086125688e-02
31 29 2.897519519633960e-18 3.357166767671933e-02
32 29 5.297459549854374e-04 3.392882086125688e-02
33 29 1.141023300654639e-03 3.373598902874042e-02
34 29 1.551155015012441e-03 3.423313696454669e-02
35 29 2.201496821231920e-03 3.422195114581567e-02
36 29 2.457850547519293e-03 3.482702565721017e-02
37 29 3.099321797011102e-03 3.500689859165564e-02
38 29 3.172718261377508e-03 3.567833481857845e-02
39 29 3.751351927399481e-03 3.604791020633650e-02
0 30 4.894806902312201e-03 3.717705412416470e-02
1 30 5.411242654155470e-03 3.796837913772706e-02
2 30 4.852593244545162e-03 3.875328871694438e-02
3 30 5.103581227483812e-03 3.970618477248000e-02
4 30 4.291829914058009e-03 4.029305538819455e-02
5 30 4.212816033825130e-03 4.131316093389698e-02
6 30 3.219568909663732e-03 4.160375052136221e-02
7 30 2.785844001027573e-03 4.256360246646913e-02
8 30 1.728669802908149e-03 4.249049625992497e-02
9 30 9.752712898467014e-04 4.325138066962358e-02
10 30 5.306415848356888e-17 4.280472876593479e-02
11 30 -9.752712898466815e-04 4.325138066962361e-02
12 30 -1.728669802908051e-03 4.249049625992509e-02
13 30 -2.785844001027541e-03 4.256360246646899e-02
14 30 -3.219568909663661e-03 4.160375052136232e-02
15 30 -4.212816033825072e-03 4.131316093389688e-02
16 30 -4.291829914057957e-03 4.029305538819467e-02
17 30 -5.103581227483740e-03 3.970618477247990e-02
18 30 -4.852593244545130e-03 3.875328871694451e-02
19 30 -5.411242654155378e-03 3.796837913772694e-02
20 30 -4.894806902312187e-03 3.717705412416474e-02
21 30 -5.174068839923775e-03 3.629654130127859e-02
22 30 -4.473167845058743e-03 3.572287674505047e-02
23 30 -4.480530937508867e-03 3.483647706939585e-02
24 30 -3.675353685593690e-03 3.450444357820225e-02
25 30 -3.438418222342759e-03 3.368306874397091e-02
26 30 -2.599916266908895e-03 3.359452926185908e-02
27 30 -2.155869354652489e-03 3.289140548959825e-02
28 30 -1.344104840445154e-03 3.303495064950867e-02
29 30 -7.338179792106776e-04 3.248979941554143e-02
30 30 4.208543930819194e-17 3.284638074362321e-02
31 30 7.338179792106997e-04 3.248979941554139e-02
32 30 1.344104840445233e-03 3.303495064950866e-02
33 30 2.155869354652524e-03 3.289140548959819e-02
34 30 2.599916266908954e-03 3.359452926185910e-02
35 30 3.438418222342818e-03 3.368306874397089e-02
36 30 3.675353685593728e-03 3.450444357820217e-02
37 30 4.480530937508948e-03 3.483647706939588e-02
38 30 4.473167845058758e-03 3.572287674505040e-02
39 30 5.174068839923870e-03 3.629654130127869e-02
0 31 6.513366704996105e-03 3.796654215620381e-02
1 31 7.081589096705277e-03 3.910711751633544e-02
2 31 6.201787437167558e-03 4.007292050020501e-02
3 31 6.375631231657861e-03 4.140735208138761e-02
4 31 5.165236749074584e-03 4.205604084921363e-02
5 31 4.856398239015970e-03 4.343271495383726e-02
6 31 3.439729336563377e-03 4.362304825530132e-02
7 31 2.634779114001112e-03 4.483946631037971e-02
8 31 1.208877061451639e-03 4.449394819110743e-02
9 31 1.939852273936711e-17 4.534521716015492e-02
10 31 -1.208877061451544e-03 4.449394819110747e-02
11 31 -2.634779114001075e-03 4.483946631037962e-02
12 31 -3.439729336563289e-03 4.362304825530144e-02
13 31 -4.856398239015913e-03 4.343271495383719e-02
14 31 -5.165236749074521e-03 4.205604084921379e-02
15 31 -6.375631231657799e-03 4.140735208138747e-02
16 31 -6.201787437167515e-03 4.007292050020517e-02
17 31 -7.081589096705193e-03 3.910711751633530e-02
18 31 -6.513366704996079e-03 3.796654215620385e-02
19 31 -7.015849851851818e-03 3.683678916083543e-02
20 31 -6.171955174372819e-03 3.597676899564523e-02
21 31 -6.307361020021658e-03 3.481421956753214e-02
22 31 -5.303285947678343e-03 3.426774161049354e-02
23 31 -5.112663818356935e-03 3.317022400560875e-02
24 31 -4.045183245017958e-03 3.293615337602393e-02
25 31 -3.580626605285304e-03 3.197145616176036e-02
26 31 -2.525850267856205e-03 3.203146534566974e-02
27 31 -1.839833199197079e-03 3.124616844177161e-02
28 31 -8.579615379351067e-04 3.157537072010493e-02
29 31 1.793097177176611e-17 3.100376644088076e-02
30 31 8.579615379351825e-04 3.157537072010492e-02
31 31 1.839833199197123e-03 3.124616844177160e-02
32 31 2.525850267856272e-03 3.203146534566972e-02
33 31 3.580626605285358e-03 3.197145616176035e-02
34 31 4.045183245018008e-03 3.293615337602398e-02
35 31 5.112663818357005e-03 3.317022400560875e-02
36 31 5.303285947678371e-03 3.426774161049347e-02
37 31 6.307361020021738e-03 3.481421956753223e-02
38 31 6.171955174372835e-03 3.597676899564520e-02
39 31 7.015849851851907e-03 3.683678916083558e-02
0 32 8.571476318921778e-03 3.927081994578793e-02
1 32 9.176825874790061e-03 4.091130449261855e-02
2 32 7.816221691408521e-03 4.209777594489532e-02
3 32 7.822576918121183e-03 4.397362981916131e-02
4 32 6.022283205587458e-03 4.464569448532376e-02
5 32 5.306742135463117e-03 4.649907811173038e-02
6 32 3.293740290685583e-03 4.644835922487034e-02
7 32 1.884419018642608e-03 4.794480450046835e-02
8 32 4.237789621941581e-17 4.710310844950560e-02
9 32 -1.884419018642543e-03 4.794480450046832e-02
10 32 -3.293740290685507e-03 4.644835922487042e-02
11 32 -5.306742135463048e-03 4.649907811173029e-02
12 32 -6.022283205587386e-03 4.464569448532389e-02
13 32 -7.822576918121108e-03 4.397362981916123e-02
14 32 -7.816221691408453e-03 4.209777594489543e-02
15 32 -9.176825874789981e-03 4.091130449261842e-02
16 32 -8.571476318921734e-03 3.927081994578805e-02
17 32 -9.406403740298323e-03 3.781269545297331e-02
18 32 -8.387581152661281e-03 3.654840065448619e-02
19 32 -8.714433760012233e-03 3.502178198917311e-02
20 32 -7.459522493530519e-03 3.417799868347542e-02
21 32 -7.346618912472317e-03 3.272350387890258e-02
22 32 -5.994533242493841e-03 3.228820828456740e-02
23 32 -5.522427212502739e-03 3.099261861209983e-02
24 32 -4.172160059566534e-03 3.093053217536413e-02
25 32 -3.414547824649220e-03 2.984525167751977e-02
26 32 -2.135775657273402e-03 3.011725589116874e-02
27 32 -1.154137431415518e-03 2.927533146534174e-02
28 32 3.411888213944327e-17 2.984680097056780e-02
29 32 1.154137431415570e-03 2.927533146534166e-02
30 32 2.135775657273468e-03 3.011725589116880e-02
31 32 3.414547824649275e-03 2.984525167751971e-02
32 32 4.172160059566595e-03 3.093053217536419e-02
33 32 5.522427212502803e-03 3.099261861209975e-02
34 32 5.994533242493893e-03 3.228820828456742e-02
35 32 7.346618912472394e-03 3.272350387890249e-02
36 32 7.459522493530564e-03 3.417799868347551e-02
37 32 8.714433760012302e-03 3.502178198917310e-02
38 32 8.387581152661319e-03 3.654840065448613e-02
39 32 9.406403740298401e-03 3.781269545297334e-02
0 33 1.121197520246462e-02 4.134957528662448e-02
1 33 1.182699638584456e-02 4.373059677720764e-02
2 33 9.724571235228364e-03 4.519160460221776e-02
3 33 9.392867641957984e-03 4.786073249818688e-02
4 33 6.694199930564681e-03 4.845733803544858e-02
5 33 5.249411881039109e-03 5.094312058835476e-02
6 33 2.397352209944187e-03 5.036701793255021e-02
7 33 4.431560139194824e-17 5.209714033173608e-02
8 33 -2.397352209944115e-03 5.036701793255029e-02
9 33 -5.249411881039023e-03 5.094312058835469e-02
10 33 -6.694199930564615e-03 4.845733803544863e-02
11 33 -9.392867641957913e-03 4.786073249818679e-02
12 33 -9.724571235228295e-03 4.519160460221788e-02
13 33 -1.182699638584447e-02 4.373059677720752e-02
14 33 -1.121197520246455e-02 4.134957528662454e-02
15 33 -1.254775787610831e-02 3.943643530864121e-02
16 33 -1.129792572483702e-02 3.758970513231329e-02
17 33 -1.190196598232676e-02 3.556274425023639e-02
18 33 -1.031124049931595e-02 3.430856901349460e-02
19 33 -1.030840305310309e-02 3.238073962456832e-02
20 33 -8.588538944656192e-03 3.167830354217432e-02
21 33 -8.114424610827712e-03 2.996143947444384e-02
22 33 -6.398508764505303e-03 2.973852031988234e-02
23 33 -5.565681503423029e-03 2.828383647436925e-02
24 33 -3.933109180244019e-03 2.847158983487352e-02
25 33 -2.824580996074663e-03 2.730209890977375e-02
26 33 -1.325572898059207e-03 2.784777630043990e-02
27 33 3.214813741394607e-17 2.697937185676519e-02
28 33 1.325572898059268e-03 2.784777630043992e-02
29 33 2.824580996074728e-03 2.730209890977367e-02
30 33 3.933109180244079e-03 2.847158983487362e-02
31 33 5.565681503423090e-03 2.828383647436913e-02
32 33 6.398508764505363e-03 2.973852031988244e-02
33 33 8.114424610827784e-03 2.996143947444371e-02
34 33 8.588538944656247e-03 3.167830354217439e-02
35 33 1.030840305310314e-02 3.238073962456821e-02
36 33 1.031124049931602e-02 3.430856901349463e-02
37 33 1.190196598232682e-02 3.556274425023642e-02
38 33 1.129792572483707e-02 3.758970513231333e-02
39 33 1.254775787610836e-02 3.943643530864131e-02
0 34 1.466901998776679e-02 4.462718569802924e-02
1 34 1.523872734853639e-02 4.816449751104346e-02
2 34 1.193372739358166e-02 4.997205816298009e-02
3 34 1.091275118274871e-02 5.385347218161528e-02
4 34 6.793525248364182e-03 5.411929380474700e-02
5 34 3.999691307421441e-03 5.740349590637981e-02
6 34 3.116716522261951e-17 5.570699014817321e-02
7 34 -3.999691307421329e-03 5.740349590637978e-02
8 34 -6.793525248364112e-03 5.411929380474698e-02
9 34 -1.091275118274862e-02 5.385347218161533e-02
10 34 -1.193372739358160e-02 4.997205816298014e-02
11 34 -1.523872734853631e-02 4.816449751104345e-02
12 34 -1.466901998776673e-02 4.462718569802931e-02
13 34 -1.678322265555335e-02 4.203698103358612e-02
14 34 -1.519263625662376e-02 3.932036039649241e-02
15 34 -1.619113261783416e-02 3.656428984521701e-02
16 34 -1.411264491903143e-02 3.474050549698970e-02
17 34 -1.424366484659918e-02 3.216052328084353e-02
18 34 -1.202122976117633e-02 3.111650057153471e-02
19 34 -1.152931020637723e-02 2.885444487380778e-02
20 34 -9.346198906910866e-03 2.844002438009388e-02
21 34 -8.414106777085749e-03 2.653349338290558e-02
22 34 -6.356512253158808e-03 2.662246370221783e-02
23 34 -5.104001599399269e-03 2.506811678946155e-02
24 34 -3.210125448908235e-03 2.557299062015915e-02
25 34 -1.709117617581418e-03 2.436068519517343e-02
26 34 2.562413882160640e-17 2.523024418541485e-02
27 34 1.709117617581494e-03 2.436068519517337e-02
28 34 3.210125448908290e-03 2.557299062015924e-02
29 34 5.104001599399334e-03 2.506811678946144e-02
30 34 6.356512253158871e-03 2.662246370221798e-02
31 34 8.414106777085808e-03 2.653349338290546e-02
32 34 9.346198906910940e-03 2.844002438009402e-02
33 34 1.152931020637728e-02 2.885444487380763e-02
34 34 1.202122976117642e-02 3.111650057153478e-02
35 34 1.424366484659921e-02 3.216052328084341e-02
36 34 1.411264491903151e-02 3.474050549698978e-02
37 34 1.619113261783421e-02 3.656428984521701e-02
38 34 1.519263625662384e-02 3.932036039649247e-02
39 34 1.678322265555342e-02 4.203698103358609e-02
0 35 1.936488548518639e-02 4.985922699533229e-02
1 35 1.976013282936342e-02 5.534666621420651e-02
2 35 1.435616247437873e-02 5.757769984209893e-02
3 35 1.183567608817135e-02 6.340232037151690e-02
4 35 5.379709481715982e-03 6.263465870721795e-02
5 35 6.794542266331517e-17 6.672142605866947e-02
6 35 -5.379709481715915e-03 6.263465870721792e-02
7 35 -1.183567608817123e-02 6.340232037151682e-02
8 35 -1.435616247437868e-02 5.757769984209896e-02
9 35 -1.976013282936335e-02 5.534666621420650e-02
10 35 -1.936488548518632e-02 4.985922699533225e-02
11 35 -2.275639339575084e-02 4.615853636145963e-02
12 35 -2.058632435351961e-02 4.207028874452604e-02
13 35 -2.213832830924611e-02 3.816753039794926e-02
14 35 -1.927792735211668e-02 3.554490202046819e-02
15 35 -1.953185603716273e-02 3.202152480004381e-02
16 35 -1.657490992011487e-02 3.056299584763231e-02
17 35 -1.599932118279772e-02 2.757939629117378e-02
18 35 -1.319384537703251e-02 2.696860514880520e-02
19 35 -1.209594076785403e-02 2.451107718888392e-02
20 35 -9.518558340932780e-03 2.451575299592493e-02
21 35 -8.075281974625087e-03 2.252204549644672e-02
22 35 -5.732572877449970e-03 2.299590406236048e-02
23 35 -4.035240727606539e-03 2.140654127809669e-02
24 35 -1.912985484555461e-03 2.226996563564670e-02
25 35 4.381941634698995e-17 2.104729714177978e-02
26 35 1.912985484555508e-03 2.226996563564675e-02
27 35 4.035240727606621e-03 2.140654127809660e-02
28 35 5.732572877450026e-03 2.299590406236056e-02
29 35 8.075281974625158e-03 2.252204549644659e-02
30 35 9.518558340932862e-03 2.451575299592507e-02
31 35 1.209594076785409e-02 2.451107718888379e-02
32 35 1.319384537703260e-02 2.696860514880531e-02
33 35 1.599932118279778e-02 2.757939629117365e-02
34 35 1.657490992011495e-02 3.056299584763242e-02
35 35 1.953185603716276e-02 3.202152480004378e-02
36 35 1.927792735211678e-02 3.554490202046827e-02
37 35 2.213832830924617e-02 3.816753039794916e-02
38 35 2.058632435351970e-02 4.207028874452619e-02
39 35 2.275639339575089e-02 4.615853636145960e-02
0 36 2.615684858815236e-02 5.855872271164253e-02
1 36 2.598540811711955e-02 6.773039997012639e-02
2 36 1.650827864927050e-02 7.032223867068248e-02
3 36 1.035607309237071e-02 7.935846189811235e-02
4 36 3.196267581941113e-17 7.544707107039048e-02
5 36 -1.035607309237058e-02 7.935846189811235e-02
6 36 -1.650827864927043e-02 7.032223867068252e-02
7 36 -2.598540811711939e-02 6.773039997012630e-02
8 36 -2.615684858815230e-02 5.855872271164248e-02
9 36 -3.183184084385124e-02 5.277077088948545e-02
10 36 -2.848723011371813e-02 4.634940681272234e-02
11 36 -3.078610838795631e-02 4.046477212249406e-02
12 36 -2.652624692570656e-02 3.672065054412070e-02
13 36 -2.678125676122291e-02 3.175907822489994e-02
14 36 -2.267480173770302e-02 2.985461109304344e-02
15 36 -2.183743250528633e-02 2.589833076016979e-02
16 36 -1.816901037364149e-02 2.515285075493628e-02
17 36 -1.675772273351821e-02 2.203047684328660e-02
18 36 -1.353316495942566e-02 2.202350634269328e-02
19 36 -1.179990173271268e-02 1.954660624567594e-02
20 36 -8.949055671602733e-03 2.004401433936376e-02
21 36 -7.002500243073430e-03 1.806643809365080e-02
22 36 -4.448200065534228e-03 1.895023708084805e-02
23 36 -2.320542930961654e-03 1.737466495207063e-02
24 36 1.913242617131338e-17 1.860045222946228e-02
25 36 2.320542930961751e-03 1.737466495207061e-02
26 36 4.448200065534281e-03 1.895023708084811e-02
27 36 7.002500243073510e-03 1.806643809365074e-02
28 36 8.949055671602786e-03 2.004401433936384e-02
29 36 1.179990173271274e-02 1.954660624567587e-02
30 36 1.353316495942574e-02 2.202350634269339e-02
31 36 1.675772273351826e-02 2.203047684328648e-02
32 36 1.816901037364160e-02 2.515285075493638e-02
33 36 2.183743250528636e-02 2.589833076016968e-02
34 36 2.267480173770312e-02 2.985461109304353e-02
35 36 2.678125676122296e-02 3.175907822489993e-02
36 36 2.652624692570667e-02 3.672065054412076e-02
37 36 3.078610838795636e-02 4.046477212249394e-02
38 36 2.848723011371824e-02 4.634940681272239e-02
39 36 3.183184084385133e-02 5.277077088948533e-02
0 37 3.710862014271408e-02 7.433096385947983e-02
1 37 3.467142744129503e-02 9.178317616205693e-02
2 37 1.604833120865300e-02 9.338431583326953e-02
3 37 7.653277557632272e-17 1.071549869281871e-01
4 37 -1.604833120865296e-02 9.338431583326960e-02
5 37 -3.467142744129486e-02 9.178317616205697e-02
6 37 -3.710862014271395e-02 7.433096385947972e-02
7 37 -4.745729840766479e-02 6.372100428538113e-02
8 37 -4.111591466364644e-02 5.291280008954383e-02
9 37 -4.424570392525193e-02 4.320324638324279e-02
10 37 -3.717316066609802e-02 3.797475179117343e-02
11 37 -3.696312709241387e-02 3.072947047793273e-02
12 37 -3.095803733109195e-02 2.852994280279771e-02
13 37 -2.943068823528459e-02 2.327284079081775e-02
14 37 -2.454267852355914e-02 2.261632458830748e-02
15 37 -2.252375008173774e-02 1.872666761080856e-02
16 37 -1.849466172401895e-02 1.889106150914483e-02
17 37 -1.628999013072469e-02 1.592078296303094e-02
18 37 -1.287385826931967e-02 1.656875330799946e-02
19 37 -1.057797454646942e-02 1.422881688877693e-02
20 37 -7.587979516938720e-03 1.520993224636080e-02
21 37 -5.206059546056778e-03 1.331995370083790e-02
22 37 -2.506606842658273e-03 1.458115397189019e-02
23 37 5.180448252339225e-17 1.303309454598677e-02
24 37 2.506606842658311e-03 1.458115397189019e-02
25 37 5.206059546056870e-03 1.331995370083788e-02
26 37 7.587979516938763e-03 1.520993224636083e-02
27 37 1.057797454646950e-02 1.422881688877691e-02
28 37 1.287385826931973e-02 1.656875330799948e-02
29 37 1.628999013072477e-02 1.592078296303091e-02
30 37 1.849466172401906e-02 1.889106150914491e-02
31 37 2.252375008173779e-02 1.872666761080852e-02
32 37 2.454267852355925e-02 2.261632458830755e-02
33 37 2.943068823528460e-02 2.327284079081768e-02
34 37 3.095803733109206e-02 2.852994280279778e-02
35 37 3.696312709241390e-02 3.072947047793266e-02
36 37 3.717316066609810e-02 3.797475179117345e-02
37 37 4.424570392525201e-02 4.320324638324274e-02
38 37 4.111591466364659e-02 5.291280008954389e-02
39 37 4.745729840766489e-02 6.372100428538109e-02
0 38 5.872141966857774e-02 1.084687684602824e-01
1 38 4.321581652822704e-02 1.503233227243904e-01
2 38 4.368730228275140e-17 1.383525371055046e-01
3 38 -4.321581652822681e-02 1.503233227243905e-01
4 38 -5.872141966857766e-02 1.084687684602824e-01
5 38 -8.101396850237781e-02 8.241088116613308e-02
6 38 -6.410092807798314e-02 6.233893739144486e-02
7 38 -6.699544161609310e-02 4.442755114123408e-02
8 38 -5.366870039320986e-02 3.792401797079360e-02
9 38 -5.144040720352239e-02 2.710590938292609e-02
10 38 -4.228283456920923e-02 2.541169252706396e-02
11 38 -3.909459804124513e-02 1.857097596322126e-02
12 38 -3.254850156428532e-02 1.860162627309015e-02
13 38 -2.938396492980801e-02 1.395252170788965e-02
14 38 -2.441105841061655e-02 1.466785509685209e-02
15 38 -2.144270195579727e-02 1.128505259967457e-02
16 38 -1.743819980754808e-02 1.231707896410954e-02
17 38 -1.463788973410917e-02 9.707077589989137e-03
18 38 -1.124008793638339e-02 1.092692644635220e-02
19 38 -8.531505892146544e-03 8.812042739495608e-03
20 38 -5.510068316134648e-03 1.018850833172237e-02
21 38 -2.803833663691557e-03 8.404664985055739e-03
22 38 1.665857818766408e-17 9.956639971065120e-03
23 38 2.803833663691662e-03 8.404664985055765e-03
24 38 5.510068316134694e-03 1.018850833172237e-02
25 38 8.531505892146631e-03 8.812042739495655e-03
26 38 1.124008793638344e-02 1.092692644635219e-02
27 38 1.463788973410923e-02 9.707077589989186e-03
28 38 1.743819980754818e-02 1.231707896410953e-02
29 38 2.144270195579732e-02 1.128505259967461e-02
30 38 2.441105841061664e-02 1.466785509685210e-02
31 38 2.938396492980805e-02 1.395252170788966e-02
32 38 3.254850156428545e-02 1.860162627309019e-02
33 38 3.909459804124521e-02 1.857097596322124e-02
34 38 4.228283456920938e-02 2.541169252706403e-02
35 38 5.144040720352246e-02 2.710590938292604e-02
36 38 5.366870039320995e-02 3.792401797079366e-02
37 38 6.699544161609330e-02 4.442755114123399e-02
38 38 6.410092807798311e-02 6.233893739144493e-02
39 38 8.101396850237798e-02 8.241088116613300e-02
0 39 1.211325189168356e-01 2.132045270229623e-01
1 39 6.603969506705928e-17 3.601309999371430e-01
2 39 -1.211325189168354e-01 2.132045270229622e-01
3 39 -1.868253197539100e-01 1.101365694284389e-01
4 39 -1.139381196652712e-01 6.920132954903696e-02
5 39 -1.069185072670704e-01 3.407366325530935e-02
6 39 -8.005279393447462e-02 3.119574441954293e-02
7 39 -7.089676439067505e-02 1.605060237442438e-02
8 39 -5.728657044784401e-02 1.771018160598872e-02
9 39 -5.044680815545041e-02 9.653609957487007e-03
10 39 -4.206203701271968e-02 1.172963471852668e-02
11 39 -3.690259263098683e-02 6.711503462256006e-03
12 39 -3.103436353851665e-02 8.654307904993018e-03
13 39 -2.690945863379791e-02 5.148089820553394e-03
14 39 -2.240794530576449e-02 6.926731341468526e-03
15 39 -1.891115822459755e-02 4.255175905766284e-03
16 39 -1.520158719917971e-02 5.921146082839629e-03
17 39 -1.207400765492148e-02 3.740594443179281e-03
18 39 -8.828834509188062e-03 5.356139745085446e-03
19 39 -5.889270207640730e-03 3.471148829125430e-03
20 39 -2.896901091646142e-03 5.100257609579753e-03
21 39 5.150692683804284e-17 3.387085109819175e-03
22 39 2.896901091646175e-03 5.100257609579728e-03
23 39 5.889270207640817e-03 3.471148829125492e-03
24 39 8.828834509188114e-03 5.356139745085379e-03
25 39 1.207400765492155e-02 3.740594443179385e-03
26 39 1.520158719917978e-02 5.921146082839546e-03
27 39 1.891115822459761e-02 4.255175905766402e-03
28 39 2.240794530576457e-02 6.926731341468461e-03
29 39 2.690945863379793e-02 5.148089820553495e-03
30 39 3.103436353851675e-02 8.654307904992973e-03
31 39 3.690259263098682e-02 6.711503462256054e-03
32 39 4.206203701271981e-02 1.172963471852669e-02
33 39 5.044680815545047e-02 9.653609957486989e-03
34 39 5.728657044784419e-02 1.771018160598875e-02
35 39 7.089676439067519e-02 1.605060237442434e-02
36 39 8.005279393447463e-02 3.119574441954301e-02
37 39 1.069185072670705e-01 3.407366325530931e-02
38 39 1.139381196652713e-01 6.920132954903696e-02
39 39 1.868253197539102e-01 1.101365694284389e-01
