0 0 3.174715335880862e-16 1.739402210555335e-17
1 0 3.117796566796476e-01 1.800060687118434e-01
2 0 2.451063496866983e-01 1.518734477996592e-03
3 0 1.515867274725499e-01 3.748791363067967e-02
4 0 1.231067834354174e-01 3.003752941731399e-03
5 0 9.652613950370019e-02 1.540020000524520e-02
6 0 8.266825993698540e-02 4.421393389357937e-03
7 0 7.128612001218944e-02 1.063187828264063e-02
8 0 6.350314612310395e-02 5.738254751216478e-03
9 0 5.742470321280963e-02 9.501762455101899e-03
10 0 5.260203865439489e-02 6.921680671883438e-03
11 0 4.898719130540925e-02 9.413227415089457e-03
12 0 4.583952459611868e-02 7.940587820646135e-03
13 0 4.358560661171981e-02 9.636194640652589e-03
14 0 4.151555938214112e-02 8.766628079453392e-03
15 0 4.010973342664986e-02 9.888090494220566e-03
16 0 3.881706494679839e-02 9.375585287341406e-03
17 0 3.799843883454650e-02 1.003204546450282e-02
18 0 3.733005414734393e-02 9.748827077507174e-03
19 0 3.696672591856393e-02 9.990935702367277e-03
20 0 3.685439311840513e-02 9.874583613480753e-03
21 0 3.689412034866726e-02 9.716312679271939e-03
22 0 3.733005414734377e-02 9.748827077507165e-03
23 0 3.778294758652166e-02 9.173519379157308e-03
24 0 3.881706494679826e-02 9.375585287341340e-03
25 0 3.975815181875088e-02 8.330114005574646e-03
26 0 4.151555938214099e-02 8.766628079453208e-03
27 0 4.310869204593603e-02 7.139752160392128e-03
28 0 4.583952459611857e-02 7.940587820645812e-03
29 0 4.839892498879185e-02 5.508888103129837e-03
30 0 5.260203865439487e-02 6.921680671883014e-03
31 0 5.674145193894658e-02 3.208005123570221e-03
32 0 6.350314612310384e-02 5.738254751216042e-03
33 0 7.052582975043531e-02 -4.331053368507368e-04
34 0 8.266825993698515e-02 4.421393389357591e-03
35 0 9.570766440964930e-02 -7.946992422200204e-03
36 0 1.231067834354169e-01 3.003752941731209e-03
37 0 1.507293516627617e-01 -3.294856878551160e-02
38 0 2.451063496866979e-01 1.518734477996521e-03
39 0 3.109028149199493e-01 -1.784817143164536e-01
0 1 1.238684374828977e-01 2.115089582185545e-01
1 1 1.082588492753206e-01 1.125340000524365e-01
2 1 1.194955762889384e-01 6.899080313738822e-02
3 1 9.235439186089053e-02 5.332083300172900e-02
4 1 8.846094835961237e-02 3.238443860269890e-02
5 1 7.333274395132973e-02 3.020175238823240e-02
6 1 6.861659602397754e-02 2.017534431931146e-02
7 1 6.014176416619913e-02 2.061874914044363e-02
8 1 5.643227819049874e-02 1.530984334452978e-02
9 1 5.133349118904983e-02 1.622446697680687e-02
10 1 4.861845193074288e-02 1.314771731234251e-02
11 1 4.536976315791402e-02 1.400350352365039e-02
12 1 4.344678782458824e-02 1.208927745983120e-02
13 1 4.130648225423483e-02 1.272928457042619e-02
14 1 4.002062735628345e-02 1.146436765627555e-02
15 1 3.860315082978596e-02 1.182876676723569e-02
16 1 3.786283985984667e-02 1.094367242165482e-02
17 1 3.696061890727178e-02 1.099596715024146e-02
18 1 3.672606423813869e-02 1.034096092266088e-02
19 1 3.623154229348157e-02 1.004328658477487e-02
20 1 3.650706096974651e-02 9.533962840297625e-03
21 1 3.637744888641862e-02 8.833639981527986e-03
22 1 3.721290175113178e-02 8.424197379634049e-03
23 1 3.745559554816057e-02 7.238432594221831e-03
24 1 3.896040718403906e-02 6.905819109514727e-03
25 1 3.963062727068029e-02 5.094822422572858e-03
26 1 4.200894438499226e-02 4.824131143103258e-03
27 1 4.321632040814277e-02 2.135856669505149e-03
28 1 4.684536539982141e-02 1.894092257250414e-03
29 1 4.876443661227718e-02 -2.161079476833208e-03
30 1 5.437346568610393e-02 -2.500411454718813e-03
31 1 5.722686258271827e-02 -8.963954789773425e-03
32 1 6.632623824668932e-02 -9.898321763092157e-03
33 1 7.014646928517522e-02 -2.122443011749330e-02
34 1 8.599584743311835e-02 -2.487510851575457e-02
35 1 8.897358165806404e-02 -4.722344273131994e-02
36 1 1.169137189071466e-01 -6.441774344135272e-02
37 1 1.047612182340197e-01 -1.094515729206803e-01
38 1 1.212281782213431e-01 -2.099733639883818e-01
39 1 -1.768284493084822e-03 -2.169839959326877e-01
0 2 6.415471807194015e-02 1.051117253623953e-01
1 2 6.160003417975394e-02 7.589398893682198e-02
2 2 7.227622069704055e-02 6.041720922093862e-02
3 2 6.282185678268186e-02 4.840714299695452e-02
4 2 6.460225377533284e-02 3.729812860744527e-02
5 2 5.686619138235906e-02 3.283171090239345e-02
6 2 5.603268975836021e-02 2.590000722062795e-02
7 2 5.060733524946930e-02 2.432092383750721e-02
8 2 4.922074665242146e-02 1.997605579179223e-02
9 2 4.547019004250634e-02 1.948863548904337e-02
10 2 4.416933566644553e-02 1.664885878534987e-02
11 2 4.153561754455518e-02 1.652921204987424e-02
12 2 4.051722801577589e-02 1.456750510491018e-02
13 2 3.863502195476057e-02 1.448993994692070e-02
14 2 3.796428410854259e-02 1.304353758446160e-02
15 2 3.660860960127341e-02 1.283727297710055e-02
16 2 3.631894436199871e-02 1.168875600169808e-02
17 2 3.535524596599578e-02 1.124349540547065e-02
18 2 3.548309297150821e-02 1.025596358133956e-02
19 2 3.483509373399354e-02 9.479368589765433e-03
20 2 3.543585959196197e-02 8.559244467173334e-03
21 2 3.506539380767736e-02 7.350920061982138e-03
22 2 3.622696366687170e-02 6.421745495981368e-03
23 2 3.611900391888272e-02 4.647579714520322e-03
24 2 3.798100897228576e-02 3.622627271566451e-03
25 2 3.812599988419908e-02 1.077199391223917e-03
26 2 4.091180077552838e-02 -1.849676798093771e-04
27 2 4.126924164695333e-02 -3.844442583429758e-03
28 2 4.533641830177504e-02 -5.636466957575114e-03
29 2 4.573381810813185e-02 -1.101082938395644e-02
30 2 5.162758739087090e-02 -1.402170768796150e-02
31 2 5.144916980135067e-02 -2.216228954703590e-02
32 2 5.978912290994660e-02 -2.815235106068730e-02
33 2 5.699570750880879e-02 -4.061679587777279e-02
34 2 6.717096116251688e-02 -5.420738116050641e-02
35 2 5.550107884797343e-02 -7.115229626426235e-02
36 2 5.887419350379466e-02 -1.019730944032142e-01
37 2 2.422876680845948e-02 -1.099194194938524e-01
38 2 -2.669457178893833e-03 -1.334591223451785e-01
39 2 -3.046400096595329e-02 -1.115112001008753e-01
0 3 4.516316896380087e-02 6.938211649740594e-02
1 3 4.485053668880618e-02 5.641965172646184e-02
2 3 5.178065872261007e-02 4.933604311832334e-02
3 3 4.792724263298279e-02 4.177492102611900e-02
4 3 5.044640909044391e-02 3.557572916279841e-02
5 3 4.636620551152272e-02 3.166677602512223e-02
6 3 4.687785481749253e-02 2.706494209791168e-02
7 3 4.346616920516522e-02 2.509520449124385e-02
8 3 4.319386955098631e-02 2.178496599000340e-02
9 3 4.050876390888469e-02 2.075850205517996e-02
10 3 4.001893002415039e-02 1.832763105321795e-02
11 3 3.792348394901335e-02 1.770540671401858e-02
12 3 3.748340311462631e-02 1.583135809032520e-02
13 3 3.583278754968996e-02 1.530969660287375e-02
14 3 3.558266194274096e-02 1.376556623190122e-02
15 3 3.426483240016193e-02 1.315577198985336e-02
16 3 3.429472305123171e-02 1.178283526815806e-02
17 3 3.323077885979999e-02 1.094930514107168e-02
18 3 3.361590561598989e-02 9.630021988031685e-03
19 3 3.275015259059438e-02 8.455564363727606e-03
20 3 3.356923257651585e-02 7.089575517722613e-03
21 3 3.285506816799364e-02 5.450935128083228e-03
22 3 3.420237192527322e-02 3.929009230261382e-03
23 3 3.358133883458035e-02 1.673168689024821e-03
24 3 3.557556589700540e-02 -1.599736696462304e-04
25 3 3.493946722596582e-02 -3.243788564840292e-03
26 3 3.772350169729211e-02 -5.654216123522862e-03
27 3 3.683540764300988e-02 -9.864014135634610e-03
28 3 4.053678886105838e-02 -1.335159105663763e-02
29 3 3.885779036250487e-02 -1.906919577099531e-02
30 3 4.340349033964780e-02 -2.459110383501805e-02
31 3 3.973437096073255e-02 -3.208853134219689e-02
32 3 4.421061288680025e-02 -4.132048340176003e-02
33 3 3.616957449953253e-02 -4.984978526431098e-02
34 3 3.724227133429153e-02 -6.450550614025903e-02
35 3 2.187762437895286e-02 -6.985276129764266e-02
36 3 1.335948857636591e-02 -8.527544934361089e-02
37 3 -4.535035151154507e-03 -8.056469044697026e-02
38 3 -2.145544782002130e-02 -8.691214275492891e-02
39 3 -3.085056950483470e-02 -7.317110574250067e-02
0 4 3.672104744949162e-02 5.212621038723501e-02
1 4 3.694111927324886e-02 4.498037055952407e-02
2 4 4.147485235957177e-02 4.121686483413763e-02
3 4 3.971754615930186e-02 3.634387394625834e-02
4 4 4.191014510931775e-02 3.263838909833885e-02
5 4 3.961274843985996e-02 2.963402194719502e-02
6 4 4.046326874341604e-02 2.651450532390358e-02
7 4 3.823177207873962e-02 2.470236759341049e-02
8 4 3.841308140198154e-02 2.217780288783691e-02
9 4 3.642535063330810e-02 2.103018599346717e-02
10 4 3.633666239507425e-02 1.895529546086502e-02
11 4 3.460336210288512e-02 1.811490363578161e-02
12 4 3.448065220147165e-02 1.632861310660073e-02
13 4 3.296141529004872e-02 1.555488435357818e-02
14 4 3.295396481858666e-02 1.391829734016353e-02
15 4 3.160015713416947e-02 1.303997745902667e-02
16 4 3.181376859657283e-02 1.143840646580204e-02
17 4 3.057919133388456e-02 1.032165303858464e-02
18 4 3.109875690813689e-02 8.654106627971092e-03
19 4 2.993538964019662e-02 7.181204222862435e-03
20 4 3.083553775085059e-02 5.343325296882416e-03
21 4 2.967913021603645e-02 3.397173716366127e-03
22 4 3.102592268811943e-02 1.256755469040803e-03
23 4 2.976936359441437e-02 -1.290087251225540e-03
24 4 3.160878932355795e-02 -3.929050185424678e-03
25 4 3.005545175267772e-02 -7.214555499013802e-03
26 4 3.237164702485059e-02 -1.066324719202706e-02
27 4 3.015667676184397e-02 -1.480127301156103e-02
28 4 3.275808841192002e-02 -1.954280454370522e-02
29 4 2.923729889994147e-02 -2.448823720559197e-02
30 4 3.149874157726130e-02 -3.115768525935591e-02
31 4 2.569668469221239e-02 -3.634488438748704e-02
32 4 2.615908999709765e-02 -4.530887295473959e-02
33 4 1.721198060849762e-02 -4.904344241651855e-02
34 4 1.367928187917740e-02 -5.894775557772847e-02
35 4 2.689380660422085e-03 -5.858693389992847e-02
36 4 -5.513910260160338e-03 -6.585507484034744e-02
37 4 -1.469141228398129e-02 -6.034672214700355e-02
38 4 -2.459092102167449e-02 -6.238936814063792e-02
39 4 -2.896239775932765e-02 -5.429038109687783e-02
0 5 3.229537062593170e-02 4.209386142961501e-02
1 5 3.264568972577268e-02 3.771753842298806e-02
2 5 3.569548315963609e-02 3.553095580852457e-02
3 5 3.481227137242346e-02 3.228961569661171e-02
4 5 3.650300248535531e-02 2.992733736274892e-02
5 5 3.508252631200853e-02 2.770629393052238e-02
6 5 3.588165909535057e-02 2.549359450657689e-02
7 5 3.429507397318205e-02 2.398999714284791e-02
8 5 3.458409860288644e-02 2.199082499244017e-02
9 5 3.298964778713610e-02 2.090993881955985e-02
10 5 3.303980902534590e-02 1.907554263475692e-02
11 5 3.148748740814735e-02 1.817930933119921e-02
12 5 3.148741191247063e-02 1.642561888161035e-02
13 5 2.997986514525354e-02 1.552964710276508e-02
14 5 3.006457120703542e-02 1.376874408694481e-02
15 5 2.858485977586239e-02 1.272860312833840e-02
16 5 2.885468997844709e-02 1.087643348356072e-02
17 5 2.737381000265393e-02 9.575263916495188e-03
18 5 2.790340693042154e-02 7.546877015830612e-03
19 5 2.637498553000271e-02 5.886635173917534e-03
20 5 2.721353547663762e-02 3.583627920463358e-03
21 5 2.555863552903236e-02 1.481186335529136e-03
22 5 2.671973575539810e-02 -1.226405778305549e-03
23 5 2.480215800821651e-02 -3.833708184429896e-03
24 5 2.623636287872632e-02 -7.127213818110399e-03
25 5 2.382963728266050e-02 -1.025446184641458e-02
26 5 2.536635097657826e-02 -1.437460742477503e-02
27 5 2.212447463026793e-02 -1.791717361172960e-02
28 5 2.337151169209311e-02 -2.311859249442429e-02
29 5 1.885379599204890e-02 -2.670836510959822e-02
30 5 1.908965613596229e-02 -3.306425432650515e-02
31 5 1.297308719248972e-02 -3.589094498670368e-02
32 5 1.123397616909179e-02 -4.285755302282703e-02
33 5 3.865532227414424e-03 -4.373534466301071e-02
34 5 -4.052245415972385e-04 -4.988407716455616e-02
35 5 -7.592405817190119e-03 -4.797864242838159e-02
36 5 -1.367063863322125e-02 -5.172165606057578e-02
37 5 -1.889744613181862e-02 -4.748857926732122e-02
38 5 -2.502131300335185e-02 -4.833900830332648e-02
39 5 -2.754330267328979e-02 -4.333585713847532e-02
0 6 2.979651307171976e-02 3.572789888731696e-02
1 6 3.013799266047684e-02 3.292814524477822e-02
2 6 3.219301530590634e-02 3.158138323901015e-02
3 6 3.167712493710785e-02 2.940782068792537e-02
4 6 3.287444349849973e-02 2.780519620013334e-02
5 6 3.186616707072430e-02 2.621394051513188e-02
6 6 3.245205983994343e-02 2.454590027239638e-02
7 6 3.117497995716550e-02 2.337725600500557e-02
8 6 3.138131985962012e-02 2.169681419222955e-02
9 6 2.995163264815164e-02 2.076798080908225e-02
10 6 2.996870918059166e-02 1.905608917481866e-02
11 6 2.843900147542835e-02 1.819850126643904e-02
12 6 2.841676504180563e-02 1.640642694638454e-02
13 6 2.680626978786314e-02 1.547660707799265e-02
14 6 2.686082689432295e-02 1.354728140414656e-02
15 6 2.516986525133668e-02 1.242847017514800e-02
16 6 2.538680933415505e-02 1.030318530067583e-02
17 6 2.359856848460727e-02 8.905017760124893e-03
18 6 2.403111213428202e-02 6.520583465432476e-03
19 6 2.210437930749084e-02 4.779965092139281e-03
20 6 2.276549760076282e-02 2.060632053907439e-03
21 6 2.062179651804110e-02 -5.286053357258951e-05
22 6 2.146830656459668e-02 -3.203186109695997e-03
23 6 1.897806337250044e-02 -5.671470311860265e-03
24 6 1.988334762742051e-02 -9.366786218433438e-03
25 6 1.686099917047659e-02 -1.208859045989585e-02
26 6 1.757714822444736e-02 -1.642900028197564e-02
27 6 1.380843967459569e-02 -1.916211403735888e-02
28 6 1.393908482635859e-02 -2.414320313026503e-02
29 6 9.282790862778568e-03 -2.644683642874916e-02
30 6 8.335532553865497e-03 -3.179961909740952e-02
31 6 2.927738772013767e-03 -3.306679691483409e-02
32 6 5.455209900828900e-04 -3.814073901599164e-02
33 6 -5.016588051716509e-03 -3.784530733167744e-02
34 6 -8.705577394539882e-03 -4.178168446984100e-02
35 6 -1.350390132346917e-02 -3.986896726133113e-02
36 6 -1.778688557803602e-02 -4.208072344472204e-02
37 6 -2.109125693371290e-02 -3.911090553185782e-02
38 6 -2.506301471180103e-02 -3.962223035718420e-02
39 6 -2.672190621587068e-02 -3.642736795229520e-02
0 7 2.834990231340697e-02 3.157021503752880e-02
1 7 2.861820427623945e-02 2.979200283939028e-02
2 7 2.993874730680101e-02 2.892669613779423e-02
3 7 2.954558793076005e-02 2.751692590109892e-02
4 7 3.027817695763245e-02 2.635626568225706e-02
5 7 2.942170931412082e-02 2.528534942337927e-02
6 7 2.971266102567469e-02 2.393270606073678e-02
7 7 2.852564894968915e-02 2.309632932002968e-02
8 7 2.853058148330091e-02 2.157982201823272e-02
9 7 2.709303031137776e-02 2.084655011225762e-02
10 7 2.695636776101911e-02 1.915231037570617e-02
11 7 2.531572355176207e-02 1.839091316534368e-02
12 7 2.516270329536906e-02 1.648851775506653e-02
13 7 2.334830352752379e-02 1.558350762991462e-02
14 7 2.327942250912802e-02 1.344038085222421e-02
15 7 2.130737992950751e-02 1.230182153802653e-02
16 7 2.139139755830938e-02 9.887555582873261e-03
17 7 1.926099088664116e-02 8.457950665042659e-03
18 7 1.952602590540536e-02 5.741622918867923e-03
19 7 1.721129889662858e-02 4.001861151812091e-03
20 7 1.763426976826727e-02 9.475499066974092e-04
21 7 1.507624399439276e-02 -1.074997284611678e-03
22 7 1.557062575703227e-02 -4.506892803913860e-03
23 7 1.267754526122585e-02 -6.724203562243772e-03
24 7 1.308129136312837e-02 -1.055981687214581e-02
25 7 9.747834801548689e-03 -1.280211938982039e-02
26 7 9.821302861054700e-03 -1.701099555186816e-02
27 7 5.980742590442571e-03 -1.900959922440769e-02
28 7 5.439357490749223e-03 -2.343675702944368e-02
29 7 1.152940955137389e-03 -2.484319829959795e-02
30 7 -2.344002890052919e-04 -2.915520805941631e-02
31 7 -4.691330553979004e-03 -2.963914977924963e-02
32 7 -6.951180557296744e-03 -3.336629228187679e-02
33 7 -1.110516161508711e-02 -3.278294294325212e-02
34 7 -1.396505604718791e-02 -3.549661885132150e-02
35 7 -1.732054939133213e-02 -3.400742606549356e-02
36 7 -2.029571367817055e-02 -3.552314262607990e-02
37 7 -2.256043586653378e-02 -3.353723550620377e-02
38 7 -2.518229231361146e-02 -3.396874745201908e-02
39 7 -2.635275943542615e-02 -3.193452586943662e-02
0 8 2.752802750758446e-02 2.892877170060735e-02
1 8 2.768722564145309e-02 2.789159060261465e-02
2 8 2.840891825777177e-02 2.731834496722218e-02
3 8 2.800309634492387e-02 2.651085133817163e-02
4 8 2.828223181710815e-02 2.560875045527571e-02
5 8 2.741477563146859e-02 2.499679346086400e-02
6 8 2.735159619644851e-02 2.380868374403950e-02
7 8 2.609776583585511e-02 2.330404610959371e-02
8 8 2.581283487648360e-02 2.183232856185062e-02
9 8 2.422840940740512e-02 2.132153000303659e-02
10 8 2.384661268855901e-02 1.955067779787908e-02
11 8 2.197932680095229e-02 1.891878290241913e-02
12 8 2.161622487736109e-02 1.683402915407244e-02
13 8 1.951125584372369e-02 1.598445092055396e-02
14 8 1.925857309525322e-02 1.358171591651207e-02
15 8 1.695529558320342e-02 1.245153207736997e-02
16 8 1.686644237162301e-02 9.737845043528223e-03
17 8 1.438902311841899e-02 8.307506370794601e-03
18 8 1.446743599920223e-02 5.295571460787979e-03
19 8 1.181535955480005e-02 3.593602601109874e-03
20 8 1.200772678261064e-02 2.975519202566764e-04
21 8 9.153400363149341e-03 -1.596913052902382e-03
22 8 9.348812436149365e-03 -5.156669450182508e-03
23 8 6.248729865243020e-03 -7.111130874388760e-03
24 8 6.286511272615016e-03 -1.088855692652391e-02
25 8 2.910552247279123e-03 -1.271707818060021e-02
26 8 2.604423989025711e-03 -1.660863907084817e-02
27 8 -1.018102998632321e-03 -1.808624901029601e-02
28 8 -1.829798996728688e-03 -2.190287726683999e-02
29 8 -5.564192941751880e-03 -2.281055844003652e-02
30 8 -6.945833214675960e-03 -2.628496366493921e-02
31 8 -1.054272044247411e-02 -2.648609474613794e-02
32 8 -1.240173738845741e-02 -2.933853962978378e-02
33 8 -1.555587992755857e-02 -2.885071247566400e-02
34 8 -1.764924168665290e-02 -3.088933065563705e-02
35 8 -2.010666068165708e-02 -2.989379267466484e-02
36 8 -2.212779173176227e-02 -3.108120499558092e-02
37 8 -2.376948254121462e-02 -2.984939494346381e-02
38 8 -2.546081837479975e-02 -3.028779280840638e-02
39 8 -2.630853505220110e-02 -2.907300873048235e-02
0 9 2.710775897989480e-02 2.745436167749534e-02
1 9 2.713576708510887e-02 2.701865588902879e-02
2 9 2.731856697763607e-02 2.663522414991732e-02
3 9 2.681351246664301e-02 2.635579275205740e-02
4 9 2.662347148748256e-02 2.560127812750174e-02
5 9 2.562692087756958e-02 2.542839182196751e-02
6 9 2.514779648863349e-02 2.429721724065156e-02
7 9 2.369780983761949e-02 2.413468193940753e-02
8 9 2.304405464095091e-02 2.260526019457791e-02
9 9 2.118680010686125e-02 2.233420578916439e-02
10 9 2.048749068015686e-02 2.039162074596466e-02
11 9 1.828546836842528e-02 1.989808990647032e-02
12 9 1.766254699570194e-02 1.755126185676476e-02
13 9 1.519176085274138e-02 1.675297146910418e-02
14 9 1.473540425939277e-02 1.403922300960051e-02
15 9 1.207136286820213e-02 1.290449150070103e-02
16 9 1.181981741219901e-02 9.881381372540993e-03
17 9 9.019830921067314e-03 8.435600228748895e-03
18 9 8.950333755121220e-03 5.167477602856349e-03
19 9 6.042360035131629e-03 3.488558192823904e-03
20 9 6.074882979862931e-03 3.827480529977768e-05
21 9 3.060163468061059e-03 -1.753307390103354e-03
22 9 3.071836461614943e-03 -5.320576824060274e-03
23 9 -5.711694981665211e-05 -7.073163670652643e-03
24 9 -2.085994752976776e-04 -1.067464379001285e-02
25 9 -3.438773825115267e-03 -1.222020691400901e-02
26 9 -3.882229218193312e-03 -1.573800386036748e-02
27 9 -7.149887017726841e-03 -1.691685300310941e-02
28 9 -7.960112738251915e-03 -2.019369191602115e-02
29 9 -1.113605759286789e-02 -2.089180580184480e-02
30 9 -1.229776931833836e-02 -2.375317283573503e-02
31 9 -1.520370002360954e-02 -2.394139903681589e-02
32 9 -1.660134350659439e-02 -2.624085948924310e-02
33 9 -1.905648741118683e-02 -2.599261938765520e-02
34 9 -2.050380776774709e-02 -2.765561834183977e-02
35 9 -2.237712895211163e-02 -2.712536766951689e-02
36 9 -2.367487656959469e-02 -2.816259808949638e-02
37 9 -2.491137525935407e-02 -2.753243921046079e-02
38 9 -2.590201981282376e-02 -2.801521957519802e-02
39 9 -2.651216315950381e-02 -2.743809891751392e-02
0 10 2.697883682027044e-02 2.697954887485740e-02
1 10 2.686163378569601e-02 2.709308913258981e-02
2 10 2.651018450330800e-02 2.684906079715950e-02
3 10 2.583888107509835e-02 2.708697486974413e-02
4 10 2.513045294175473e-02 2.640873237799112e-02
5 10 2.389878041870379e-02 2.669206180016292e-02
6 10 2.292436878865405e-02 2.552702043794970e-02
7 10 2.114818237929789e-02 2.572785611251027e-02
8 10 2.004522432320942e-02 2.403269638314956e-02
9 10 1.778160384746033e-02 2.400429387113073e-02
10 10 1.671028055515096e-02 2.177579908932570e-02
11 10 1.406206275882324e-02 2.139383448644481e-02
12 10 1.316730850691722e-02 1.868518322510073e-02
13 10 1.026511969408965e-02 1.788542992308325e-02
14 10 9.637737174686647e-03 1.479795064315882e-02
15 10 6.607147039723833e-03 1.359390893510254e-02
16 10 6.261550913192119e-03 1.025022047531526e-02
17 10 3.193732910126439e-03 8.725533771948416e-03
18 10 3.070588443645954e-03 5.241865582928907e-03
19 10 1.167299355794485e-05 3.526832998125997e-03
20 10 -2.658447197561772e-16 -4.011612652259928e-16
21 10 -3.038065498917472e-03 -1.754027933615438e-03
22 10 -3.070588443646423e-03 -5.241865582929607e-03
23 10 -6.085307955442381e-03 -6.883230731174928e-03
24 10 -6.261550913192454e-03 -1.025022047531571e-02
25 10 -9.232780276329707e-03 -1.164466688818483e-02
26 10 -9.637737174686844e-03 -1.479795064315900e-02
27 10 -1.250941447167620e-02 -1.584763096429658e-02
28 10 -1.316730850691739e-02 -1.868518322510073e-02
29 10 -1.584643065999496e-02 -1.934829862067279e-02
30 10 -1.671028055515118e-02 -2.177579908932567e-02
31 10 -1.908462410758247e-02 -2.207886318892171e-02
32 10 -2.004522432320982e-02 -2.403269638314963e-02
33 10 -2.201093077459274e-02 -2.406558128036117e-02
34 10 -2.292436878865457e-02 -2.552702043794991e-02
35 10 -2.440783704463382e-02 -2.541837852051155e-02
36 10 -2.513045294175519e-02 -2.640873237799138e-02
37 10 -2.609310480643654e-02 -2.629038648125475e-02
38 10 -2.651018450330830e-02 -2.684906079715965e-02
39 10 -2.693697111248070e-02 -2.682251259122460e-02
0 11 2.710775897989459e-02 2.745436167749511e-02
1 11 2.683597461772007e-02 2.813423275020491e-02
2 11 2.590201981282324e-02 2.801521957519767e-02
3 11 2.499646428425774e-02 2.881828096147145e-02
4 11 2.367487656959402e-02 2.816259808949608e-02
5 11 2.208442405832923e-02 2.895618509588200e-02
6 11 2.050380776774644e-02 2.765561834183956e-02
7 11 1.823967600680251e-02 2.824570817932709e-02
8 11 1.660134350659388e-02 2.624085948924304e-02
9 11 1.376743346454772e-02 2.642606875287124e-02
10 11 1.229776931833804e-02 2.375317283573495e-02
11 11 9.080990325696054e-03 2.339615299600612e-02
12 11 7.960112738251698e-03 2.019369191602091e-02
13 11 4.577394319370391e-03 1.927122015114666e-02
14 11 3.882229218193079e-03 1.573800386036699e-02
15 11 5.154415254922659e-04 1.434117803497080e-02
16 11 2.085994752973442e-04 1.067464379001215e-02
17 11 -3.034055054234965e-03 8.967124241881782e-03
18 11 -3.071836461615377e-03 5.320576824059526e-03
19 11 -6.154097898818841e-03 3.487117105798858e-03
20 11 -6.074882979863375e-03 -3.827480530035081e-05
21 11 -9.003706651028618e-03 -1.828415913676849e-03
22 11 -8.950333755121520e-03 -5.167477602856609e-03
23 11 -1.174140453142841e-02 -6.778903066884387e-03
24 11 -1.181981741219909e-02 -9.881381372540927e-03
25 11 -1.447189385660615e-02 -1.122117664962144e-02
26 11 -1.473540425939268e-02 -1.403922300960023e-02
27 11 -1.721943742655613e-02 -1.506298482234352e-02
28 11 -1.766254699570179e-02 -1.755126185676447e-02
29 11 -1.992535033770005e-02 -1.826710790981627e-02
30 11 -2.048749068015679e-02 -2.039162074596452e-02
31 11 -2.246484543840688e-02 -2.085817289820859e-02
32 11 -2.304405464095098e-02 -2.260526019457795e-02
33 11 -2.467466169362719e-02 -2.292008601734719e-02
34 11 -2.514779648863369e-02 -2.429721724065169e-02
35 11 -2.637982078163194e-02 -2.457641046414068e-02
36 11 -2.662347148748276e-02 -2.560127812750184e-02
37 11 -2.741046148101205e-02 -2.595447918369706e-02
38 11 -2.731856697763609e-02 -2.663522414991725e-02
39 11 -2.760869635715949e-02 -2.714036594327195e-02
0 12 2.752802750758410e-02 2.892877170060694e-02
1 12 2.709316625462392e-02 3.026651247976967e-02
2 12 2.546081837479918e-02 3.028779280840603e-02
3 12 2.422755928105896e-02 3.177371877303528e-02
4 12 2.212779173176161e-02 3.108120499558073e-02
5 12 1.999588197984066e-02 3.247948474878719e-02
6 12 1.764924168665235e-02 3.088933065563700e-02
7 12 1.466053031132587e-02 3.188036049480050e-02
8 12 1.240173738845710e-02 2.933853962978376e-02
9 12 8.779737537180329e-03 2.963606248954346e-02
10 12 6.945833214675868e-03 2.628496366493906e-02
11 12 3.034194180197101e-03 2.576430217296027e-02
12 12 1.829798996728696e-03 2.190287726683961e-02
13 12 -2.038526848977582e-03 2.064634884476937e-02
14 12 -2.604423989025749e-03 1.660863907084760e-02
15 12 -6.213043213091401e-03 1.484293226494584e-02
16 12 -6.286511272615179e-03 1.088855692652332e-02
17 12 -9.558036642673080e-03 8.879151275486132e-03
18 12 -9.348812436149635e-03 5.156669450182122e-03
19 12 -1.230239653959185e-02 3.132037966585943e-03
20 12 -1.200772678261085e-02 -2.975519202566919e-04
21 12 -1.470096748194057e-02 -2.173488822768990e-03
22 12 -1.446743599920224e-02 -5.295571460787617e-03
23 12 -1.695377096722805e-02 -6.922439395882297e-03
24 12 -1.686644237162273e-02 -9.737845043527628e-03
25 12 -1.917455546645115e-02 -1.107043476014710e-02
26 12 -1.925857309525277e-02 -1.358171591651147e-02
27 12 -2.138897976691868e-02 -1.462326002949971e-02
28 12 -2.161622487736054e-02 -1.683402915407204e-02
29 12 -2.354778462674822e-02 -1.763106789922720e-02
30 12 -2.384661268855857e-02 -1.955067779787893e-02
31 12 -2.554572109018120e-02 -2.018633109354769e-02
32 12 -2.581283487648339e-02 -2.183232856185063e-02
33 12 -2.723881503230633e-02 -2.241564184729362e-02
34 12 -2.735159619644848e-02 -2.380868374403954e-02
35 12 -2.845404463176014e-02 -2.445949073475664e-02
36 12 -2.828223181710816e-02 -2.560875045527560e-02
37 12 -2.899013119660139e-02 -2.643770888754797e-02
38 12 -2.840891825777165e-02 -2.731834496722192e-02
39 12 -2.861700594948357e-02 -2.840017311436773e-02
0 13 2.834990231340668e-02 3.157021503752842e-02
1 13 2.773755277059267e-02 3.376334635550517e-02
2 13 2.518229231361103e-02 3.396874745201887e-02
3 13 2.345786633870538e-02 3.635850299678730e-02
4 13 2.029571367817017e-02 3.552314262607989e-02
5 13 1.730523588283581e-02 3.766243295289538e-02
6 13 1.396505604718773e-02 3.549661885132158e-02
7 13 9.875216996756456e-03 3.683240584541943e-02
8 13 6.951180557296854e-03 3.336629228187694e-02
9 13 2.260059944560977e-03 3.351708467525337e-02
10 13 2.344002890056163e-04 2.915520805941623e-02
11 13 -4.454490196640196e-03 2.811894388106145e-02
12 13 -5.439357490748868e-03 2.343675702944340e-02
13 13 -9.690657709269435e-03 2.153951656350458e-02
14 13 -9.821302861054476e-03 1.701099555186779e-02
15 13 -1.347242454887682e-02 1.468427462902298e-02
16 13 -1.308129136312833e-02 1.055981687214562e-02
17 13 -1.617220260140375e-02 8.161421444663426e-03
18 13 -1.557062575703233e-02 4.506892803914024e-03
19 13 -1.822536796164335e-02 2.266442710014582e-03
20 13 -1.763426976826724e-02 -9.475499066968454e-04
21 13 -1.997915824071995e-02 -2.909655236792308e-03
22 13 -1.952602590540506e-02 -5.741622918867096e-03
23 13 -2.165464622624711e-02 -7.380977839102746e-03
24 13 -2.139139755830875e-02 -9.887555582872409e-03
25 13 -2.335860455515175e-02 -1.121176982443329e-02
26 13 -2.327942250912720e-02 -1.344038085222359e-02
27 13 -2.510814618890755e-02 -1.449619496101822e-02
28 13 -2.516270329536823e-02 -1.648851775506624e-02
29 13 -2.685366493835453e-02 -1.735534050325752e-02
30 13 -2.695636776101848e-02 -1.915231037570618e-02
31 13 -2.849455481165196e-02 -1.993767739592665e-02
32 13 -2.853058148330062e-02 -2.157982201823281e-02
33 13 -2.988408718500107e-02 -2.241385537803965e-02
34 13 -2.971266102567465e-02 -2.393270606073676e-02
35 13 -3.082095211400275e-02 -2.495884864783888e-02
36 13 -3.027817695763246e-02 -2.635626568225682e-02
37 13 -3.102962664619779e-02 -2.771289570138614e-02
38 13 -2.993874730680092e-02 -2.892669613779386e-02
39 13 -3.014444062460939e-02 -3.070932292403316e-02
0 14 2.979651307171963e-02 3.572789888731680e-02
1 14 2.897029953831241e-02 3.916025450458673e-02
2 14 2.506301471180087e-02 3.962223035718432e-02
3 14 2.251066857960381e-02 4.331178064588480e-02
4 14 1.778688557803601e-02 4.208072344472236e-02
5 14 1.333125109082326e-02 4.511206298567717e-02
6 14 8.705577394540158e-03 4.178168446984135e-02
7 14 2.914487213831332e-03 4.318643147435698e-02
8 14 -5.455209900823224e-04 3.814073901599185e-02
9 14 -6.588786063971569e-03 3.756436218818422e-02
10 14 -8.335532553864796e-03 3.179961909740954e-02
11 14 -1.370322468243788e-02 2.968204884168294e-02
12 14 -1.393908482635798e-02 2.414320313026494e-02
13 14 -1.826223676563939e-02 2.126255091955908e-02
14 14 -1.757714822444701e-02 1.642900028197560e-02
15 14 -2.093837036113753e-02 1.342007530601147e-02
16 14 -1.988334762742041e-02 9.366786218433664e-03
17 14 -2.253661955445710e-02 6.586546780902825e-03
18 14 -2.146830656459667e-02 3.203186109696587e-03
19 14 -2.366086335176269e-02 8.017941274917344e-04
20 14 -2.276549760076267e-02 -2.060632053906585e-03
21 14 -2.467933345550766e-02 -4.049262200528381e-03
22 14 -2.403111213428160e-02 -6.520583465431579e-03
23 14 -2.578245467242278e-02 -8.122305616845347e-03
24 14 -2.538680933415431e-02 -1.030318530067515e-02
25 14 -2.704284500995344e-02 -1.157744573999512e-02
26 14 -2.686082689432206e-02 -1.354728140414624e-02
27 14 -2.845699823632754e-02 -1.457828576970154e-02
28 14 -2.841676504180484e-02 -1.640642694638457e-02
29 14 -2.996878467627712e-02 -1.730248590013434e-02
30 14 -2.996870918059119e-02 -1.905608917481884e-02
31 14 -3.147625594780995e-02 -1.995240965327938e-02
32 14 -3.138131985961998e-02 -2.169681419222971e-02
33 14 -3.281990057249426e-02 -2.275906398913684e-02
34 14 -3.245205983994359e-02 -2.454590027239635e-02
35 14 -3.374792245197177e-02 -2.597007719616786e-02
36 14 -3.287444349849991e-02 -2.780519620013311e-02
37 14 -3.385730754051369e-02 -2.980124343835422e-02
38 14 -3.219301530590638e-02 -3.158138323900984e-02
39 14 -3.253198458622587e-02 -3.431176645479335e-02
0 15 3.229537062593175e-02 4.209386142961508e-02
1 15 3.114893990195580e-02 4.753553626495651e-02
2 15 2.502131300335196e-02 4.833900830332682e-02
3 15 2.085041872503998e-02 5.404189417040173e-02
4 15 1.367063863322158e-02 5.172165606057626e-02
5 15 6.531479146915504e-03 5.563743282510655e-02
6 15 4.052245415978599e-04 4.988407716455660e-02
7 15 -7.922297832109963e-03 5.045524032648737e-02
8 15 -1.123397616909094e-02 4.285755302282732e-02
9 15 -1.862725083106649e-02 4.042642393023817e-02
10 15 -1.908965613596146e-02 3.306425432650528e-02
11 15 -2.459592652807053e-02 2.918049556755852e-02
12 15 -2.337151169209250e-02 2.311859249442432e-02
13 15 -2.717281676402037e-02 1.906889460962559e-02
14 15 -2.536635097657803e-02 1.437460742477522e-02
15 15 -2.801392193239143e-02 1.075676345232861e-02
16 15 -2.623636287872641e-02 7.127213818110835e-03
17 15 -2.820899111843388e-02 4.112783644888369e-03
18 15 -2.671973575539824e-02 1.226405778306206e-03
19 15 -2.833570977982758e-02 -1.196090933556598e-03
20 15 -2.721353547663758e-02 -3.583627920462646e-03
21 15 -2.866316846207870e-02 -5.488337704382995e-03
22 15 -2.790340693042121e-02 -7.546877015830071e-03
23 15 -2.929613032558049e-02 -9.026040392647235e-03
24 15 -2.885468997844650e-02 -1.087643348356051e-02
25 15 -3.025473608130695e-02 -1.203007787531486e-02
26 15 -3.006457120703477e-02 -1.376874408694498e-02
27 15 -3.151381252315749e-02 -1.470816963845510e-02
28 15 -3.148741191247018e-02 -1.642561888161075e-02
29 15 -3.301742160035884e-02 -1.728303244018455e-02
30 15 -3.303980902534583e-02 -1.907554263475731e-02
31 15 -3.467278684110826e-02 -2.001834281626842e-02
32 15 -3.458409860288669e-02 -2.199082499244037e-02
33 15 -3.631739889507775e-02 -2.324085024324139e-02
34 15 -3.588165909535098e-02 -2.549359450657684e-02
35 15 -3.764234894353660e-02 -2.734756115704323e-02
36 15 -3.650300248535567e-02 -2.992733736274869e-02
37 15 -3.804752199052770e-02 -3.275583719668778e-02
38 15 -3.569548315963628e-02 -3.553095580852444e-02
39 15 -3.643478505277531e-02 -3.968059430958808e-02
0 16 3.672104744949176e-02 5.212621038723522e-02
1 16 3.488783465099029e-02 6.129371285527824e-02
2 16 2.459092102167466e-02 6.238936814063831e-02
3 16 1.669233897999058e-02 7.136083944549269e-02
4 16 5.513910260160764e-03 6.585507484034808e-02
5 16 -6.677323296074384e-03 6.966812854818190e-02
6 16 -1.367928187917672e-02 5.894775557772893e-02
7 16 -2.508639316232674e-02 5.624866299282423e-02
8 16 -2.615908999709687e-02 4.530887295473984e-02
9 16 -3.386687671749587e-02 3.942773366466325e-02
10 16 -3.149874157726065e-02 3.115768525935596e-02
11 16 -3.594315340772825e-02 2.521532143959365e-02
12 16 -3.275808841191966e-02 1.954280454370530e-02
13 16 -3.528329158912013e-02 1.457816097273057e-02
14 16 -3.237164702485065e-02 1.066324719202723e-02
15 16 -3.394344220721525e-02 6.774119399828394e-03
16 16 -3.160878932355830e-02 3.929050185424997e-03
17 16 -3.276338988498464e-02 9.535690423453083e-04
18 16 -3.102592268811981e-02 -1.256755469040426e-03
19 16 -3.203851240620269e-02 -3.507092511159041e-03
20 16 -3.083553775085077e-02 -5.343325296882166e-03
21 16 -3.184687013292859e-02 -7.029234571557672e-03
22 16 -3.109875690813682e-02 -8.654106627971109e-03
23 16 -3.218670759476114e-02 -9.908840847794254e-03
24 16 -3.181376859657255e-02 -1.143840646580240e-02
25 16 -3.303192279804330e-02 -1.238168486331564e-02
26 16 -3.295396481858644e-02 -1.391829734016412e-02
27 16 -3.435301174663340e-02 -1.467345098209980e-02
28 16 -3.448065220147165e-02 -1.632861310660137e-02
29 16 -3.611987786719503e-02 -1.704333565089098e-02
30 16 -3.633666239507460e-02 -1.895529546086551e-02
31 16 -3.828586616373538e-02 -1.983136492088978e-02
32 16 -3.841308140198206e-02 -2.217780288783708e-02
33 16 -4.073556839759732e-02 -2.351869137994554e-02
34 16 -4.046326874341660e-02 -2.651450532390350e-02
35 16 -4.314837438551548e-02 -2.879866748785419e-02
36 16 -4.191014510931820e-02 -3.263838909833868e-02
37 16 -4.467033143460156e-02 -3.659519033250131e-02
38 16 -4.147485235957195e-02 -4.121686483413761e-02
39 16 -4.323963286501210e-02 -4.772498110403378e-02
0 17 4.516316896380083e-02 6.938211649740619e-02
1 17 4.097153488351685e-02 8.685876492673153e-02
2 17 2.145544782002137e-02 8.691214275492917e-02
3 17 3.590089769549057e-03 1.006651033472317e-01
4 17 -1.335948857636562e-02 8.527544934361111e-02
5 17 -3.386915667846161e-02 8.364149235191885e-02
6 17 -3.724227133429108e-02 6.450550614025918e-02
7 17 -4.955545361877299e-02 5.387295913544807e-02
8 17 -4.421061288679976e-02 4.132048340176011e-02
9 17 -4.939308275696684e-02 3.162253892233634e-02
10 17 -4.340349033964756e-02 2.459110383501798e-02
11 17 -4.534692609066304e-02 1.741410490066337e-02
12 17 -4.053678886105844e-02 1.335159105663752e-02
13 17 -4.127948913269688e-02 8.239762034342799e-03
14 17 -3.772350169729254e-02 5.654216123522820e-03
15 17 -3.811156958570395e-02 2.003677252349735e-03
16 17 -3.557556589700601e-02 1.599736696462323e-04
17 17 -3.594211421255314e-02 -2.465982598256694e-03
18 17 -3.420237192527380e-02 -3.929009230261443e-03
19 17 -3.467982196485056e-02 -5.816478301530674e-03
20 17 -3.356923257651626e-02 -7.089575517722859e-03
21 17 -3.421688004408899e-02 -8.428617671827916e-03
22 17 -3.361590561599005e-02 -9.630021988032178e-03
23 17 -3.447370618659586e-02 -1.055738971210326e-02
24 17 -3.429472305123183e-02 -1.178283526815877e-02
25 17 -3.540956265580961e-02 -1.241218012414180e-02
26 17 -3.558266194274114e-02 -1.376556623190197e-02
27 17 -3.702547303524054e-02 -1.421230317563038e-02
28 17 -3.748340311462673e-02 -1.583135809032581e-02
29 17 -3.936470781610969e-02 -1.624151957027086e-02
30 17 -4.001893002415095e-02 -1.832763105321827e-02
31 17 -4.250485716531574e-02 -1.892544986469969e-02
32 17 -4.319386955098697e-02 -2.178496599000345e-02
33 17 -4.651456483238005e-02 -2.296825460593144e-02
34 17 -4.687785481749308e-02 -2.706494209791156e-02
35 17 -5.127991071445010e-02 -2.960647025500788e-02
36 17 -5.044640909044422e-02 -3.557572916279832e-02
37 17 -5.587176359933867e-02 -4.100459164182147e-02
38 17 -5.178065872261011e-02 -4.933604311832337e-02
39 17 -5.642414255041447e-02 -6.024026122007741e-02
0 18 6.415471807193995e-02 1.051117253623955e-01
1 18 4.683037824478892e-02 1.470097320286648e-01
2 18 2.669457178893638e-03 1.334591223451789e-01
3 18 -4.240723351646446e-02 1.454516627824061e-01
4 18 -5.887419350379464e-02 1.019730944032144e-01
5 18 -8.307862624668512e-02 7.594243730542101e-02
6 18 -6.717096116251675e-02 5.420738116050635e-02
7 18 -7.203858615068316e-02 3.635488957553003e-02
8 18 -5.978912290994653e-02 2.815235106068713e-02
9 18 -5.960750055641652e-02 1.745022481810338e-02
10 18 -5.162758739087103e-02 1.402170768796120e-02
11 18 -5.057503910104001e-02 7.378621216857849e-03
12 18 -4.533641830177541e-02 5.636466957574806e-03
13 18 -4.441666622245797e-02 1.289888463588838e-03
14 18 -4.091180077552891e-02 1.849676798090913e-04
15 18 -4.032431585434029e-02 -2.769292827766076e-03
16 18 -3.798100897228637e-02 -3.622627271566737e-03
17 18 -3.773507557924157e-02 -5.660278243770703e-03
18 18 -3.622696366687228e-02 -6.421745495981730e-03
19 18 -3.629947941408702e-02 -7.807664212577255e-03
20 18 -3.543585959196248e-02 -8.559244467173847e-03
21 18 -3.581469497129625e-02 -9.452098385356180e-03
22 18 -3.548309297150851e-02 -1.025596358134019e-02
23 18 -3.618246905558241e-02 -1.076091638016228e-02
24 18 -3.631894436199898e-02 -1.168875600169877e-02
25 18 -3.739079311277482e-02 -1.188733563152621e-02
26 18 -3.796428410854293e-02 -1.304353758446218e-02
27 18 -3.951488501292737e-02 -1.301599709486059e-02
28 18 -4.051722801577634e-02 -1.456750510491053e-02
29 18 -4.273728765223519e-02 -1.442066671465025e-02
30 18 -4.416933566644608e-02 -1.664885878534994e-02
31 18 -4.739114812982208e-02 -1.657220199650035e-02
32 18 -4.922074665242203e-02 -1.997605579179209e-02
33 18 -5.402753020157327e-02 -2.038804665158496e-02
34 18 -5.603268975836050e-02 -2.590000722062768e-02
35 18 -6.344689983329378e-02 -2.788407081035505e-02
36 18 -6.460225377533285e-02 -3.729812860744511e-02
37 18 -7.616966419829896e-02 -4.397657612897104e-02
38 18 -7.227622069704033e-02 -6.041720922093861e-02
39 18 -8.740442510532442e-02 -8.058294066366130e-02
0 19 1.238684374828971e-01 2.115089582185546e-01
1 19 8.817087509293050e-04 3.584905929869937e-01
2 19 -1.212281782213436e-01 2.099733639883818e-01
3 19 -1.887977949389092e-01 1.069606186742140e-01
4 19 -1.169137189071469e-01 6.441774344135257e-02
5 19 -1.118035325768248e-01 2.937300131300860e-02
6 19 -8.599584743311858e-02 2.487510851575435e-02
7 19 -7.879332114842025e-02 9.868175958846282e-03
8 19 -6.632623824668944e-02 9.898321763091772e-03
9 19 -6.149804809069816e-02 2.063018334352055e-03
10 19 -5.437346568610413e-02 2.500411454718377e-03
11 19 -5.130160451333716e-02 -2.185271249954843e-03
12 19 -4.684536539982168e-02 -1.894092257250833e-03
13 19 -4.490797914762555e-02 -4.928165644341558e-03
14 19 -4.200894438499271e-02 -4.824131143103622e-03
15 19 -4.083249037845620e-02 -6.854896196180704e-03
16 19 -3.896040718403956e-02 -6.905819109515053e-03
17 19 -3.833223165114510e-02 -8.247355326318208e-03
18 19 -3.721290175113220e-02 -8.424197379634389e-03
19 19 -3.701817227386964e-02 -9.241157346650973e-03
20 19 -3.650706096974688e-02 -9.533962840298017e-03
21 19 -3.669746285356928e-02 -9.916844988803183e-03
22 19 -3.672606423813889e-02 -1.034096092266129e-02
23 19 -3.730859455345945e-02 -1.033964943903465e-02
24 19 -3.786283985984681e-02 -1.094367242165517e-02
25 19 -3.890377436365982e-02 -1.058296757531906e-02
26 19 -4.002062735628363e-02 -1.146436765627574e-02
27 19 -4.166727409753664e-02 -1.075118990176675e-02
28 19 -4.344678782458856e-02 -1.208927745983118e-02
29 19 -4.598085369168205e-02 -1.101764185979880e-02
30 19 -4.861845193074315e-02 -1.314771731234228e-02
31 19 -5.258179523575468e-02 -1.171315228233498e-02
32 19 -5.643227819049900e-02 -1.530984334452943e-02
33 19 -6.295086246373159e-02 -1.358412995939597e-02
34 19 -6.861659602397746e-02 -2.017534431931113e-02
35 19 -8.038166782240518e-02 -1.874461022537430e-02
36 19 -8.846094835961206e-02 -3.238443860269872e-02
37 19 -1.134890862790474e-01 -3.540298221255413e-02
38 19 -1.194955762889379e-01 -6.899080313738816e-02
39 19 -1.905417444758416e-01 -1.100093274649875e-01
