0 0 4.357022328238016e-17 -1.683694254352504e-16
1 0 3.114433459861362e-01 -1.791851797176296e-01
2 0 2.453097333158488e-01 -1.603635529732804e-16
3 0 1.514618547254460e-01 -3.516097570860052e-02
4 0 1.235085405738667e-01 -1.354910118920741e-16
5 0 9.661493806166581e-02 -1.161918756096606e-02
6 0 8.325849417733326e-02 -1.071400517546347e-16
7 0 7.158596424069721e-02 -5.482279968404283e-03
8 0 6.426731928413604e-02 -8.028241563198613e-17
9 0 5.792827185686759e-02 -3.102099968124535e-03
10 0 5.352132977421575e-02 -5.809420521010190e-17
11 0 4.968264180932504e-02 -1.913926370225097e-03
12 0 4.689129434384635e-02 -3.898383748470447e-17
13 0 4.445675305533030e-02 -1.217454501228730e-03
14 0 4.267390823978683e-02 -2.495395843568568e-17
15 0 4.113624391455846e-02 -7.564549982325624e-04
16 0 4.005347125865515e-02 -1.807499360782583e-17
17 0 3.915608923855975e-02 -4.155175458564737e-04
18 0 3.861407625694645e-02 -1.799073499385735e-17
19 0 3.822775926173502e-02 -1.326918112485591e-04
20 0 3.815441833927768e-02 -2.136898982768734e-17
21 0 3.822775926173501e-02 1.326918112485838e-04
22 0 3.861407625694643e-02 -2.625181971228099e-17
23 0 3.915608923855984e-02 4.155175458565009e-04
24 0 4.005347125865507e-02 -2.949491813576276e-17
25 0 4.113624391455861e-02 7.564549982325930e-04
26 0 4.267390823978667e-02 -2.806687098072063e-17
27 0 4.445675305533037e-02 1.217454501228762e-03
28 0 4.689129434384619e-02 -2.060876710803443e-17
29 0 4.968264180932518e-02 1.913926370225130e-03
30 0 5.352132977421557e-02 -4.615677467513984e-18
31 0 5.792827185686780e-02 3.102099968124563e-03
32 0 6.426731928413579e-02 1.717958398663717e-17
33 0 7.158596424069742e-02 5.482279968404297e-03
34 0 8.325849417733312e-02 4.123859158172720e-17
35 0 9.661493806166593e-02 1.161918756096606e-02
36 0 1.235085405738667e-01 7.642792558618416e-17
37 0 1.514618547254462e-01 3.516097570860059e-02
38 0 2.453097333158487e-01 1.285846002590074e-16
39 0 3.114433459861360e-01 1.791851797176296e-01
0 1 1.226512599858089e-01 -2.105643010727609e-01
1 1 1.067167695285742e-01 -1.107586759401974e-01
2 1 1.185109677825862e-01 -6.653177006139073e-02
3 1 9.107236532540817e-02 -5.004671386721498e-02
4 1 8.773054019242062e-02 -2.846587623877266e-02
5 1 7.233956795510751e-02 -2.550190606544373e-02
6 1 6.815701241057248e-02 -1.488557808044967e-02
7 1 5.946107908913659e-02 -1.459960608951817e-02
8 1 5.625503346605354e-02 -8.770239042467990e-03
9 1 5.098340228830431e-02 -9.025187253112693e-03
10 1 4.872964904260430e-02 -5.511611140261104e-03
11 1 4.536214003681282e-02 -5.794521979795364e-03
12 1 4.384661498194987e-02 -3.539893696349852e-03
13 1 4.164598646065526e-02 -3.709641664040318e-03
14 1 4.070272693617605e-02 -2.211396842494637e-03
15 1 3.928614690369572e-02 -2.221936271199168e-03
16 1 3.881369459141151e-02 -1.218331663220077e-03
17 1 3.797420687421357e-02 -1.044092377881992e-03
18 1 3.792458938044849e-02 -3.895830228228206e-04
19 1 3.755298167243808e-02 3.370637239031162e-17
20 1 3.792458938044848e-02 3.895830228227311e-04
21 1 3.797420687421361e-02 1.044092377882061e-03
22 1 3.881369459141143e-02 1.218331663219989e-03
23 1 3.928614690369579e-02 2.221936271199233e-03
24 1 4.070272693617591e-02 2.211396842494550e-03
25 1 4.164598646065540e-02 3.709641664040385e-03
26 1 4.384661498194971e-02 3.539893696349759e-03
27 1 4.536214003681300e-02 5.794521979795426e-03
28 1 4.872964904260415e-02 5.511611140261008e-03
29 1 5.098340228830450e-02 9.025187253112743e-03
30 1 5.625503346605337e-02 8.770239042467900e-03
31 1 5.946107908913684e-02 1.459960608951822e-02
32 1 6.815701241057241e-02 1.488557808044959e-02
33 1 7.233956795510769e-02 2.550190606544375e-02
34 1 8.773054019242046e-02 2.846587623877261e-02
35 1 9.107236532540833e-02 5.004671386721502e-02
36 1 1.185109677825861e-01 6.653177006139063e-02
37 1 1.067167695285742e-01 1.107586759401974e-01
38 1 1.226512599858088e-01 2.105643010727607e-01
39 1 4.933741407621183e-17 2.167469658098700e-01
0 2 6.172541691000587e-02 -1.031887169187148e-01
1 2 5.886947932450659e-02 -7.311517876608396e-02
2 2 7.014031571756728e-02 -5.697172613809937e-02
3 2 6.043158235714303e-02 -4.412435916199930e-02
4 2 6.280791049259191e-02 -3.240618315269898e-02
5 2 5.487147865659010e-02 -2.713928974455928e-02
6 2 5.462277685089455e-02 -1.967117004876880e-02
7 2 4.905778953724299e-02 -1.734687353747486e-02
8 2 4.823211343388609e-02 -1.255307498534326e-02
9 2 4.440849140043809e-02 -1.139409557354485e-02
10 2 4.363150825569135e-02 -8.206459117414243e-03
11 2 4.099556520685144e-02 -7.506826516622543e-03
12 2 4.045060307362340e-02 -5.309895077930863e-03
13 2 3.863906964670178e-02 -4.760655717149381e-03
14 2 3.837806947163381e-02 -3.200260617452181e-03
15 2 3.716528528747295e-02 -2.645255324019992e-03
16 2 3.720923424457775e-02 -1.508749496553191e-03
17 2 3.645697888136479e-02 -8.491533149866020e-04
18 2 3.683152347003018e-02 -5.884793947561274e-17
19 2 3.645697888136483e-02 8.491533149866925e-04
20 2 3.720923424457770e-02 1.508749496553073e-03
21 2 3.716528528747302e-02 2.645255324020085e-03
22 2 3.837806947163367e-02 3.200260617452063e-03
23 2 3.863906964670189e-02 4.760655717149474e-03
24 2 4.045060307362321e-02 5.309895077930747e-03
25 2 4.099556520685160e-02 7.506826516622621e-03
26 2 4.363150825569118e-02 8.206459117414145e-03
27 2 4.440849140043825e-02 1.139409557354493e-02
28 2 4.823211343388596e-02 1.255307498534317e-02
29 2 4.905778953724314e-02 1.734687353747493e-02
30 2 5.462277685089437e-02 1.967117004876870e-02
31 2 5.487147865659028e-02 2.713928974455930e-02
32 2 6.280791049259181e-02 3.240618315269886e-02
33 2 6.043158235714315e-02 4.412435916199941e-02
34 2 7.014031571756714e-02 5.697172613809926e-02
35 2 5.886947932450665e-02 7.311517876608400e-02
36 2 6.172541691000583e-02 1.031887169187149e-01
37 2 2.745357180995588e-02 1.102970417717799e-01
38 2 -3.521096913579835e-17 1.331010183836954e-01
39 2 -2.745357180995578e-02 1.102970417717799e-01
0 3 4.153186587884346e-02 -6.641344869672915e-02
1 3 4.095383310935537e-02 -5.255470972371348e-02
2 3 4.853519304895163e-02 -4.482436176028659e-02
3 3 4.448276977188557e-02 -3.638835680497789e-02
4 3 4.766162473514230e-02 -2.961838664981681e-02
5 3 4.345608322903288e-02 -2.487463680794962e-02
6 3 4.462296656711654e-02 -1.979355838184480e-02
7 3 4.116620255994417e-02 -1.704842575618594e-02
8 3 4.153074642095109e-02 -1.336541218131752e-02
9 3 3.888584877348084e-02 -1.164273839809739e-02
10 3 3.899932258115252e-02 -8.958867623285717e-03
11 3 3.703185492302818e-02 -7.739305767103813e-03
12 3 3.714537621514370e-02 -5.742492570571595e-03
13 3 3.570957909851145e-02 -4.740968759891097e-03
14 3 3.594678176887607e-02 -3.210698053929565e-03
15 3 3.492573032035217e-02 -2.254725503004002e-03
16 3 3.536074678505609e-02 -1.033623621899992e-03
17 3 3.466669025233250e-02 4.637581551365780e-17
18 3 3.536074678505603e-02 1.033623621899868e-03
19 3 3.492573032035220e-02 2.254725503004090e-03
20 3 3.594678176887604e-02 3.210698053929442e-03
21 3 3.570957909851154e-02 4.740968759891181e-03
22 3 3.714537621514359e-02 5.742492570571480e-03
23 3 3.703185492302837e-02 7.739305767103905e-03
24 3 3.899932258115240e-02 8.958867623285597e-03
25 3 3.888584877348092e-02 1.164273839809746e-02
26 3 4.153074642095098e-02 1.336541218131742e-02
27 3 4.116620255994438e-02 1.704842575618601e-02
28 3 4.462296656711651e-02 1.979355838184471e-02
29 3 4.345608322903298e-02 2.487463680794966e-02
30 3 4.766162473514227e-02 2.961838664981672e-02
31 3 4.448276977188565e-02 3.638835680497791e-02
32 3 4.853519304895159e-02 4.482436176028654e-02
33 3 4.095383310935542e-02 5.255470972371349e-02
34 3 4.153186587884342e-02 6.641344869672913e-02
35 3 2.658875381660766e-02 7.090957213159660e-02
36 3 1.751809209523699e-02 8.555003715961065e-02
37 3 8.664745164022872e-18 7.995481621116035e-02
38 3 -1.751809209523703e-02 8.555003715961075e-02
39 3 -2.658875381660764e-02 7.090957213159650e-02
0 4 3.190281562348996e-02 -4.801102977080850e-02
1 4 3.190542554574213e-02 -3.991293989088677e-02
2 4 3.716662584607162e-02 -3.552539615356320e-02
3 4 3.527821573345576e-02 -2.972420550075196e-02
4 4 3.821427560524053e-02 -2.548965040173800e-02
5 4 3.588004311509083e-02 -2.160066950374162e-02
6 4 3.747626235658240e-02 -1.806365602409765e-02
7 4 3.530895930437607e-02 -1.543154071631738e-02
8 4 3.622230533127692e-02 -1.261685695593671e-02
9 4 3.440401924623864e-02 -1.073623605881322e-02
10 4 3.501539619022213e-02 -8.512089836539205e-03
11 4 3.355704756637603e-02 -7.048409152037471e-03
12 4 3.408208420535960e-02 -5.263144214276863e-03
13 4 3.293848684715273e-02 -3.997461096015715e-03
14 4 3.350517969148951e-02 -2.515917802809087e-03
15 4 3.261736155527634e-02 -1.295514523097317e-03
16 4 3.331101475029812e-02 -5.183706265386516e-17
17 4 3.261736155527632e-02 1.295514523097386e-03
18 4 3.350517969148951e-02 2.515917802808983e-03
19 4 3.293848684715279e-02 3.997461096015777e-03
20 4 3.408208420535958e-02 5.263144214276754e-03
21 4 3.355704756637611e-02 7.048409152037529e-03
22 4 3.501539619022206e-02 8.512089836539127e-03
23 4 3.440401924623866e-02 1.073623605881328e-02
24 4 3.622230533127684e-02 1.261685695593661e-02
25 4 3.530895930437609e-02 1.543154071631742e-02
26 4 3.747626235658236e-02 1.806365602409761e-02
27 4 3.588004311509085e-02 2.160066950374165e-02
28 4 3.821427560524047e-02 2.548965040173795e-02
29 4 3.527821573345583e-02 2.972420550075197e-02
30 4 3.716662584607166e-02 3.552539615356310e-02
31 4 3.190542554574209e-02 3.991293989088681e-02
32 4 3.190281562349001e-02 4.801102977080855e-02
33 4 2.344498784023919e-02 5.087785158673926e-02
34 4 1.936936187780716e-02 5.993482043285794e-02
35 4 8.810650815584891e-03 5.865783473010924e-02
36 4 1.290185210660109e-17 6.511218136606607e-02
37 4 -8.810650815584934e-03 5.865783473010923e-02
38 4 -1.936936187780712e-02 5.993482043285796e-02
39 4 -2.344498784023921e-02 5.087785158673924e-02
0 5 2.630969802017372e-02 -3.669761248320853e-02
1 5 2.650229711761157e-02 -3.129692367245310e-02
2 5 3.037614804343267e-02 -2.851133585551793e-02
3 5 2.944267562138664e-02 -2.427170632450839e-02
4 5 3.198202608311496e-02 -2.142556934558710e-02
5 5 3.062812224236259e-02 -1.825350191674433e-02
6 5 3.228525413179602e-02 -1.569088887816902e-02
7 5 3.088951988913392e-02 -1.330767266433292e-02
8 5 3.202685030694310e-02 -1.111022719221899e-02
9 5 3.075088502101173e-02 -9.247749654997688e-03
10 5 3.161643850144063e-02 -7.380950462939402e-03
11 5 3.050746026230806e-02 -5.828733575390765e-03
12 5 3.126333286499643e-02 -4.216716558851879e-03
13 5 3.031374228009583e-02 -2.816415062645177e-03
14 5 3.106711777435251e-02 -1.371324367872376e-03
15 5 3.024215807646179e-02 1.352377792291944e-17
16 5 3.106711777435252e-02 1.371324367872313e-03
17 5 3.031374228009582e-02 2.816415062645202e-03
18 5 3.126333286499643e-02 4.216716558851810e-03
19 5 3.050746026230805e-02 5.828733575390788e-03
20 5 3.161643850144061e-02 7.380950462939337e-03
21 5 3.075088502101174e-02 9.247749654997714e-03
22 5 3.202685030694314e-02 1.111022719221894e-02
23 5 3.088951988913391e-02 1.330767266433295e-02
24 5 3.228525413179607e-02 1.569088887816896e-02
25 5 3.062812224236257e-02 1.825350191674432e-02
26 5 3.198202608311494e-02 2.142556934558708e-02
27 5 2.944267562138660e-02 2.427170632450840e-02
28 5 3.037614804343276e-02 2.851133585551789e-02
29 5 2.650229711761150e-02 3.129692367245311e-02
30 5 2.630969802017381e-02 3.669761248320855e-02
31 5 2.077044970189564e-02 3.863559205668185e-02
32 5 1.850414906908143e-02 4.467053909820505e-02
33 5 1.164081405223791e-02 4.459646098745008e-02
34 5 6.759248600184191e-03 4.985168650573790e-02
35 5 -5.209304736311239e-17 4.695047273361653e-02
36 5 -6.759248600184104e-03 4.985168650573794e-02
37 5 -1.164081405223799e-02 4.459646098745010e-02
38 5 -1.850414906908134e-02 4.467053909820509e-02
39 5 -2.077044970189575e-02 3.863559205668185e-02
0 6 2.266590850055058e-02 -2.888154725043427e-02
1 6 2.292069366829765e-02 -2.496761439359388e-02
2 6 2.591835420546439e-02 -2.304823949857895e-02
3 6 2.544668185151998e-02 -1.978732295976030e-02
4 6 2.762186215618347e-02 -1.774964541542356e-02
5 6 2.680085367267004e-02 -1.512209933179259e-02
6 6 2.838221855667235e-02 -1.317937833574899e-02
7 6 2.744427984813264e-02 -1.105490830732693e-02
8 6 2.863948913022274e-02 -9.281198683985831e-03
9 6 2.770298331384363e-02 -7.510538172082172e-03
10 6 2.867147831087839e-02 -5.902326291753339e-03
11 6 2.778161654536132e-02 -4.351828314548971e-03
12 6 2.863769870645954e-02 -2.866636213434721e-03
13 6 2.779537039403260e-02 -1.424952866805371e-03
14 6 2.861836285854844e-02 -4.963441921162249e-18
15 6 2.779537039403260e-02 1.424952866805346e-03
16 6 2.863769870645954e-02 2.866636213434711e-03
17 6 2.778161654536128e-02 4.351828314548946e-03
18 6 2.867147831087844e-02 5.902326291753334e-03
19 6 2.770298331384358e-02 7.510538172082141e-03
20 6 2.863948913022283e-02 9.281198683985831e-03
21 6 2.744427984813258e-02 1.105490830732691e-02
22 6 2.838221855667242e-02 1.317937833574899e-02
23 6 2.680085367266996e-02 1.512209933179255e-02
24 6 2.762186215618357e-02 1.774964541542354e-02
25 6 2.544668185151990e-02 1.978732295976027e-02
26 6 2.591835420546447e-02 2.304823949857893e-02
27 6 2.292069366829755e-02 2.496761439359389e-02
28 6 2.266590850055070e-02 2.888154725043427e-02
29 6 1.869632243490163e-02 3.026948386828991e-02
30 6 1.724254103841276e-02 3.458582677071710e-02
31 6 1.243285122061922e-02 3.485989233426896e-02
32 6 9.441229254393712e-03 3.894225862590790e-02
33 6 4.385944735068838e-03 3.759712248329591e-02
34 6 6.949106989671368e-17 4.059863300566841e-02
35 6 -4.385944735068975e-03 3.759712248329596e-02
36 6 -9.441229254393571e-03 3.894225862590794e-02
37 6 -1.243285122061936e-02 3.485989233426900e-02
38 6 -1.724254103841263e-02 3.458582677071704e-02
39 6 -1.869632243490174e-02 3.026948386828995e-02
0 7 2.009704932596159e-02 -2.306817821779079e-02
1 7 2.036017061035340e-02 -2.006511000977130e-02
2 7 2.276713112355395e-02 -1.865316090669709e-02
3 7 2.252757529404929e-02 -1.604390578212292e-02
4 7 2.439618883650345e-02 -1.450063552773004e-02
5 7 2.386894291083214e-02 -1.228528436044430e-02
6 7 2.532366677837949e-02 -1.074367431694940e-02
7 7 2.465249428128611e-02 -8.856105660304762e-03
8 7 2.581628232698646e-02 -7.370635504300359e-03
9 7 2.508116392493060e-02 -5.723903519927045e-03
10 7 2.605562833515207e-02 -4.297820327004089e-03
11 7 2.528897909696436e-02 -2.806426690446703e-03
12 7 2.615027209485369e-02 -1.411629735125696e-03
13 7 2.535035597131677e-02 -3.578604335950639e-17
14 7 2.615027209485372e-02 1.411629735125738e-03
15 7 2.528897909696432e-02 2.806426690446628e-03
16 7 2.605562833515212e-02 4.297820327004132e-03
17 7 2.508116392493055e-02 5.723903519926969e-03
18 7 2.581628232698652e-02 7.370635504300389e-03
19 7 2.465249428128601e-02 8.856105660304691e-03
20 7 2.532366677837958e-02 1.074367431694945e-02
21 7 2.386894291083206e-02 1.228528436044424e-02
22 7 2.439618883650357e-02 1.450063552773009e-02
23 7 2.252757529404916e-02 1.604390578212284e-02
24 7 2.276713112355411e-02 1.865316090669711e-02
25 7 2.036017061035326e-02 2.006511000977125e-02
26 7 2.009704932596172e-02 2.306817821779081e-02
27 7 1.707601437402585e-02 2.411513952676476e-02
28 7 1.605166036986979e-02 2.737809067678111e-02
29 7 1.247562852696060e-02 2.774174122595924e-02
30 7 1.048260101638306e-02 3.094491248974724e-02
31 7 6.627947872612656e-03 3.031895338390790e-02
32 7 3.658835802274362e-03 3.300195388535709e-02
33 7 -7.714931351085875e-17 3.125983297721768e-02
34 7 -3.658835802274206e-03 3.300195388535709e-02
35 7 -6.627947872612810e-03 3.031895338390792e-02
36 7 -1.048260101638290e-02 3.094491248974724e-02
37 7 -1.247562852696076e-02 2.774174122595926e-02
38 7 -1.605166036986962e-02 2.737809067678107e-02
39 7 -1.707601437402602e-02 2.411513952676479e-02
0 8 1.817069870658960e-02 -1.852445964488455e-02
1 8 1.841568305110097e-02 -1.612505975767513e-02
2 8 2.039863351062171e-02 -1.502780713576994e-02
3 8 2.027311966782963e-02 -1.287855827330890e-02
4 8 2.188362089362397e-02 -1.165014705579179e-02
5 8 2.151533470103098e-02 -9.756128807826146e-03
6 8 2.282420092625836e-02 -8.480050794143938e-03
7 8 2.230226098892185e-02 -6.805870794235796e-03
8 8 2.338323048100036e-02 -5.518742611980174e-03
9 8 2.275864932319827e-02 -4.012651487967494e-03
10 8 2.367480809074078e-02 -2.716951605451888e-03
11 8 2.296671842296500e-02 -1.325223953457467e-03
12 8 2.376486248339825e-02 4.249708968489933e-17
13 8 2.296671842296494e-02 1.325223953457361e-03
14 8 2.367480809074083e-02 2.716951605451969e-03
15 8 2.275864932319822e-02 4.012651487967391e-03
16 8 2.338323048100042e-02 5.518742611980249e-03
17 8 2.230226098892175e-02 6.805870794235701e-03
18 8 2.282420092625847e-02 8.480050794144009e-03
19 8 2.151533470103087e-02 9.756128807826069e-03
20 8 2.188362089362410e-02 1.165014705579186e-02
21 8 2.027311966782951e-02 1.287855827330880e-02
22 8 2.039863351062182e-02 1.502780713577002e-02
23 8 1.841568305110084e-02 1.612505975767507e-02
24 8 1.817069870658974e-02 1.852445964488459e-02
25 8 1.577437542312720e-02 1.935161763871715e-02
26 8 1.500854304974711e-02 2.192357132936722e-02
27 8 1.222889558053148e-02 2.229527002426646e-02
28 8 1.081331928817706e-02 2.486450800262115e-02
29 8 7.791739679064255e-03 2.459170821825178e-02
30 8 5.688020345130879e-03 2.689683697707685e-02
31 8 2.681523073931309e-03 2.586342306443632e-02
32 8 7.219239020637041e-17 2.762712832835997e-02
33 8 -2.681523073931442e-03 2.586342306443629e-02
34 8 -5.688020345130732e-03 2.689683697707684e-02
35 8 -7.791739679064390e-03 2.459170821825182e-02
36 8 -1.081331928817691e-02 2.486450800262115e-02
37 8 -1.222889558053161e-02 2.229527002426650e-02
38 8 -1.500854304974697e-02 2.192357132936716e-02
39 8 -1.577437542312734e-02 1.935161763871722e-02
0 9 1.665041594961961e-02 -1.485156035459086e-02
1 9 1.686351481405641e-02 -1.287945798857097e-02
2 9 1.852374555385696e-02 -1.198687932495123e-02
3 9 1.844766723592470e-02 -1.018151294323513e-02
4 9 1.983528975612462e-02 -9.161835235234592e-03
5 9 1.954752312137627e-02 -7.529440815449276e-03
6 9 2.070311532141329e-02 -6.435270040630383e-03
7 9 2.025840058169212e-02 -4.956994473968500e-03
8 9 2.122534788544905e-02 -3.811727400381017e-03
9 9 2.065437292372417e-02 -2.457489495799187e-03
10 9 2.146950726460127e-02 -1.261789558249001e-03
11 9 2.078123479961912e-02 -5.871549333429931e-17
12 9 2.146950726460133e-02 1.261789558249109e-03
13 9 2.065437292372415e-02 2.457489495799070e-03
14 9 2.122534788544909e-02 3.811727400381121e-03
15 9 2.025840058169204e-02 4.956994473968388e-03
16 9 2.070311532141339e-02 6.435270040630481e-03
17 9 1.954752312137618e-02 7.529440815449166e-03
18 9 1.983528975612475e-02 9.161835235234683e-03
19 9 1.844766723592458e-02 1.018151294323503e-02
20 9 1.852374555385707e-02 1.198687932495131e-02
21 9 1.686351481405630e-02 1.287945798857089e-02
22 9 1.665041594961974e-02 1.485156035459091e-02
23 9 1.469534249719890e-02 1.553170885358091e-02
24 9 1.410241928003268e-02 1.762247992511266e-02
25 9 1.187014642555412e-02 1.797741766026399e-02
26 9 1.081611132787251e-02 2.008371150903505e-02
27 9 8.385469054484810e-03 1.999399587566293e-02
28 9 6.832979620057545e-03 2.195992503373367e-02
29 9 4.350973965842038e-03 2.133686573528976e-02
30 9 2.340386343871027e-03 2.298259412263856e-02
31 9 -3.680807613291739e-17 2.180975500750948e-02
32 9 -2.340386343870934e-03 2.298259412263856e-02
33 9 -4.350973965842115e-03 2.133686573528980e-02
34 9 -6.832979620057436e-03 2.195992503373366e-02
35 9 -8.385469054484901e-03 1.999399587566299e-02
36 9 -1.081611132787238e-02 2.008371150903499e-02
37 9 -1.187014642555421e-02 1.797741766026404e-02
38 9 -1.410241928003257e-02 1.762247992511260e-02
39 9 -1.469534249719901e-02 1.553170885358096e-02
0 10 1.539932275609703e-02 -1.181676349041333e-02
1 10 1.557401166080387e-02 -1.016574400387090e-02
2 10 1.697519045706747e-02 -9.413162677908414e-03
3 10 1.691249945045154e-02 -7.879747770373684e-03
4 10 1.810186538451972e-02 -7.005501517984995e-03
5 10 1.784897577022833e-02 -5.596390103057085e-03
6 10 1.884875749511656e-02 -4.633762684077103e-03
7 10 1.843862136269946e-02 -3.340124147312803e-03
8 10 1.927266865981882e-02 -2.303847901909841e-03
9 10 1.872261305216304e-02 -1.109942912090104e-03
10 10 1.940984920359117e-02 5.197420986583548e-17
11 10 1.872261305216304e-02 1.109942912090001e-03
12 10 1.927266865981885e-02 2.303847901909941e-03
13 10 1.843862136269944e-02 3.340124147312699e-03
14 10 1.884875749511663e-02 4.633762684077202e-03
15 10 1.784897577022827e-02 5.596390103056986e-03
16 10 1.810186538451980e-02 7.005501517985092e-03
17 10 1.691249945045146e-02 7.879747770373596e-03
18 10 1.697519045706756e-02 9.413162677908498e-03
19 10 1.557401166080379e-02 1.016574400387083e-02
20 10 1.539932275609711e-02 1.181676349041341e-02
21 10 1.377526477149184e-02 1.239416409975283e-02
22 10 1.330767589052754e-02 1.413097260642462e-02
23 10 1.147307049787011e-02 1.446253597650454e-02
24 10 1.066107075584545e-02 1.622060410637559e-02
25 10 8.663725500121535e-03 1.622937759285304e-02
26 10 7.478335973392032e-03 1.791118065701720e-02
27 10 5.407333175802981e-03 1.753333602307379e-02
28 10 3.861704441899803e-03 1.902071893402362e-02
29 10 1.839778811764949e-03 1.822897622280307e-02
30 10 1.143633384483416e-17 1.940836133999786e-02
31 10 -1.839778811764948e-03 1.822897622280309e-02
32 10 -3.861704441899779e-03 1.902071893402366e-02
33 10 -5.407333175802996e-03 1.753333602307381e-02
34 10 -7.478335973391994e-03 1.791118065701718e-02
35 10 -8.663725500121549e-03 1.622937759285306e-02
36 10 -1.066107075584540e-02 1.622060410637556e-02
37 10 -1.147307049787016e-02 1.446253597650460e-02
38 10 -1.330767589052746e-02 1.413097260642454e-02
39 10 -1.377526477149191e-02 1.239416409975290e-02
0 11 1.433644931011525e-02 -9.277215285693212e-03
1 11 1.447099166163963e-02 -7.881306502828502e-03
2 11 1.565446998169006e-02 -7.230781213154273e-03
3 11 1.558582725273722e-02 -5.924092253781154e-03
4 11 1.659436929570454e-02 -5.158197256887631e-03
5 11 1.635098285241588e-02 -3.947941157438747e-03
6 11 1.719517842379303e-02 -3.088031986662434e-03
7 11 1.679638299596767e-02 -1.971986741515979e-03
8 11 1.748737168635019e-02 -1.027775782089594e-03
9 11 1.694245317879499e-02 -3.327531607106176e-17
10 11 1.748737168635021e-02 1.027775782089671e-03
11 11 1.679638299596765e-02 1.971986741515913e-03
12 11 1.719517842379308e-02 3.088031986662508e-03
13 11 1.635098285241582e-02 3.947941157438687e-03
14 11 1.659436929570460e-02 5.158197256887706e-03
15 11 1.558582725273717e-02 5.924092253781095e-03
16 11 1.565446998169012e-02 7.230781213154343e-03
17 11 1.447099166163960e-02 7.881306502828455e-03
18 11 1.433644931011529e-02 9.277215285693256e-03
19 11 1.297413203126432e-02 9.778274718447291e-03
20 11 1.260245937540650e-02 1.124079069289394e-02
21 11 1.107151712775828e-02 1.154726305752973e-02
22 11 1.043036722616466e-02 1.303363706915433e-02
23 11 8.762426665090573e-03 1.309528459506217e-02
24 11 7.831514837082734e-03 1.454164287152309e-02
25 11 6.083907181922019e-03 1.431369542657557e-02
26 11 4.866634857603444e-03 1.564048148743506e-02
27 11 3.120144540705971e-03 1.509710528527608e-02
28 11 1.651889856480673e-03 1.622177096332878e-02
29 11 4.170087299086680e-17 1.536781906286575e-02
30 11 -1.651889856480734e-03 1.622177096332876e-02
31 11 -3.120144540705894e-03 1.509710528527609e-02
32 11 -4.866634857603496e-03 1.564048148743508e-02
33 11 -6.083907181921955e-03 1.431369542657558e-02
34 11 -7.831514837082765e-03 1.454164287152305e-02
35 11 -8.762426665090538e-03 1.309528459506220e-02
36 11 -1.043036722616467e-02 1.303363706915430e-02
37 11 -1.107151712775827e-02 1.154726305752976e-02
38 11 -1.260245937540649e-02 1.124079069289390e-02
39 11 -1.297413203126434e-02 9.778274718447336e-03
0 12 1.341458885044841e-02 -7.141562109955574e-03
1 12 1.351068809028604e-02 -5.958932829649285e-03
2 12 1.450435659228155e-02 -5.389048430482312e-03
3 12 1.442082569139440e-02 -4.280235159320180e-03
4 12 1.526158789682829e-02 -3.602057708939952e-03
5 12 1.501526404147479e-02 -2.574818539613138e-03
6 12 1.570631550894041e-02 -1.802550586046787e-03
7 12 1.530836348825723e-02 -8.590936926167368e-04
8 12 1.585284663560435e-02 1.490100516662562e-17
9 12 1.530836348825722e-02 8.590936926167209e-04
10 12 1.570631550894038e-02 1.802550586046811e-03
11 12 1.501526404147476e-02 2.574818539613123e-03
12 12 1.526158789682831e-02 3.602057708939981e-03
13 12 1.442082569139439e-02 4.280235159320164e-03
14 12 1.450435659228157e-02 5.389048430482336e-03
15 12 1.351068809028603e-02 5.958932829649280e-03
16 12 1.341458885044843e-02 7.141562109955592e-03
17 12 1.226879148428707e-02 7.581047440845635e-03
18 12 1.197266443998766e-02 8.820231529826843e-03
19 12 1.068421548160796e-02 9.100123205863304e-03
20 12 1.016827662953469e-02 1.036592417585693e-02
21 12 8.759993319196219e-03 1.045319574956192e-02
22 12 8.011205868574308e-03 1.170188796187749e-02
23 12 6.522346363678359e-03 1.156563976736031e-02
24 12 5.541474340920099e-03 1.274206594729254e-02
25 12 4.027466846151241e-03 1.236142929582357e-02
26 12 2.834889695870935e-03 1.340550955142945e-02
27 12 1.362381228618770e-03 1.277737568050830e-02
28 12 -6.886423304903743e-17 1.363378350375058e-02
29 12 -1.362381228618617e-03 1.277737568050831e-02
30 12 -2.834889695871064e-03 1.340550955142943e-02
31 12 -4.027466846151098e-03 1.236142929582358e-02
32 12 -5.541474340920209e-03 1.274206594729254e-02
33 12 -6.522346363678239e-03 1.156563976736031e-02
34 12 -8.011205868574397e-03 1.170188796187749e-02
35 12 -8.759993319196130e-03 1.045319574956194e-02
36 12 -1.016827662953473e-02 1.036592417585692e-02
37 12 -1.068421548160792e-02 9.100123205863307e-03
38 12 -1.197266443998769e-02 8.820231529826824e-03
39 12 -1.226879148428705e-02 7.581047440845640e-03
0 13 1.260787166829697e-02 -5.349127781174872e-03
1 13 1.266969508203060e-02 -4.352822255838154e-03
2 13 1.349325186070687e-02 -3.852564512768603e-03
3 13 1.339249682941191e-02 -2.922803919594447e-03
4 13 1.407605569954510e-02 -2.321953480771144e-03
5 13 1.382253239140903e-02 -1.466850567188811e-03
6 13 1.436485271153170e-02 -7.754845578003175e-04
7 13 1.396518483366052e-02 2.104700419941384e-17
8 13 1.436485271153170e-02 7.754845578002932e-04
9 13 1.382253239140903e-02 1.466850567188852e-03
10 13 1.407605569954510e-02 2.321953480771117e-03
11 13 1.339249682941191e-02 2.922803919594489e-03
12 13 1.349325186070686e-02 3.852564512768579e-03
13 13 1.266969508203062e-02 4.352822255838188e-03
14 13 1.260787166829694e-02 5.349127781174849e-03
15 13 1.164799736960837e-02 5.734093365271847e-03
16 13 1.141172111030518e-02 6.782968419397821e-03
17 13 1.032472427131346e-02 7.033554023003192e-03
18 13 9.902491364113039e-03 8.112928495165653e-03
19 13 8.706134655823605e-03 8.207404245774453e-03
20 13 8.090471502942726e-03 9.286069306208100e-03
21 13 6.813319621200794e-03 9.203459625747838e-03
22 13 6.005130674799805e-03 1.024198840121443e-02
23 13 4.686964548521249e-03 9.966773911374717e-03
24 13 3.699470111616017e-03 1.092088541026480e-02
25 13 2.389057213493192e-03 1.044798570382936e-02
26 13 1.249869008633472e-03 1.127406999648147e-02
27 13 9.810101394197198e-17 1.061253905472330e-02
28 13 -1.249869008633660e-03 1.127406999648147e-02
29 13 -2.389057213493002e-03 1.044798570382935e-02
30 13 -3.699470111616193e-03 1.092088541026481e-02
31 13 -4.686964548521089e-03 9.966773911374698e-03
32 13 -6.005130674799949e-03 1.024198840121444e-02
33 13 -6.813319621200646e-03 9.203459625747821e-03
34 13 -8.090471502942849e-03 9.286069306208107e-03
35 13 -8.706134655823502e-03 8.207404245774437e-03
36 13 -9.902491364113121e-03 8.112928495165683e-03
37 13 -1.032472427131337e-02 7.033554023003165e-03
38 13 -1.141172111030523e-02 6.782968419397842e-03
39 13 -1.164799736960832e-02 5.734093365271815e-03
0 14 1.190411980655116e-02 -3.858023993952977e-03
1 14 1.193743723583373e-02 -3.030383134338293e-03
2 14 1.260551950073508e-02 -2.595175681296679e-03
3 14 1.248922653434445e-02 -1.831713861293261e-03
4 14 1.302480671854191e-02 -1.303887837802208e-03
5 14 1.276465862131320e-02 -6.126733900472613e-04
6 14 1.316423899503783e-02 -3.743336707126444e-17
7 14 1.276465862131321e-02 6.126733900473513e-04
8 14 1.302480671854191e-02 1.303887837802136e-03
9 14 1.248922653434447e-02 1.831713861293347e-03
10 14 1.260551950073506e-02 2.595175681296606e-03
11 14 1.193743723583376e-02 3.030383134338375e-03
12 14 1.190411980655112e-02 3.858023993952912e-03
13 14 1.110872527565045e-02 4.190485126852822e-03
14 14 1.091919178947705e-02 5.070599220476205e-03
15 14 1.000536001407102e-02 5.287718515418533e-03
16 14 9.653518549503776e-03 6.203361379766240e-03
17 14 8.635846622481536e-03 6.290937364832186e-03
18 14 8.118295952406450e-03 7.219016159918544e-03
19 14 7.018708619139800e-03 7.163155505629511e-03
20 14 6.337428528210651e-03 8.074670643188089e-03
21 14 5.185770220830375e-03 7.864588574767245e-03
22 14 4.350733696539958e-03 8.726351138430431e-03
23 14 3.183827025794534e-03 8.357540500706508e-03
24 14 2.214723252963951e-03 9.135327426727111e-03
25 14 1.073703631895594e-03 8.612255779841033e-03
26 14 -1.040340328233524e-16 9.274844090236725e-03
27 14 -1.073703631895394e-03 8.612255779841026e-03
28 14 -2.214723252964154e-03 9.135327426727112e-03
29 14 -3.183827025794343e-03 8.357540500706487e-03
30 14 -4.350733696540144e-03 8.726351138430432e-03
31 14 -5.185770220830205e-03 7.864588574767205e-03
32 14 -6.337428528210809e-03 8.074670643188116e-03
33 14 -7.018708619139656e-03 7.163155505629465e-03
34 14 -8.118295952406575e-03 7.219016159918582e-03
35 14 -8.635846622481414e-03 6.290937364832135e-03
36 14 -9.653518549503873e-03 6.203361379766292e-03
37 14 -1.000536001407092e-02 5.287718515418474e-03
38 14 -1.091919178947712e-02 5.070599220476267e-03
39 14 -1.110872527565038e-02 4.190485126852744e-03
0 15 1.129976706971400e-02 -2.638194849522282e-03
1 15 1.131113655226605e-02 -1.967422854753595e-03
2 15 1.183511584937448e-02 -1.596429412990563e-03
3 15 1.170709757584563e-02 -9.901493018544061e-04
4 15 1.210305755502728e-02 -5.342838939743411e-04
5 15 1.183925177128716e-02 6.081208812964303e-17
6 15 1.210305755502726e-02 5.342838939742316e-04
7 15 1.170709757584564e-02 9.901493018545230e-04
8 15 1.183511584937446e-02 1.596429412990454e-03
9 15 1.131113655226608e-02 1.967422854753710e-03
10 15 1.129976706971395e-02 2.638194849522182e-03
11 15 1.065334314132141e-02 2.917050787718016e-03
12 15 1.049911695039688e-02 3.642481918489539e-03
13 15 9.738518811051745e-03 3.820842702539320e-03
14 15 9.438802651799597e-03 4.587631830065502e-03
15 15 8.576347734303611e-03 4.656398510010516e-03
16 15 8.130608428909046e-03 5.447024153572614e-03
17 15 7.183804440228681e-03 5.397393389165579e-03
18 15 6.595257340758244e-03 6.190042981624043e-03
19 15 5.587376154264908e-03 6.015149833512793e-03
20 15 4.864682001805960e-03 6.784555871743750e-03
21 15 3.824425356061961e-03 6.481452071653012e-03
22 15 2.982967609862057e-03 7.200679077453156e-03
23 15 1.943041183986045e-03 6.772186962791840e-03
24 15 1.005299091141073e-03 7.415134847511704e-03
25 15 8.430607969933967e-17 6.871026677176726e-03
26 15 -1.005299091141257e-03 7.415134847511711e-03
27 15 -1.943041183985881e-03 6.772186962791813e-03
28 15 -2.982967609862230e-03 7.200679077453175e-03
29 15 -3.824425356061809e-03 6.481452071652981e-03
30 15 -4.864682001806122e-03 6.784555871743782e-03
31 15 -5.587376154264775e-03 6.015149833512741e-03
32 15 -6.595257340758384e-03 6.190042981624092e-03
33 15 -7.183804440228561e-03 5.397393389165518e-03
34 15 -8.130608428909163e-03 5.447024153572683e-03
35 15 -8.576347734303503e-03 4.656398510010438e-03
36 15 -9.438802651799680e-03 4.587631830065575e-03
37 15 -9.738518811051682e-03 3.820842702539231e-03
38 15 -1.049911695039693e-02 3.642481918489628e-03
39 15 -1.065334314132137e-02 2.917050787717906e-03
0 16 1.079630317923431e-02 -1.667364208327727e-03
1 16 1.079231285916534e-02 -1.145420083442870e-03
2 16 1.118124107299973e-02 -8.396700070280451e-04
3 16 1.104599911668640e-02 -3.836656215957275e-04
4 16 1.130988513915986e-02 -6.035582545293018e-17
5 16 1.104599911668640e-02 3.836656215958527e-04
6 16 1.118124107299969e-02 8.396700070279248e-04
7 16 1.079231285916535e-02 1.145420083442989e-03
8 16 1.079630317923428e-02 1.667364208327614e-03
9 16 1.028740196710610e-02 1.889819959887553e-03
10 16 1.015842713201926e-02 2.469693882085534e-03
11 16 9.536839006049604e-03 2.603350947936891e-03
12 16 9.274393252835958e-03 3.230747734843026e-03
13 16 8.550497694914207e-03 3.270052327301359e-03
14 16 8.155986939663285e-03 3.931576573248376e-03
15 16 7.344058823058626e-03 3.871446760800991e-03
16 16 6.821789139306666e-03 4.550515996811224e-03
17 16 5.940488688102472e-03 4.387272360207597e-03
18 16 5.298739993891946e-03 5.064475064526767e-03
19 16 4.371059601214570e-03 4.797037099666255e-03
20 16 3.622964841580426e-03 5.451116325261672e-03
21 16 2.675477950303427e-03 5.082209458484236e-03
22 16 1.839402775160387e-03 5.691588855062118e-03
23 16 9.008131398567409e-04 5.228637288914761e-03
24 16 -6.300395764621734e-17 5.773234788112266e-03
25 16 -9.008131398566409e-04 5.228637288914756e-03
26 16 -1.839402775160510e-03 5.691588855062135e-03
27 16 -2.675477950303331e-03 5.082209458484212e-03
28 16 -3.622964841580543e-03 5.451116325261700e-03
29 16 -4.371059601214478e-03 4.797037099666218e-03
30 16 -5.298739993892049e-03 5.064475064526814e-03
31 16 -5.940488688102393e-03 4.387272360207545e-03
32 16 -6.821789139306759e-03 4.550515996811285e-03
33 16 -7.344058823058555e-03 3.871446760800922e-03
34 16 -8.155986939663361e-03 3.931576573248443e-03
35 16 -8.550497694914149e-03 3.270052327301276e-03
36 16 -9.274393252836018e-03 3.230747734843117e-03
37 16 -9.536839006049559e-03 2.603350947936788e-03
38 16 -1.015842713201931e-02 2.469693882085639e-03
39 16 -1.028740196710606e-02 1.889819959887439e-03
0 17 1.039772792574831e-02 -9.287546466815498e-04
1 17 1.038432747962930e-02 -5.500899658792072e-04
2 17 1.064535678943479e-02 -3.111878802081702e-04
3 17 1.050700589746995e-02 5.225930750272949e-17
4 17 1.064535678943478e-02 3.111878802080651e-04
5 17 1.038432747962932e-02 5.500899658793094e-04
6 17 1.039772792574830e-02 9.287546466814475e-04
7 17 1.001791446345711e-02 1.091372796704255e-03
8 17 9.905540025575515e-03 1.531442451675574e-03
9 17 9.412865780421657e-03 1.614302288783370e-03
10 17 9.175442314394782e-03 2.107932129657861e-03
11 17 8.578406641501004e-03 2.108037621392123e-03
12 17 8.218583528742048e-03 2.645170075505103e-03
13 17 7.528815153512794e-03 2.560237421122497e-03
14 17 7.051744636369125e-03 3.128369648690187e-03
15 17 6.284399227264598e-03 2.957326557005788e-03
16 17 5.698397496222842e-03 3.541607559211401e-03
17 17 4.872233882559107e-03 3.285280521104375e-03
18 17 4.189349143668234e-03 3.869011652509908e-03
19 17 3.326355576000839e-03 3.530858353039663e-03
20 17 2.562647525106007e-03 4.096387430284407e-03
21 17 1.687172844708925e-03 3.683084974850015e-03
22 17 8.625375832691540e-04 4.212980661763364e-03
23 17 5.789837473674008e-18 3.734678371257594e-03
24 17 -8.625375832691964e-04 4.212980661763364e-03
25 17 -1.687172844708913e-03 3.683084974850004e-03
26 17 -2.562647525106049e-03 4.096387430284424e-03
27 17 -3.326355576000825e-03 3.530858353039640e-03
28 17 -4.189349143668277e-03 3.869011652509937e-03
29 17 -4.872233882559084e-03 3.285280521104341e-03
30 17 -5.698397496222886e-03 3.541607559211446e-03
31 17 -6.284399227264576e-03 2.957326557005744e-03
32 17 -7.051744636369163e-03 3.128369648690245e-03
33 17 -7.528815153512769e-03 2.560237421122437e-03
34 17 -8.218583528742099e-03 2.645170075505173e-03
35 17 -8.578406641500981e-03 2.108037621392048e-03
36 17 -9.175442314394815e-03 2.107932129657944e-03
37 17 -9.412865780421631e-03 1.614302288783283e-03
38 17 -9.905540025575539e-03 1.531442451675667e-03
39 17 -1.001791446345709e-02 1.091372796704159e-03
0 18 1.010873843422384e-02 -4.098905077469606e-04
1 18 1.009069109607365e-02 -1.707296762752110e-04
2 18 1.022919137500310e-02 -3.335064056716621e-17
3 18 1.009069109607365e-02 1.707296762752706e-04
4 18 1.010873843422381e-02 4.098905077468956e-04
5 18 9.852041444895838e-03 5.093516172521354e-04
6 18 9.749188053017974e-03 8.129728251045366e-04
7 18 9.378537249546926e-03 8.392528649776756e-04
8 18 9.156151549082467e-03 1.201937018206876e-03
9 18 8.678095354914589e-03 1.153979541809270e-03
10 18 8.339558398142521e-03 1.568601615638173e-03
11 18 7.763326859201575e-03 1.446303201404206e-03
12 18 7.314375631034656e-03 1.903792750953087e-03
13 18 6.652201675108362e-03 1.708258058829792e-03
14 18 6.101335083215160e-03 2.197554936416797e-03
15 18 5.368597141217148e-03 1.931464219969599e-03
16 18 4.727426980864231e-03 2.439718056320926e-03
17 18 3.942503061552963e-03 2.107724536734649e-03
18 18 3.225918024348991e-03 2.620765479457941e-03
19 18 2.409686115682004e-03 2.229813527388212e-03
20 18 1.635712782628063e-03 2.732861607638578e-03
21 18 8.107042864317546e-04 2.292312849993379e-03
22 18 2.585236837585426e-17 2.770830627690002e-03
23 18 -8.107042864318366e-04 2.292312849993375e-03
24 18 -1.635712782628013e-03 2.732861607638581e-03
25 18 -2.409686115682075e-03 2.229813527388203e-03
26 18 -3.225918024348949e-03 2.620765479457953e-03
27 18 -3.942503061553025e-03 2.107724536734636e-03
28 18 -4.727426980864200e-03 2.439718056320944e-03
29 18 -5.368597141217190e-03 1.931464219969578e-03
30 18 -6.101335083215141e-03 2.197554936416825e-03
31 18 -6.652201675108388e-03 1.708258058829765e-03
32 18 -7.314375631034648e-03 1.903792750953126e-03
33 18 -7.763326859201588e-03 1.446303201404173e-03
34 18 -8.339558398142521e-03 1.568601615638219e-03
35 18 -8.678095354914593e-03 1.153979541809228e-03
36 18 -9.156151549082456e-03 1.201937018206929e-03
37 18 -9.378537249546933e-03 8.392528649776249e-04
38 18 -9.749188053017973e-03 8.129728251045987e-04
39 18 -9.852041444895829e-03 5.093516172520778e-04
0 19 9.933478901330513e-03 -1.020397752795844e-04
1 19 9.913953020900607e-03 1.474624167742964e-18
2 19 9.933478901330508e-03 1.020397752795721e-04
3 19 9.796127637437233e-03 1.356661507980333e-04
4 19 9.697487560784871e-03 3.043879192059554e-04
5 19 9.444650743232731e-03 2.689982488706912e-04
6 19 9.229482822714633e-03 5.014244070973007e-04
7 19 8.865655710391357e-03 3.975126964356454e-04
8 19 8.537697680685734e-03 6.892486800644241e-04
9 19 8.069779888453837e-03 5.184685778597689e-04
10 19 7.635099684928853e-03 8.635290394435668e-04
11 19 7.072662441715958e-03 6.288379874084932e-04
12 19 6.539932454785979e-03 1.019531190016266e-03
13 19 5.895409227708773e-03 7.253789660604132e-04
14 19 5.276133299984229e-03 1.152310413296865e-03
15 19 4.564835773095439e-03 8.048166800586994e-04
16 19 3.873428837750845e-03 1.257058297010521e-03
17 19 3.113309880770344e-03 8.641139188205915e-04
18 19 2.366942876091742e-03 1.329555832962808e-03
19 19 1.578071044649401e-03 9.007865308751871e-04
20 19 7.962306869777601e-04 1.366649613659097e-03
21 19 -8.013334560460730e-17 9.132008455853815e-04
22 19 -7.962306869776245e-04 1.366649613659097e-03
23 19 -1.578071044649555e-03 9.007865308751900e-04
24 19 -2.366942876091614e-03 1.329555832962806e-03
25 19 -3.113309880770482e-03 8.641139188205960e-04
26 19 -3.873428837750739e-03 1.257058297010519e-03
27 19 -4.564835773095560e-03 8.048166800587056e-04
28 19 -5.276133299984141e-03 1.152310413296863e-03
29 19 -5.895409227708861e-03 7.253789660604189e-04
30 19 -6.539932454785915e-03 1.019531190016266e-03
31 19 -7.072662441716018e-03 6.288379874084980e-04
32 19 -7.635099684928814e-03 8.635290394435691e-04
33 19 -8.069779888453876e-03 5.184685778597713e-04
34 19 -8.537697680685723e-03 6.892486800644296e-04
35 19 -8.865655710391369e-03 3.975126964356462e-04
36 19 -9.229482822714630e-03 5.014244070973102e-04
37 19 -9.444650743232738e-03 2.689982488706900e-04
38 19 -9.697487560784876e-03 3.043879192059663e-04
39 19 -9.796127637437252e-03 1.356661507980308e-04
0 20 9.874733734821166e-03 2.270824616741303e-17
1 20 9.855040329171522e-03 -3.391653769973752e-05
2 20 9.757243401785201e-03 1.545120630872702e-17
3 20 9.620389190334314e-03 -1.011660999173822e-04
4 20 9.406793751644346e-03 9.585871411837104e-18
5 20 9.155153226810375e-03 -1.666277363265943e-04
6 20 8.829578341099103e-03 6.286860946692463e-18
7 20 8.467717799419934e-03 -2.289953185733614e-04
8 20 8.036315288176865e-03 5.964704126952076e-18
9 20 7.571221165086561e-03 -2.868266413165081e-04
10 20 7.042718656737753e-03 8.799938336967779e-18
11 20 6.484035834713355e-03 -3.385542383664990e-04
12 20 5.869932372794696e-03 1.345125911375013e-17
13 20 5.230122500400685e-03 -3.825489115293853e-04
14 20 4.544744070494464e-03 1.852136309431968e-17
15 20 3.839072826933860e-03 -4.172326497204693e-04
16 20 3.099407774721151e-03 2.236744366788274e-17
17 20 2.345690462708600e-03 -4.412251124238099e-04
18 20 1.570959150140056e-03 2.357063196981162e-17
19 20 7.890355223227457e-04 -4.534968441153449e-04
20 20 9.909661825148200e-17 2.131443047401452e-17
21 20 -7.890355223229528e-04 -4.534968441153397e-04
22 20 -1.570959150139865e-03 1.540345982575619e-17
23 20 -2.345690462708794e-03 -4.412251124237970e-04
24 20 -3.099407774720978e-03 6.088392035913546e-18
25 20 -3.839072826934031e-03 -4.172326497204477e-04
26 20 -4.544744070494323e-03 -4.848868291522370e-18
27 20 -5.230122500400811e-03 -3.825489115293559e-04
28 20 -5.869932372794587e-03 -1.596232735093232e-17
29 20 -6.484035834713452e-03 -3.385542383664630e-04
30 20 -7.042718656737679e-03 -2.563928919545425e-17
31 20 -7.571221165086621e-03 -2.868266413164666e-04
32 20 -8.036315288176818e-03 -3.242505759952990e-17
33 20 -8.467717799419960e-03 -2.289953185733151e-04
34 20 -8.829578341099089e-03 -3.524906524575997e-17
35 20 -9.155153226810406e-03 -1.666277363265440e-04
36 20 -9.406793751644328e-03 -3.399639414252513e-17
37 20 -9.620389190334311e-03 -1.011660999173290e-04
38 20 -9.757243401785206e-03 -2.959074589700651e-17
39 20 -9.855040329171529e-03 -3.391653769968283e-05
0 21 9.933478901330521e-03 -1.020397752795376e-04
1 21 9.912953392803167e-03 -2.719158147751990e-04
2 21 9.697487560784890e-03 -3.043879192059332e-04
3 21 9.558409812556975e-03 -5.392009103673755e-04
4 21 9.229482822714647e-03 -5.014244070972878e-04
5 21 8.974096104949260e-03 -7.969150344077403e-04
6 21 8.537697680685772e-03 -6.892486800644147e-04
7 21 8.170400700855835e-03 -1.039583773691573e-03
8 21 7.635099684928873e-03 -8.635290394435549e-04
9 21 7.162730325343244e-03 -1.261133082547058e-03
10 21 6.539932454786011e-03 -1.019531190016246e-03
11 21 5.972069348012586e-03 -1.455033748287280e-03
12 21 5.276133299984271e-03 -1.152310413296836e-03
13 21 4.625311991954529e-03 -1.614668478922982e-03
14 21 3.873428837750891e-03 -1.257058297010479e-03
15 21 3.155166352667941e-03 -1.733883994315694e-03
16 21 2.366942876091789e-03 -1.329555832962759e-03
17 21 1.599487148919630e-03 -1.807637636086191e-03
18 21 7.962306869778050e-04 -1.366649613659052e-03
19 21 -1.100598498929108e-16 -1.832608848524034e-03
20 21 -7.962306869775840e-04 -1.366649613659059e-03
21 21 -1.599487148919841e-03 -1.807637636086178e-03
22 21 -2.366942876091582e-03 -1.329555832962781e-03
23 21 -3.155166352668131e-03 -1.733883994315668e-03
24 21 -3.873428837750711e-03 -1.257058297010513e-03
25 21 -4.625311991954681e-03 -1.614668478922945e-03
26 21 -5.276133299984132e-03 -1.152310413296879e-03
27 21 -5.972069348012699e-03 -1.455033748287232e-03
28 21 -6.539932454785915e-03 -1.019531190016303e-03
29 21 -7.162730325343321e-03 -1.261133082546993e-03
30 21 -7.635099684928813e-03 -8.635290394436232e-04
31 21 -8.170400700855876e-03 -1.039583773691499e-03
32 21 -8.537697680685734e-03 -6.892486800644926e-04
33 21 -8.974096104949276e-03 -7.969150344076556e-04
34 21 -9.229482822714637e-03 -5.014244070973737e-04
35 21 -9.558409812556972e-03 -5.392009103672822e-04
36 21 -9.697487560784887e-03 -3.043879192060252e-04
37 21 -9.912953392803167e-03 -2.719158147751003e-04
38 21 -9.933478901330518e-03 -1.020397752796325e-04
39 21 -1.003177840435205e-02 5.023970897919392e-17
0 22 1.010873843422384e-02 -4.098905077468764e-04
1 22 1.008476112932786e-02 -7.169381266124483e-04
2 22 9.749188053017992e-03 -8.129728251045264e-04
3 22 9.603105831139680e-03 -1.181642650155626e-03
4 22 9.156151549082486e-03 -1.201937018206870e-03
5 22 8.889789258943837e-03 -1.625439817327609e-03
6 22 8.339558398142564e-03 -1.568601615638167e-03
7 22 7.956849551405576e-03 -2.038192747972877e-03
8 22 7.314375631034706e-03 -1.903792750953076e-03
9 22 6.821805351963516e-03 -2.408607345653238e-03
10 22 6.101335083215230e-03 -2.197554936416776e-03
11 22 5.508410083681528e-03 -2.724690432693474e-03
12 22 4.727426980864306e-03 -2.439718056320892e-03
13 22 4.047030840037141e-03 -2.974621136960730e-03
14 22 3.225918024349075e-03 -2.620765479457897e-03
15 22 2.474404845462136e-03 -3.147918951760126e-03
16 22 1.635712782628146e-03 -2.732861607638533e-03
17 22 8.326257103792506e-04 -3.236692065368221e-03
18 22 1.043595329903091e-16 -2.770830627689958e-03
19 22 -8.326257103794401e-04 -3.236692065368219e-03
20 22 -1.635712782627947e-03 -2.732861607638545e-03
21 22 -2.474404845462311e-03 -3.147918951760110e-03
22 22 -3.225918024348899e-03 -2.620765479457928e-03
23 22 -4.047030840037287e-03 -2.974621136960695e-03
24 22 -4.727426980864164e-03 -2.439718056320940e-03
25 22 -5.508410083681632e-03 -2.724690432693426e-03
26 22 -6.101335083215129e-03 -2.197554936416838e-03
27 22 -6.821805351963585e-03 -2.408607345653174e-03
28 22 -7.314375631034649e-03 -1.903792750953154e-03
29 22 -7.956849551405616e-03 -2.038192747972798e-03
30 22 -8.339558398142523e-03 -1.568601615638261e-03
31 22 -8.889789258943849e-03 -1.625439817327516e-03
32 22 -9.156151549082486e-03 -1.201937018206977e-03
33 22 -9.603105831139675e-03 -1.181642650155519e-03
34 22 -9.749188053017988e-03 -8.129728251046437e-04
35 22 -1.008476112932786e-02 -7.169381266123309e-04
36 22 -1.010873843422385e-02 -4.098905077469999e-04
37 22 -1.032734149105962e-02 -2.402732140515682e-04
38 22 -1.022919137500313e-02 -6.310497126444601e-17
39 22 -1.032734149105963e-02 2.402732140516922e-04
0 23 1.039772792574832e-02 -9.287546466814459e-04
1 23 1.036587642990777e-02 -1.375537613344163e-03
2 23 9.905540025575530e-03 -1.531442451675575e-03
3 23 9.745702251189750e-03 -2.035824398868326e-03
4 23 9.175442314394823e-03 -2.107932129657867e-03
5 23 8.888581114154758e-03 -2.660480298877148e-03
6 23 8.218583528742118e-03 -2.645170075505101e-03
7 23 7.807790557163458e-03 -3.233912169741336e-03
8 23 7.051744636369198e-03 -3.128369648690174e-03
9 23 6.522982246143315e-03 -3.738681892670621e-03
10 23 5.698397496222933e-03 -3.541607559211386e-03
11 23 5.061260723958701e-03 -4.156529993658792e-03
12 23 4.189349143668331e-03 -3.869011652509875e-03
13 23 3.457631042506058e-03 -4.470034970396272e-03
14 23 2.562647525106110e-03 -4.096387430284365e-03
15 23 1.754487978288903e-03 -4.664643907417379e-03
16 23 8.625375832692585e-04 -4.212980661763315e-03
17 23 -6.458729134808858e-17 -4.730650983030955e-03
18 23 -8.625375832691037e-04 -4.212980661763321e-03
19 23 -1.754487978289025e-03 -4.664643907417367e-03
20 23 -2.562647525105973e-03 -4.096387430284381e-03
21 23 -3.457631042506162e-03 -4.470034970396248e-03
22 23 -4.189349143668224e-03 -3.869011652509908e-03
23 23 -5.061260723958773e-03 -4.156529993658758e-03
24 23 -5.698397496222851e-03 -3.541607559211430e-03
25 23 -6.522982246143353e-03 -3.738681892670569e-03
26 23 -7.051744636369151e-03 -3.128369648690239e-03
27 23 -7.807790557163468e-03 -3.233912169741281e-03
28 23 -8.218583528742102e-03 -2.645170075505184e-03
29 23 -8.888581114154737e-03 -2.660480298877071e-03
30 23 -9.175442314394839e-03 -2.107932129657962e-03
31 23 -9.745702251189731e-03 -2.035824398868236e-03
32 23 -9.905540025575563e-03 -1.531442451675690e-03
33 23 -1.036587642990774e-02 -1.375537613344052e-03
34 23 -1.039772792574834e-02 -9.287546466815705e-04
35 23 -1.074087981849529e-02 -6.930585569720555e-04
36 23 -1.064535678943481e-02 -3.111878802081862e-04
37 23 -1.086633471028337e-02 6.046085755635008e-17
38 23 -1.064535678943481e-02 3.111878802080556e-04
39 23 -1.074087981849528e-02 6.930585569721731e-04
0 24 1.079630317923428e-02 -1.667364208327624e-03
1 24 1.075062722022905e-02 -2.258097867452737e-03
2 24 1.015842713201929e-02 -2.469693882085538e-03
3 24 9.976233652806921e-03 -3.113748146065140e-03
4 24 9.274393252835987e-03 -3.230747734843031e-03
5 24 8.955121413423346e-03 -3.915764513283944e-03
6 24 8.155986939663349e-03 -3.931576573248365e-03
7 24 7.701403665864653e-03 -4.641746219992540e-03
8 24 6.821789139306740e-03 -4.550515996811214e-03
9 24 6.237223094200418e-03 -5.266605194295243e-03
10 24 5.298739993892037e-03 -5.064475064526746e-03
11 24 4.594287037179594e-03 -5.764546334944127e-03
12 24 3.622964841580531e-03 -5.451116325261633e-03
13 24 2.814314830116339e-03 -6.111949497641872e-03
14 24 1.839402775160494e-03 -5.691588855062075e-03
15 24 9.479514412813987e-04 -6.290616976292981e-03
16 24 4.021540242538913e-17 -5.773234788112214e-03
17 24 -9.479514412814432e-04 -6.290616976292984e-03
18 24 -1.839402775160423e-03 -5.691588855062085e-03
19 24 -2.814314830116374e-03 -6.111949497641863e-03
20 24 -3.622964841580476e-03 -5.451116325261650e-03
21 24 -4.594287037179614e-03 -5.764546334944116e-03
22 24 -5.298739993892011e-03 -5.064475064526770e-03
23 24 -6.237223094200407e-03 -5.266605194295224e-03
24 24 -6.821789139306738e-03 -4.550515996811250e-03
25 24 -7.701403665864620e-03 -4.641746219992508e-03
26 24 -8.155986939663355e-03 -3.931576573248425e-03
27 24 -8.955121413423301e-03 -3.915764513283898e-03
28 24 -9.274393252836034e-03 -3.230747734843103e-03
29 24 -9.976233652806874e-03 -3.113748146065080e-03
30 24 -1.015842713201933e-02 -2.469693882085627e-03
31 24 -1.075062722022899e-02 -2.258097867452663e-03
32 24 -1.079630317923432e-02 -1.667364208327720e-03
33 24 -1.127018232909240e-02 -1.367664080015867e-03
34 24 -1.118124107299974e-02 -8.396700070280400e-04
35 24 -1.153078282127446e-02 -4.579383078165013e-04
36 24 -1.130988513915988e-02 -5.502451860529688e-17
37 24 -1.153078282127447e-02 4.579383078165915e-04
38 24 -1.118124107299972e-02 8.396700070279325e-04
39 24 -1.127018232909243e-02 1.367664080015953e-03
0 25 1.129976706971397e-02 -2.638194849522193e-03
1 25 1.123316855093337e-02 -3.379306349635596e-03
2 25 1.049911695039690e-02 -3.642481918489546e-03
3 25 1.028420136692466e-02 -4.433015448269391e-03
4 25 9.438802651799638e-03 -4.587631830065497e-03
5 25 9.072518123619909e-03 -5.411684796753673e-03
6 25 8.130608428909090e-03 -5.447024153572613e-03
7 25 7.612786560617075e-03 -6.283828753208250e-03
8 25 6.595257340758311e-03 -6.190042981624031e-03
9 25 5.930618331412156e-03 -7.014297971301064e-03
10 25 4.864682001806042e-03 -6.784555871743711e-03
11 25 4.064674200894276e-03 -7.567860382374245e-03
12 25 2.982967609862146e-03 -7.200679077453119e-03
13 25 2.066857280558544e-03 -7.913994414445248e-03
14 25 1.005299091141166e-03 -7.415134847511671e-03
15 25 2.108754080793629e-17 -8.031846078950954e-03
16 25 -1.005299091141173e-03 -7.415134847511671e-03
17 25 -2.066857280558500e-03 -7.913994414445250e-03
18 25 -2.982967609862161e-03 -7.200679077453122e-03
19 25 -4.064674200894210e-03 -7.567860382374245e-03
20 25 -4.864682001806076e-03 -6.784555871743715e-03
21 25 -5.930618331412090e-03 -7.014297971301067e-03
22 25 -6.595257340758357e-03 -6.190042981624036e-03
23 25 -7.612786560617000e-03 -6.283828753208251e-03
24 25 -8.130608428909156e-03 -5.447024153572629e-03
25 25 -9.072518123619828e-03 -5.411684796753666e-03
26 25 -9.438802651799687e-03 -4.587631830065528e-03
27 25 -1.028420136692457e-02 -4.433015448269378e-03
28 25 -1.049911695039696e-02 -3.642481918489589e-03
29 25 -1.123316855093330e-02 -3.379306349635571e-03
30 25 -1.129976706971402e-02 -2.638194849522248e-03
31 25 -1.191260010748008e-02 -2.276506616794266e-03
32 25 -1.183511584937450e-02 -1.596429412990533e-03
33 25 -1.232032757716820e-02 -1.144845517731574e-03
34 25 -1.210305755502729e-02 -5.342838939743170e-04
35 25 -1.245618967130663e-02 2.072848152923872e-17
36 25 -1.210305755502728e-02 5.342838939742511e-04
37 25 -1.232032757716821e-02 1.144845517731613e-03
38 25 -1.183511584937447e-02 1.596429412990472e-03
39 25 -1.191260010748014e-02 2.276506616794299e-03
0 26 1.190411980655111e-02 -3.858023993952918e-03
1 26 1.180880590909635e-02 -4.759133582655214e-03
2 26 1.091919178947704e-02 -5.070599220476205e-03
3 26 1.065936055166494e-02 -6.018455301232271e-03
4 26 9.653518549503777e-03 -6.203361379766238e-03
5 26 9.222235183206173e-03 -7.177298544536262e-03
6 26 8.118295952406464e-03 -7.219016159918532e-03
7 26 7.512720965388749e-03 -8.191339792383767e-03
8 26 6.337428528210689e-03 -8.074670643188075e-03
9 26 5.562018130184124e-03 -9.011607370630299e-03
10 26 4.350733696540015e-03 -8.726351138430401e-03
11 26 3.419949595934750e-03 -9.590766705303722e-03
12 26 2.214723252964016e-03 -9.135327426727083e-03
13 26 1.154253615129267e-03 -9.890926846129931e-03
14 26 -4.304588298242474e-17 -9.274844090236704e-03
15 26 -1.154253615129149e-03 -9.890926846129947e-03
16 26 -2.214723252964100e-03 -9.135327426727072e-03
17 26 -3.419949595934629e-03 -9.590766705303740e-03
18 26 -4.350733696540103e-03 -8.726351138430394e-03
19 26 -5.562018130184001e-03 -9.011607370630311e-03
20 26 -6.337428528210791e-03 -8.074670643188051e-03
21 26 -7.512720965388625e-03 -8.191339792383796e-03
22 26 -8.118295952406568e-03 -7.219016159918515e-03
23 26 -9.222235183206052e-03 -7.177298544536288e-03
24 26 -9.653518549503904e-03 -6.203361379766226e-03
25 26 -1.065936055166483e-02 -6.018455301232294e-03
26 26 -1.091919178947714e-02 -5.070599220476195e-03
27 26 -1.180880590909624e-02 -4.759133582655240e-03
28 26 -1.190411980655120e-02 -3.858023993952915e-03
29 26 -1.266654304909150e-02 -3.435336436589084e-03
30 26 -1.260551950073510e-02 -2.595175681296625e-03
31 26 -1.323475191838725e-02 -2.073789449356885e-03
32 26 -1.302480671854193e-02 -1.303887837802167e-03
33 26 -1.351745861546137e-02 -6.931746524109254e-04
34 26 -1.316423899503784e-02 -4.611991100760709e-18
35 26 -1.351745861546139e-02 6.931746524109075e-04
36 26 -1.302480671854190e-02 1.303887837802160e-03
37 26 -1.323475191838730e-02 2.073789449356867e-03
38 26 -1.260551950073504e-02 2.595175681296618e-03
39 26 -1.266654304909156e-02 3.435336436589064e-03
0 27 1.260787166829690e-02 -5.349127781174840e-03
1 27 1.247582564806143e-02 -6.424691211923341e-03
2 27 1.141172111030514e-02 -6.782968419397801e-03
3 27 1.109257707906949e-02 -7.904908223238666e-03
4 27 9.902491364113017e-03 -8.112928495165645e-03
5 27 9.383447818876308e-03 -9.253574400401959e-03
6 27 8.090471502942710e-03 -9.286069306208079e-03
7 27 7.365219768026195e-03 -1.040743171422524e-02
8 27 6.005130674799801e-03 -1.024198840121440e-02
9 27 5.078925919448521e-03 -1.129794765818720e-02
10 27 3.699470111616033e-03 -1.092088541026478e-02
11 27 2.592968429418993e-03 -1.186226356005459e-02
12 27 1.249869008633494e-03 -1.127406999648144e-02
13 27 8.396037422573193e-17 -1.205576347191410e-02
14 27 -1.249869008633636e-03 -1.127406999648143e-02
15 27 -2.592968429418827e-03 -1.186226356005461e-02
16 27 -3.699470111616172e-03 -1.092088541026477e-02
17 27 -5.078925919448361e-03 -1.129794765818722e-02
18 27 -6.005130674799939e-03 -1.024198840121436e-02
19 27 -7.365219768026050e-03 -1.040743171422529e-02
20 27 -8.090471502942854e-03 -9.286069306208046e-03
21 27 -9.383447818876170e-03 -9.253574400402007e-03
22 27 -9.902491364113130e-03 -8.112928495165610e-03
23 27 -1.109257707906938e-02 -7.904908223238723e-03
24 27 -1.141172111030526e-02 -6.782968419397748e-03
25 27 -1.247582564806135e-02 -6.424691211923407e-03
26 27 -1.260787166829700e-02 -5.349127781174794e-03
27 27 -1.353373628790424e-02 -4.863996748269473e-03
28 27 -1.349325186070689e-02 -3.852564512768529e-03
29 27 -1.427619552076022e-02 -3.259285872842097e-03
30 27 -1.407605569954513e-02 -2.321953480771081e-03
31 27 -1.471538664037962e-02 -1.633587599805056e-03
32 27 -1.436485271153170e-02 -7.754845578002726e-04
33 27 -1.486063727005732e-02 -3.642117448742064e-17
34 27 -1.436485271153168e-02 7.754845578003216e-04
35 27 -1.471538664037965e-02 1.633587599804984e-03
36 27 -1.407605569954508e-02 2.321953480771129e-03
37 27 -1.427619552076027e-02 3.259285872842021e-03
38 27 -1.349325186070684e-02 3.852564512768576e-03
39 27 -1.353373628790431e-02 4.863996748269403e-03
0 28 1.341458885044835e-02 -7.141562109955563e-03
1 28 1.323797172573017e-02 -8.413542887373334e-03
2 28 1.197266443998760e-02 -8.820231529826804e-03
3 28 1.157662154687790e-02 -1.014188699394575e-02
4 28 1.016827662953461e-02 -1.036592417585690e-02
5 28 9.531312370682816e-03 -1.169858113405164e-02
6 28 8.011205868574260e-03 -1.170188796187746e-02
7 28 7.122893403562892e-03 -1.299153992966602e-02
8 28 5.541474340920064e-03 -1.274206594729252e-02
9 28 4.410506189591831e-03 -1.392407666922603e-02
10 28 2.834889695870913e-03 -1.340550955142943e-02
11 28 1.494175256440375e-03 -1.441410000955113e-02
12 28 -8.449145877036267e-17 -1.363378350375056e-02
13 28 -1.494175256440193e-03 -1.441410000955115e-02
14 28 -2.834889695871078e-03 -1.340550955142940e-02
15 28 -4.410506189591662e-03 -1.392407666922606e-02
16 28 -5.541474340920221e-03 -1.274206594729249e-02
17 28 -7.122893403562734e-03 -1.299153992966605e-02
18 28 -8.011205868574409e-03 -1.170188796187742e-02
19 28 -9.531312370682698e-03 -1.169858113405170e-02
20 28 -1.016827662953474e-02 -1.036592417585684e-02
21 28 -1.157662154687779e-02 -1.014188699394582e-02
22 28 -1.197266443998769e-02 -8.820231529826739e-03
23 28 -1.323797172573008e-02 -8.413542887373414e-03
24 28 -1.341458885044844e-02 -7.141562109955489e-03
25 28 -1.452250233488839e-02 -6.588110528753473e-03
26 28 -1.450435659228158e-02 -5.389048430482230e-03
27 28 -1.545254526551623e-02 -4.717422856848241e-03
28 28 -1.526158789682831e-02 -3.602057708939880e-03
29 28 -1.605420996328579e-02 -2.831582146191583e-03
30 28 -1.570631550894039e-02 -1.802550586046730e-03
31 28 -1.634906655433925e-02 -9.436934780452082e-04
32 28 -1.585284663560432e-02 4.776812435671371e-17
33 28 -1.634906655433928e-02 9.436934780450939e-04
34 28 -1.570631550894035e-02 1.802550586046825e-03
35 28 -1.605420996328582e-02 2.831582146191476e-03
36 28 -1.526158789682827e-02 3.602057708939972e-03
37 28 -1.545254526551629e-02 4.717422856848140e-03
38 28 -1.450435659228151e-02 5.389048430482320e-03
39 28 -1.452250233488846e-02 6.588110528753382e-03
0 29 1.433644931011520e-02 -9.277215285693212e-03
1 29 1.410780282118582e-02 -1.077939427402457e-02
2 29 1.260245937540641e-02 -1.124079069289390e-02
3 29 1.210661746570792e-02 -1.280132104459494e-02
4 29 1.043036722616458e-02 -1.303363706915428e-02
5 29 9.633074221027752e-03 -1.459573272147118e-02
6 29 7.831514837082653e-03 -1.454164287152305e-02
7 29 6.718321952614828e-03 -1.602546968083315e-02
8 29 4.866634857603381e-03 -1.564048148743507e-02
9 29 3.455752176090348e-03 -1.695313917705031e-02
10 29 1.651889856480618e-03 -1.622177096332877e-02
11 29 8.243052703907443e-17 -1.727525716949112e-02
12 29 -1.651889856480776e-03 -1.622177096332876e-02
13 29 -3.455752176090193e-03 -1.695313917705031e-02
14 29 -4.866634857603522e-03 -1.564048148743505e-02
15 29 -6.718321952614685e-03 -1.602546968083320e-02
16 29 -7.831514837082786e-03 -1.454164287152302e-02
17 29 -9.633074221027644e-03 -1.459573272147123e-02
18 29 -1.043036722616469e-02 -1.303363706915423e-02
19 29 -1.210661746570783e-02 -1.280132104459500e-02
20 29 -1.260245937540649e-02 -1.124079069289383e-02
21 29 -1.410780282118576e-02 -1.077939427402465e-02
22 29 -1.433644931011526e-02 -9.277215285693131e-03
23 29 -1.565250092429879e-02 -8.642266092358535e-03
24 29 -1.565446998169008e-02 -7.230781213154200e-03
25 29 -1.678243415780582e-02 -6.466743375738444e-03
26 29 -1.659436929570456e-02 -5.158197256887563e-03
27 29 -1.754619332844738e-02 -4.294818469270723e-03
28 29 -1.719517842379302e-02 -3.088031986662375e-03
29 29 -1.798587247027738e-02 -2.140684600306854e-03
30 29 -1.748737168635018e-02 -1.027775782089560e-03
31 29 -1.812922642770705e-02 -6.528068456905663e-17
32 29 -1.748737168635019e-02 1.027775782089681e-03
33 29 -1.798587247027739e-02 2.140684600306722e-03
34 29 -1.719517842379301e-02 3.088031986662491e-03
35 29 -1.754619332844739e-02 4.294818469270600e-03
36 29 -1.659436929570455e-02 5.158197256887668e-03
37 29 -1.678243415780585e-02 6.466743375738336e-03
38 29 -1.565446998169004e-02 7.230781213154294e-03
39 29 -1.565250092429882e-02 8.642266092358434e-03
0 30 1.539932275609702e-02 -1.181676349041333e-02
1 30 1.511137402758208e-02 -1.360177698063569e-02
2 30 1.330767589052744e-02 -1.413097260642457e-02
3 30 1.267951980687401e-02 -1.599055416345004e-02
4 30 1.066107075584536e-02 -1.622060410637554e-02
5 30 9.639780326720217e-03 -1.806693037625913e-02
6 30 7.478335973391939e-03 -1.791118065701718e-02
7 30 6.047925398708921e-03 -1.962139921134125e-02
8 30 3.861704441899722e-03 -1.902071893402364e-02
9 30 2.063584259203540e-03 -2.045853232186746e-02
10 30 -5.953110000749453e-17 -1.940836133999786e-02
11 30 -2.063584259203423e-03 -2.045853232186746e-02
12 30 -3.861704441899836e-03 -1.902071893402362e-02
13 30 -6.047925398708822e-03 -1.962139921134127e-02
14 30 -7.478335973392037e-03 -1.791118065701714e-02
15 30 -9.639780326720150e-03 -1.806693037625916e-02
16 30 -1.066107075584541e-02 -1.622060410637552e-02
17 30 -1.267951980687396e-02 -1.599055416345006e-02
18 30 -1.330767589052747e-02 -1.413097260642451e-02
19 30 -1.511137402758206e-02 -1.360177698063577e-02
20 30 -1.539932275609704e-02 -1.181676349041328e-02
21 30 -1.696173123692798e-02 -1.107557164522651e-02
22 30 -1.697519045706748e-02 -9.413162677908338e-03
23 30 -1.830256326925070e-02 -8.530233843020317e-03
24 30 -1.810186538451974e-02 -7.005501517984933e-03
25 30 -1.921829982443252e-02 -6.027608464158533e-03
26 30 -1.884875749511657e-02 -4.633762684077047e-03
27 30 -1.978379828937260e-02 -3.584869372359944e-03
28 30 -1.927266865981881e-02 -2.303847901909805e-03
29 30 -2.005274025850267e-02 -1.189144135963256e-03
30 30 -1.940984920359114e-02 6.127689499413802e-17
31 30 -2.005274025850266e-02 1.189144135963137e-03
32 30 -1.927266865981882e-02 2.303847901909926e-03
33 30 -1.978379828937258e-02 3.584869372359837e-03
34 30 -1.884875749511659e-02 4.633762684077159e-03
35 30 -1.921829982443249e-02 6.027608464158429e-03
36 30 -1.810186538451974e-02 7.005501517985028e-03
37 30 -1.830256326925067e-02 8.530233843020223e-03
38 30 -1.697519045706749e-02 9.413162677908418e-03
39 30 -1.696173123692796e-02 1.107557164522644e-02
0 31 1.665041594961965e-02 -1.485156035459084e-02
1 31 1.629513365714249e-02 -1.700279541665659e-02
2 31 1.410241928003259e-02 -1.762247992511260e-02
3 31 1.329113914306980e-02 -1.987476844108196e-02
4 31 1.081611132787239e-02 -2.008371150903501e-02
5 31 9.468701438026852e-03 -2.229365803939197e-02
6 31 6.832979620057454e-03 -2.195992503373364e-02
7 31 4.941412239613270e-03 -2.393066567265956e-02
8 31 2.340386343870948e-03 -2.298259412263854e-02
9 31 2.668086355759299e-17 -2.451220037879324e-02
10 31 -2.340386343871002e-03 -2.298259412263852e-02
11 31 -4.941412239613227e-03 -2.393066567265956e-02
12 31 -6.832979620057493e-03 -2.195992503373363e-02
13 31 -9.468701438026830e-03 -2.229365803939197e-02
14 31 -1.081611132787242e-02 -2.008371150903499e-02
15 31 -1.329113914306980e-02 -1.987476844108198e-02
16 31 -1.410241928003259e-02 -1.762247992511259e-02
17 31 -1.629513365714256e-02 -1.700279541665659e-02
18 31 -1.665041594961963e-02 -1.485156035459081e-02
19 31 -1.851743917766126e-02 -1.396102533985081e-02
20 31 -1.852374555385694e-02 -1.198687932495116e-02
21 31 -2.007870720159515e-02 -1.093873334145630e-02
22 31 -1.983528975612460e-02 -9.161835235234539e-03
23 31 -2.112170627044408e-02 -8.030480139169051e-03
24 31 -2.070311532141325e-02 -6.435270040630338e-03
25 31 -2.177310363127053e-02 -5.258505585388759e-03
26 31 -2.122534788544905e-02 -3.811727400380986e-03
27 31 -2.212658022329590e-02 -2.598454979074350e-03
28 31 -2.146950726460127e-02 -1.261789558248992e-03
29 31 -2.223822388185063e-02 -4.293015285044322e-17
30 31 -2.146950726460129e-02 1.261789558249090e-03
31 31 -2.212658022329585e-02 2.598454979074270e-03
32 31 -2.122534788544907e-02 3.811727400381077e-03
33 31 -2.177310363127045e-02 5.258505585388687e-03
34 31 -2.070311532141332e-02 6.435270040630412e-03
35 31 -2.112170627044400e-02 8.030480139168988e-03
36 31 -1.983528975612466e-02 9.161835235234604e-03
37 31 -2.007870720159506e-02 1.093873334145627e-02
38 31 -1.852374555385700e-02 1.198687932495123e-02
39 31 -1.851743917766119e-02 1.396102533985079e-02
0 32 1.817069870658968e-02 -1.852445964488449e-02
1 32 1.773685346916890e-02 -2.117728905841640e-02
2 32 1.500854304974703e-02 -2.192357132936714e-02
3 32 1.392684616050436e-02 -2.471738359232933e-02
4 32 1.081331928817699e-02 -2.486450800262109e-02
5 32 8.965105359548193e-03 -2.755080094270629e-02
6 32 5.688020345130797e-03 -2.689683697707681e-02
7 32 3.103156982181542e-03 -2.914740314185500e-02
8 32 5.082429495475328e-18 -2.762712832835996e-02
9 32 -3.103156982181559e-03 -2.914740314185500e-02
10 32 -5.688020345130785e-03 -2.689683697707681e-02
11 32 -8.965105359548220e-03 -2.755080094270626e-02
12 32 -1.081331928817695e-02 -2.486450800262111e-02
13 32 -1.392684616050441e-02 -2.471738359232931e-02
14 32 -1.500854304974698e-02 -2.192357132936714e-02
15 32 -1.773685346916898e-02 -2.117728905841637e-02
16 32 -1.817069870658959e-02 -1.852445964488449e-02
17 32 -2.043447631850086e-02 -1.741135851652197e-02
18 32 -2.039863351062168e-02 -1.502780713576990e-02
19 32 -2.222321262423610e-02 -1.373591613862331e-02
20 32 -2.188362089362396e-02 -1.165014705579175e-02
21 32 -2.334559063105040e-02 -1.029917294285714e-02
22 32 -2.282420092625834e-02 -8.480050794143879e-03
23 32 -2.401197306504752e-02 -7.128626658154629e-03
24 32 -2.338323048100032e-02 -5.518742611980144e-03
25 32 -2.437626411503043e-02 -4.180993899445222e-03
26 32 -2.367480809074077e-02 -2.716951605451875e-03
27 32 -2.453535116374781e-02 -1.377216881300224e-03
28 32 -2.376486248339825e-02 2.681622926001662e-17
29 32 -2.453535116374779e-02 1.377216881300192e-03
30 32 -2.367480809074083e-02 2.716951605451929e-03
31 32 -2.437626411503037e-02 4.180993899445194e-03
32 32 -2.338323048100041e-02 5.518742611980182e-03
33 32 -2.401197306504743e-02 7.128626658154615e-03
34 32 -2.282420092625845e-02 8.480050794143917e-03
35 32 -2.334559063105027e-02 1.029917294285713e-02
36 32 -2.188362089362409e-02 1.165014705579177e-02
37 32 -2.222321262423596e-02 1.373591613862332e-02
38 32 -2.039863351062180e-02 1.502780713576990e-02
39 32 -2.043447631850077e-02 1.741135851652200e-02
0 33 2.009704932596170e-02 -2.306817821779072e-02
1 33 1.956434349240764e-02 -2.645074592954987e-02
2 33 1.605166036986976e-02 -2.737809067678106e-02
3 33 1.453493406082808e-02 -3.095703914284121e-02
4 33 1.048260101638302e-02 -3.094491248974721e-02
5 33 7.815581276102272e-03 -3.425865606715901e-02
6 33 3.658835802274318e-03 -3.300195388535706e-02
7 33 -3.429738607823404e-17 -3.548469264793790e-02
8 33 -3.658835802274244e-03 -3.300195388535709e-02
9 33 -7.815581276102360e-03 -3.425865606715901e-02
10 33 -1.048260101638293e-02 -3.094491248974720e-02
11 33 -1.453493406082816e-02 -3.095703914284114e-02
12 33 -1.605166036986964e-02 -2.737809067678108e-02
13 33 -1.956434349240775e-02 -2.645074592954985e-02
14 33 -2.009704932596160e-02 -2.306817821779075e-02
15 33 -2.290918204339024e-02 -2.160668245437614e-02
16 33 -2.276713112355395e-02 -1.865316090669705e-02
17 33 -2.492503693941270e-02 -1.698444269122631e-02
18 33 -2.439618883650345e-02 -1.450063552773001e-02
19 33 -2.603802547721136e-02 -1.282076399985534e-02
20 33 -2.532366677837947e-02 -1.074367431694937e-02
21 33 -2.659991914775611e-02 -9.140517379904203e-03
22 33 -2.581628232698643e-02 -7.370635504300328e-03
23 33 -2.685525459471259e-02 -5.862090002185235e-03
24 33 -2.605562833515204e-02 -4.297820327004077e-03
25 33 -2.695532201211789e-02 -2.861069290599838e-03
26 33 -2.615027209485369e-02 -1.411629735125706e-03
27 33 -2.698036558645857e-02 1.296602595345568e-17
28 33 -2.615027209485371e-02 1.411629735125706e-03
29 33 -2.695532201211785e-02 2.861069290599863e-03
30 33 -2.605562833515213e-02 4.297820327004077e-03
31 33 -2.685525459471250e-02 5.862090002185260e-03
32 33 -2.581628232698653e-02 7.370635504300317e-03
33 33 -2.659991914775597e-02 9.140517379904227e-03
34 33 -2.532366677837958e-02 1.074367431694934e-02
35 33 -2.603802547721124e-02 1.282076399985539e-02
36 33 -2.439618883650361e-02 1.450063552772998e-02
37 33 -2.492503693941253e-02 1.698444269122636e-02
38 33 -2.276713112355411e-02 1.865316090669702e-02
39 33 -2.290918204339008e-02 2.160668245437621e-02
0 34 2.266590850055071e-02 -2.888154725043419e-02
1 34 2.198968975146976e-02 -3.340066653247539e-02
2 34 1.724254103841277e-02 -3.458582677071696e-02
3 34 1.494803832491994e-02 -3.936398179280048e-02
4 34 9.441229254393694e-03 -3.894225862590787e-02
5 34 5.342252929102403e-03 -4.304801873478704e-02
6 34 5.368907282056670e-17 -4.059863300566839e-02
7 34 -5.342252929102502e-03 -4.304801873478704e-02
8 34 -9.441229254393597e-03 -3.894225862590785e-02
9 34 -1.494803832492004e-02 -3.936398179280042e-02
10 34 -1.724254103841263e-02 -3.458582677071701e-02
11 34 -2.198968975146988e-02 -3.340066653247534e-02
12 34 -2.266590850055054e-02 -2.888154725043426e-02
13 34 -2.628855546909728e-02 -2.684541479685215e-02
14 34 -2.591835420546436e-02 -2.304823949857891e-02
15 34 -2.850582657175631e-02 -2.077084373367235e-02
16 34 -2.762186215618341e-02 -1.774964541542352e-02
17 34 -2.943949860138868e-02 -1.556109130429096e-02
18 34 -2.838221855667235e-02 -1.317937833574897e-02
19 34 -2.969489491942766e-02 -1.120344354221975e-02
20 34 -2.863948913022272e-02 -9.281198683985793e-03
21 34 -2.965377619905649e-02 -7.529007134157072e-03
22 34 -2.867147831087837e-02 -5.902326291753333e-03
23 34 -2.953427302925484e-02 -4.332325650862293e-03
24 34 -2.863769870645948e-02 -2.866636213434725e-03
25 34 -2.945042358352784e-02 -1.413789309816882e-03
26 34 -2.861836285854843e-02 -2.545914073610262e-17
27 34 -2.945042358352779e-02 1.413789309816960e-03
28 34 -2.863769870645958e-02 2.866636213434672e-03
29 34 -2.953427302925477e-02 4.332325650862375e-03
30 34 -2.867147831087850e-02 5.902326291753278e-03
31 34 -2.965377619905638e-02 7.529007134157148e-03
32 34 -2.863948913022285e-02 9.281198683985734e-03
33 34 -2.969489491942750e-02 1.120344354221983e-02
34 34 -2.838221855667248e-02 1.317937833574891e-02
35 34 -2.943949860138852e-02 1.556109130429105e-02
36 34 -2.762186215618359e-02 1.774964541542345e-02
37 34 -2.850582657175619e-02 2.077084373367240e-02
38 34 -2.591835420546452e-02 2.304823949857885e-02
39 34 -2.628855546909713e-02 2.684541479685223e-02
0 35 2.630969802017381e-02 -3.669761248320842e-02
1 35 2.537362102929301e-02 -4.314212784476974e-02
2 35 1.850414906908144e-02 -4.467053909820495e-02
3 35 1.463215090268812e-02 -5.137738243476501e-02
4 35 6.759248600184209e-03 -4.985168650573784e-02
5 35 -4.907076027288973e-17 -5.475538073127761e-02
6 35 -6.759248600184092e-03 -4.985168650573779e-02
7 35 -1.463215090268822e-02 -5.137738243476496e-02
8 35 -1.850414906908131e-02 -4.467053909820498e-02
9 35 -2.537362102929312e-02 -4.314212784476972e-02
10 35 -2.630969802017368e-02 -3.669761248320844e-02
11 35 -3.122864613226951e-02 -3.364468968803026e-02
12 35 -3.037614804343267e-02 -2.851133585551787e-02
13 35 -3.353364482331007e-02 -2.519886044299977e-02
14 35 -3.198202608311488e-02 -2.142556934558708e-02
15 35 -3.393904155394296e-02 -1.842857071226727e-02
16 35 -3.228525413179600e-02 -1.569088887816899e-02
17 35 -3.353416614658380e-02 -1.315848314648715e-02
18 35 -3.202685030694306e-02 -1.111022719221894e-02
19 35 -3.290398394454395e-02 -9.010798288615682e-03
20 35 -3.161643850144057e-02 -7.380950462939392e-03
21 35 -3.233433155861195e-02 -5.624867941149324e-03
22 35 -3.126333286499645e-02 -4.216716558851868e-03
23 35 -3.195653022750786e-02 -2.703130227254444e-03
24 35 -3.106711777435251e-02 -1.371324367872382e-03
25 35 -3.182562706233655e-02 5.720609637768218e-17
26 35 -3.106711777435255e-02 1.371324367872295e-03
27 35 -3.195653022750784e-02 2.703130227254553e-03
28 35 -3.126333286499651e-02 4.216716558851777e-03
29 35 -3.233433155861189e-02 5.624867941149438e-03
30 35 -3.161643850144072e-02 7.380950462939294e-03
31 35 -3.290398394454386e-02 9.010798288615793e-03
32 35 -3.202685030694322e-02 1.111022719221887e-02
33 35 -3.353416614658368e-02 1.315848314648726e-02
34 35 -3.228525413179612e-02 1.569088887816888e-02
35 35 -3.393904155394285e-02 1.842857071226737e-02
36 35 -3.198202608311504e-02 2.142556934558699e-02
37 35 -3.353364482330993e-02 2.519886044299982e-02
38 35 -3.037614804343280e-02 2.851133585551780e-02
39 35 -3.122864613226937e-02 3.364468968803029e-02
0 36 3.190281562349007e-02 -4.801102977080843e-02
1 36 3.032919158873411e-02 -5.811404448068253e-02
2 36 1.936936187780717e-02 -5.993482043285776e-02
3 36 1.179980154406440e-02 -6.984074102428807e-02
4 36 4.912754536896232e-17 -6.511218136606584e-02
5 36 -1.179980154406448e-02 -6.984074102428808e-02
6 36 -1.936936187780707e-02 -5.993482043285782e-02
7 36 -3.032919158873417e-02 -5.811404448068253e-02
8 36 -3.190281562349002e-02 -4.801102977080842e-02
9 36 -3.911400947566172e-02 -4.295200213985913e-02
10 36 -3.716662584607158e-02 -3.552539615356309e-02
11 36 -4.107235624479073e-02 -3.032906637122725e-02
12 36 -3.821427560524046e-02 -2.548965040173793e-02
13 36 -4.016744296802221e-02 -2.117457735595927e-02
14 36 -3.747626235658236e-02 -1.806365602409759e-02
15 36 -3.845367021260064e-02 -1.470756829019986e-02
16 36 -3.622230533127688e-02 -1.261685695593667e-02
17 36 -3.677390764758353e-02 -1.003942674133828e-02
18 36 -3.501539619022208e-02 -8.512089836539180e-03
19 36 -3.543282719597171e-02 -6.509561226344845e-03
20 36 -3.408208420535955e-02 -5.263144214276842e-03
21 36 -3.452459875533850e-02 -3.664385119637986e-03
22 36 -3.350517969148950e-02 -2.515917802809078e-03
23 36 -3.406992737598710e-02 -1.183413342034461e-03
24 36 -3.331101475029809e-02 -5.177784140414403e-17
25 36 -3.406992737598708e-02 1.183413342034587e-03
26 36 -3.350517969148952e-02 2.515917802808978e-03
27 36 -3.452459875533848e-02 3.664385119638108e-03
28 36 -3.408208420535962e-02 5.263144214276746e-03
29 36 -3.543282719597162e-02 6.509561226344962e-03
30 36 -3.501539619022217e-02 8.512089836539094e-03
31 36 -3.677390764758345e-02 1.003942674133838e-02
32 36 -3.622230533127700e-02 1.261685695593659e-02
33 36 -3.845367021260053e-02 1.470756829019996e-02
34 36 -3.747626235658251e-02 1.806365602409752e-02
35 36 -4.016744296802211e-02 2.117457735595934e-02
36 36 -3.821427560524056e-02 2.548965040173785e-02
37 36 -4.107235624479063e-02 3.032906637122732e-02
38 36 -3.716662584607165e-02 3.552539615356309e-02
39 36 -3.911400947566171e-02 4.295200213985918e-02
0 37 4.153186587884346e-02 -6.641344869672906e-02
1 37 3.763726831702337e-02 -8.477393088981944e-02
2 37 1.751809209523706e-02 -8.555003715961051e-02
3 37 -9.523394583600077e-18 -1.001829665849060e-01
4 37 -1.751809209523699e-02 -8.555003715961045e-02
5 37 -3.763726831702343e-02 -8.477393088981930e-02
6 37 -4.153186587884345e-02 -6.641344869672899e-02
7 37 -5.341829826366876e-02 -5.659808255059918e-02
8 37 -4.853519304895158e-02 -4.482436176028644e-02
9 37 -5.326194359520606e-02 -3.588400190384525e-02
10 37 -4.766162473514229e-02 -2.961838664981668e-02
11 37 -4.912845047428838e-02 -2.312026669666018e-02
12 37 -4.462296656711653e-02 -1.979355838184469e-02
13 37 -4.487749449920890e-02 -1.526313162239995e-02
14 37 -4.153074642095109e-02 -1.336541218131745e-02
15 37 -4.142996846025661e-02 -1.018122016275399e-02
16 37 -3.899932258115248e-02 -8.958867623285660e-03
17 37 -3.888882992552757e-02 -6.668929333625997e-03
18 37 -3.714537621514367e-02 -5.742492570571567e-03
19 37 -3.717131134422761e-02 -4.048959933687531e-03
20 37 -3.594678176887608e-02 -3.210698053929545e-03
21 37 -3.618266482973031e-02 -1.916378047337650e-03
22 37 -3.536074678505609e-02 -1.033623621899978e-03
23 37 -3.586021600502180e-02 5.615639368817970e-17
24 37 -3.536074678505608e-02 1.033623621899883e-03
25 37 -3.618266482973029e-02 1.916378047337765e-03
26 37 -3.594678176887611e-02 3.210698053929454e-03
27 37 -3.717131134422758e-02 4.048959933687627e-03
28 37 -3.714537621514368e-02 5.742492570571493e-03
29 37 -3.888882992552752e-02 6.668929333626095e-03
30 37 -3.899932258115250e-02 8.958867623285597e-03
31 37 -4.142996846025657e-02 1.018122016275407e-02
32 37 -4.153074642095107e-02 1.336541218131740e-02
33 37 -4.487749449920894e-02 1.526313162240003e-02
34 37 -4.462296656711660e-02 1.979355838184468e-02
35 37 -4.912845047428838e-02 2.312026669666020e-02
36 37 -4.766162473514238e-02 2.961838664981666e-02
37 37 -5.326194359520606e-02 3.588400190384525e-02
38 37 -4.853519304895165e-02 4.482436176028643e-02
39 37 -5.341829826366873e-02 5.659808255059921e-02
0 38 6.172541691000582e-02 -1.031887169187146e-01
1 38 4.472344711284353e-02 -1.459342278406162e-01
2 38 7.845326295178700e-18 -1.331010183836950e-01
3 38 -4.472344711284354e-02 -1.459342278406164e-01
4 38 -6.172541691000583e-02 -1.031887169187147e-01
5 38 -8.555287139282934e-02 -7.797352285783231e-02
6 38 -7.014031571756717e-02 -5.697172613809919e-02
7 38 -7.461450521255324e-02 -3.989099303155265e-02
8 38 -6.280791049259192e-02 -3.240618315269883e-02
9 38 -6.222404190027762e-02 -2.241360063317381e-02
10 38 -5.462277685089448e-02 -1.967117004876866e-02
11 38 -5.316742363822916e-02 -1.365722229336815e-02
12 38 -4.823211343388606e-02 -1.255307498534317e-02
13 38 -4.691801124185081e-02 -8.737934935484070e-03
14 38 -4.363150825569134e-02 -8.206459117414194e-03
15 38 -4.266789723477221e-02 -5.670330053486499e-03
16 38 -4.045060307362335e-02 -5.309895077930822e-03
17 38 -3.985706767035082e-02 -3.564077884131104e-03
18 38 -3.837806947163376e-02 -3.200260617452152e-03
19 38 -3.814187968846124e-02 -1.970427991033186e-03
20 38 -3.720923424457769e-02 -1.508749496553164e-03
21 38 -3.732805580933944e-02 -6.310818976220336e-04
22 38 -3.683152347003021e-02 -2.965894345271730e-17
23 38 -3.732805580933948e-02 6.310818976221107e-04
24 38 -3.720923424457773e-02 1.508749496553109e-03
25 38 -3.814187968846120e-02 1.970427991033257e-03
26 38 -3.837806947163371e-02 3.200260617452100e-03
27 38 -3.985706767035094e-02 3.564077884131172e-03
28 38 -4.045060307362329e-02 5.309895077930785e-03
29 38 -4.266789723477230e-02 5.670330053486553e-03
30 38 -4.363150825569125e-02 8.206459117414158e-03
31 38 -4.691801124185086e-02 8.737934935484099e-03
32 38 -4.823211343388604e-02 1.255307498534314e-02
33 38 -5.316742363822918e-02 1.365722229336818e-02
34 38 -5.462277685089447e-02 1.967117004876865e-02
35 38 -6.222404190027768e-02 2.241360063317385e-02
36 38 -6.280791049259185e-02 3.240618315269881e-02
37 38 -7.461450521255332e-02 3.989099303155264e-02
38 38 -7.014031571756719e-02 5.697172613809918e-02
39 38 -8.555287139282948e-02 7.797352285783241e-02
0 39 1.226512599858088e-01 -2.105643010727605e-01
1 39 3.672443597146895e-17 -3.583724417483758e-01
2 39 -1.226512599858088e-01 -2.105643010727605e-01
3 39 -1.898739900800519e-01 -1.083682771221420e-01
4 39 -1.185109677825862e-01 -6.653177006139033e-02
5 39 -1.130497193708405e-01 -3.227562571225998e-02
6 39 -8.773054019242058e-02 -2.846587623877246e-02
7 39 -8.018015675249059e-02 -1.420112453160423e-02
8 39 -6.815701241057243e-02 -1.488557808044950e-02
9 39 -6.299177172890114e-02 -7.727995342014290e-03
10 39 -5.625503346605350e-02 -8.770239042467862e-03
11 39 -5.286477198483233e-02 -4.680404530486402e-03
12 39 -4.872964904260430e-02 -5.511611140261014e-03
13 39 -4.650051163382087e-02 -2.975300950415452e-03
14 39 -4.384661498194985e-02 -3.539893696349793e-03
15 39 -4.241299447684610e-02 -1.894517054500468e-03
16 39 -4.070272693617605e-02 -2.211396842494601e-03
17 39 -3.985949335227269e-02 -1.131302938429923e-03
18 39 -3.881369459141153e-02 -1.218331663220046e-03
19 39 -3.845268512483743e-02 -5.307672449950286e-04
20 39 -3.792458938044846e-02 -3.895830228227849e-04
21 39 -3.800283339863497e-02 1.368120083532248e-17
22 39 -3.792458938044847e-02 3.895830228227749e-04
23 39 -3.845268512483747e-02 5.307672449950526e-04
24 39 -3.881369459141146e-02 1.218331663220040e-03
25 39 -3.985949335227280e-02 1.131302938429942e-03
26 39 -4.070272693617596e-02 2.211396842494603e-03
27 39 -4.241299447684625e-02 1.894517054500482e-03
28 39 -4.384661498194976e-02 3.539893696349803e-03
29 39 -4.650051163382096e-02 2.975300950415463e-03
30 39 -4.872964904260417e-02 5.511611140261039e-03
31 39 -5.286477198483248e-02 4.680404530486409e-03
32 39 -5.625503346605340e-02 8.770239042467884e-03
33 39 -6.299177172890125e-02 7.727995342014281e-03
34 39 -6.815701241057236e-02 1.488557808044951e-02
35 39 -8.018015675249082e-02 1.420112453160424e-02
36 39 -8.773054019242045e-02 2.846587623877247e-02
37 39 -1.130497193708405e-01 3.227562571226004e-02
38 39 -1.185109677825862e-01 6.653177006139037e-02
39 39 -1.898739900800520e-01 1.083682771221420e-01
