0 0 7.499999999999988e-01 -1.345175459427933e-16
1 0 1.089996477716915e-01 1.904993806209859e-16
2 0 -2.800310343712712e-15 5.543657997932170e-02
3 0 1.299191215769446e-02 1.319108508833802e-16
4 0 -1.380056631060845e-15 1.046047400748086e-02
5 0 2.144368986626257e-03 3.728148859860710e-17
6 0 -4.060547682108335e-15 3.080765451573335e-03
7 0 5.397765319533054e-04 -6.323036098662533e-17
8 0 1.751584597223491e-16 1.278690845888332e-03
9 0 2.034189436852175e-04 -1.097493774431063e-16
10 0 7.595738632544895e-15 6.603387798496730e-04
11 0 1.064889929888311e-04 -8.889270564389283e-17
12 0 5.632585016128826e-15 3.951081764636486e-04
13 0 7.172897114906138e-05 -2.243261123596062e-17
14 0 -1.865028747338146e-15 2.656771441443568e-04
15 0 5.722571969519116e-05 4.142548110155753e-17
16 0 -4.741257119333920e-15 1.990619393959811e-04
17 0 4.992677507225654e-05 5.757417807666287e-17
18 0 -4.586591993918418e-15 1.666707336782023e-04
19 0 4.473067647394899e-05 1.321022398360445e-17
20 0 -1.306115593938716e-16 1.569302648375526e-04
21 0 3.910701417217795e-05 -6.671503889999750e-17
22 0 4.333017268264778e-15 1.666707336783313e-04
23 0 3.122570374061051e-05 -1.329382530062086e-16
24 0 4.509997855499855e-15 1.990619393961572e-04
25 0 1.876541330934198e-05 -1.424881409280875e-16
26 0 1.664576772792236e-15 2.656771441444609e-04
27 0 -2.998070206617951e-06 -8.714918409501203e-17
28 0 -5.809541524822266e-15 3.951081764636041e-04
29 0 -4.664196729218268e-05 2.915498017667292e-18
30 0 -7.760133606425114e-15 6.603387798494896e-04
31 0 -1.535867881055767e-04 7.396546627284287e-17
32 0 -3.336369868655521e-16 1.278690845888102e-03
33 0 -5.006517267338959e-04 8.243118840382567e-17
34 0 3.907033914533238e-15 3.080765451573193e-03
35 0 -2.116307734662343e-03 1.619779210311756e-17
36 0 1.233754834550141e-15 1.046047400748087e-02
37 0 -1.297505473224589e-02 -1.033217311119930e-16
38 0 2.719659473646799e-15 5.543657997932187e-02
39 0 -1.089940278542931e-01 -1.717620126638535e-16
0 1 2.774353790895605e-15 -5.542684599686459e-02
1 1 1.298629689378824e-02 2.015455568190275e-16
2 1 4.516463192148790e-15 9.729952424786449e-06
3 1 5.738235648512107e-03 1.116795653744214e-16
4 1 4.850595001085165e-15 2.122722152951480e-03
5 1 2.089581772242245e-03 1.862533331098836e-18
6 1 2.679558325480341e-15 1.259573093262018e-03
7 1 8.430212013558571e-04 -7.112543160826467e-17
8 1 5.681684400894182e-15 7.152201661129811e-04
9 1 3.954062437856362e-04 -7.300390074268196e-17
10 1 9.027142775804277e-15 4.375697941960290e-04
11 1 2.147946940923594e-04 -1.325099667933551e-17
12 1 1.456089755483030e-15 2.924404348536848e-04
13 1 1.325876018932932e-04 6.498029836917564e-17
14 1 1.443878189689536e-15 2.137934850413503e-04
15 1 9.004044985031040e-05 1.071083129466648e-16
16 1 -3.866025337257588e-15 1.716882508273128e-04
17 1 6.381346828775682e-05 8.227351871759484e-17
18 1 -1.011732199662131e-14 1.526533097669716e-04
19 1 4.294643529762511e-05 3.537932977302116e-18
20 1 -4.587459505701703e-15 1.514667510650225e-04
21 1 2.065425423862198e-05 -8.539189762320000e-17
22 1 -6.749769477293226e-16 1.682238861876288e-04
23 1 -9.727080789490312e-06 -1.301003387717513e-16
24 1 4.309820654447594e-15 2.083181364945076e-04
25 1 -5.881981870875276e-05 -1.025310883636434e-16
26 1 -1.267685727271707e-15 2.853406926093798e-04
27 1 -1.494770321723767e-04 -1.849539620896078e-17
28 1 -2.976328299284172e-15 4.292822131267381e-04
29 1 -3.398988594463562e-04 7.002941807144138e-17
30 1 1.736439020548945e-15 7.061614833073418e-04
31 1 -7.981717942900064e-04 1.065715678567002e-16
32 1 2.356331260690244e-15 1.250086101237250e-03
33 1 -2.055825365942082e-03 6.434212116495028e-17
34 1 1.128739177980113e-14 2.113046508611683e-03
35 1 -5.715729277608441e-03 -4.083934867196811e-17
36 1 1.155814267568743e-14 5.008297571735039e-17
37 1 -1.297505473224566e-02 -1.549441885085790e-16
38 1 2.448357504653807e-15 -5.543657997932175e-02
39 1 4.499261894105194e-02 -2.134191037408711e-16
0 2 1.949593750162305e-15 -1.044099395244571e-02
1 2 2.133173359959201e-03 1.485844755777183e-16
2 2 4.611008103934888e-15 -2.093556475902588e-03
3 2 2.084080720734711e-03 4.781264871559936e-17
4 2 1.755254901398213e-15 1.934688887582884e-05
5 2 1.188007544227337e-03 -3.965283729470079e-17
6 2 -8.833285243878574e-15 3.406930541807045e-04
7 2 6.419361722495918e-04 -6.367192837836218e-17
8 2 1.439537290787805e-16 3.144554292883531e-04
9 2 3.627774583040710e-04 -1.360718115842722e-17
10 2 2.205740505753727e-16 2.478557786038889e-04
11 2 2.197788964300918e-04 7.605712116110006e-17
12 2 1.983794218692971e-15 1.946382306700571e-04
13 2 1.419568801209168e-04 1.477632376297916e-16
14 2 -4.821761387294925e-15 1.592549103672514e-04
15 2 9.473225401361384e-05 1.538820364176812e-16
16 2 -1.037667713908521e-14 1.386951267055149e-04
17 2 6.050421905174348e-05 8.749890038906594e-17
18 2 -1.940207574022194e-15 1.304687314704729e-04
19 2 2.886897955759244e-05 -1.473729950997143e-17
20 2 -3.326679132939553e-15 1.338535804597209e-04
21 2 -8.495526509984515e-06 -9.521931536090610e-17
22 2 4.629556395970899e-15 1.499721760294995e-04
23 2 -6.169251081330060e-05 -1.065090806473613e-16
24 2 2.375503273079322e-15 1.816329806030615e-04
25 2 -1.477896315806556e-04 -4.315263764746845e-17
26 2 -2.219318402882575e-15 2.320255048312299e-04
27 2 -3.007138457956460e-04 5.383108278754528e-17
28 2 -1.389633485015603e-15 2.967186417071590e-04
29 2 -5.908017290642348e-04 1.223667408619224e-16
30 2 -5.180683048586162e-15 3.218523180340509e-04
31 2 -1.148266296435580e-03 1.160854839008329e-16
32 2 4.798246258294493e-15 -1.037228858567208e-16
33 2 -2.055825365941899e-03 2.976625566394955e-17
34 2 1.107071603350725e-14 -2.113046508611742e-03
35 2 -2.116307734661896e-03 -9.332789259147534e-17
36 2 7.857784129928710e-16 -1.046047400748080e-02
37 2 6.958172264269857e-03 -1.900820143284692e-16
38 2 -4.939789160001533e-15 -9.729952424737264e-06
39 2 6.952568634078444e-03 -2.125492428442396e-16
0 3 7.269996696929109e-15 -3.051464670855480e-03
1 3 5.231203365287764e-04 5.910224851599066e-17
2 3 -1.203232837878202e-15 -1.220679226353253e-03
3 3 8.323656629374356e-04 -3.359093448939807e-17
4 3 -7.800229030954266e-15 -2.926712648942090e-04
5 3 6.370597358664174e-04 -7.611063302507334e-17
6 3 -8.919653891843545e-15 2.823401243318031e-05
7 3 4.253448499856156e-04 -4.004526209864115e-17
8 3 -7.382598328610611e-15 1.171597702097903e-04
9 3 2.794038932970527e-04 5.446459376162326e-17
10 3 -1.605853576842181e-15 1.308710124147204e-04
11 3 1.871528508643914e-04 1.525251851433791e-16
12 3 1.722918020721012e-15 1.236137627285856e-04
13 3 1.274492276933801e-04 1.954854444286745e-16
14 3 8.050179256625272e-15 1.131006062125745e-04
15 3 8.462927908728421e-05 1.558683909807139e-16
16 3 -2.660010927698195e-16 1.050049516145210e-04
17 3 4.803489808336306e-05 5.417070669563778e-17
18 3 -4.516502438186048e-16 1.011386692113746e-04
19 3 9.569597192671092e-06 -5.149844971733618e-17
20 3 2.731531250604953e-15 1.018512687882518e-04
21 3 -3.864639845755206e-05 -1.024088125502712e-16
22 3 1.620533904475156e-15 1.059532036497972e-04
23 3 -1.066766088385459e-04 -7.220299368803086e-17
24 3 7.718561511868473e-16 1.081881700051411e-04
25 3 -2.093579731613003e-04 1.913699359331321e-17
26 3 -2.871361806977847e-15 9.099033093403413e-05
27 3 -3.669578493435816e-04 1.123262304413140e-16
28 3 -2.403928699937212e-15 -1.492402891021290e-16
29 3 -5.908017290642911e-04 1.497302834949317e-16
30 3 -5.216726759752998e-15 -3.218523180343430e-04
31 3 -7.981717942898588e-04 1.032238354501131e-16
32 3 2.074242785151120e-15 -1.250086101237441e-03
33 3 -5.006517267334151e-04 -3.999324327693206e-18
34 3 3.315228650683220e-15 -3.080765451573242e-03
35 3 1.591242430270957e-03 -1.152334434341809e-16
36 3 -5.548968373507688e-15 -2.122722152951375e-03
37 3 3.303966047151987e-03 -1.726400875031368e-16
38 3 -5.014788861356412e-15 2.093556475902662e-03
39 3 1.580124805734016e-03 -1.466901879153706e-16
0 4 1.096508184748902e-14 -1.239322668202943e-03
1 4 1.815836215990852e-04 -5.036171413668064e-17
2 4 5.618613163767293e-16 -6.664071671404497e-04
3 4 3.803420186978142e-04 -1.079210295051278e-16
4 4 -8.294790305557890e-15 -2.572151513428301e-04
5 4 3.543621670996443e-04 -9.059522164876234e-17
6 4 -1.082063839880566e-14 -5.301776284903969e-05
7 4 2.765296731297433e-04 -2.198396586171007e-18
8 4 5.973666580125548e-16 3.456015135815014e-05
9 4 2.048396310745522e-04 1.115281151809176e-16
10 4 7.723622642530581e-15 6.739838091612477e-05
11 4 1.494885765691195e-04 1.889444873215769e-16
12 4 4.448385505107326e-15 7.641943581631578e-05
13 4 1.067355254870785e-04 1.846227696287448e-16
14 4 2.708968148686259e-15 7.561545004642734e-05
15 4 7.031955016307168e-05 1.010474717329880e-16
16 4 7.870694099547309e-16 7.101112601812875e-05
17 4 3.431776346082109e-05 -1.440762030047774e-17
18 4 -4.082195293971204e-17 6.464235692872930e-05
19 4 -6.662133001392248e-06 -9.794831364212894e-17
20 4 -1.134330287480404e-15 5.554762644814043e-05
21 4 -5.792120876691913e-05 -1.036604589042433e-16
22 4 5.948482294678328e-15 3.852700001406712e-05
23 4 -1.246519302498664e-04 -3.069536934641821e-17
24 4 4.501701675557846e-15 -2.533849311439255e-17
25 4 -2.093579731615552e-04 7.544636907881474e-17
26 4 -2.674969306138756e-15 -9.099033093423501e-05
27 4 -3.007138457959681e-04 1.501811517254907e-16
28 4 -1.223495044689259e-15 -2.967186417074306e-04
29 4 -3.398988594464795e-04 1.498739445430346e-16
30 4 1.632135627232256e-15 -7.061614833075838e-04
31 4 -1.535867881053183e-04 7.587386149671618e-17
32 4 -8.217653572141456e-16 -1.278690845888247e-03
33 4 5.287388923247094e-04 -2.850075500418262e-17
34 4 -3.436502377061100e-15 -1.259573093261889e-03
35 4 1.373536839277871e-03 -1.028713805025284e-16
36 4 -2.380641949922956e-15 -1.934688887569988e-05
37 4 1.368151309305475e-03 -1.087217103401116e-16
38 4 8.898987553217525e-16 1.220679226353332e-03
39 4 5.123565403489337e-04 -4.101958034154125e-17
0 5 3.171997767653644e-15 -6.102985513632654e-04
1 5 8.000819775787543e-05 -1.356633873153407e-16
2 5 -1.409241673332924e-15 -3.782561406982074e-04
3 5 1.966727269282673e-04 -1.424113292488516e-16
4 5 -7.899945092499355e-15 -1.811725849148719e-04
5 5 2.102239980386716e-04 -7.428172028009962e-17
6 5 1.623209288624736e-15 -5.967277483778940e-05
7 5 1.850034992753145e-04 3.867152926379404e-17
8 5 4.770528478479365e-15 4.622282310085079e-06
9 5 1.514592932903234e-04 1.373306348410345e-16
10 5 5.948922081484323e-15 3.430364086473885e-05
11 5 1.192949310013164e-04 1.675342496309901e-16
12 5 8.122687111328085e-15 4.448477411103698e-05
13 5 8.923158840384332e-05 1.145177457947287e-16
14 5 -2.799278543911557e-15 4.367180652853817e-05
15 5 5.896824644718880e-05 7.043314017182962e-18
16 5 -9.100781115162050e-15 3.599352178736907e-05
17 5 2.567642187503715e-05 -9.396541334841807e-17
18 5 -6.055936667253267e-15 2.231192930531262e-05
19 5 -1.296897330224064e-05 -1.310347384793031e-16
20 5 2.256790686065674e-15 1.166877650678463e-16
21 5 -5.792120876716483e-05 -8.552035647203096e-17
22 5 6.214900748941613e-15 -3.852700001395742e-05
23 5 -1.066766088390798e-04 1.606757583177352e-17
24 5 1.268913103455890e-15 -1.081881700051866e-04
25 5 -1.477896315813181e-04 1.144921341731190e-16
26 5 -1.707046985022232e-15 -2.320255048313906e-04
27 5 -1.494770321728904e-04 1.559094363092290e-16
28 5 -2.716754614363252e-15 -4.292822131269306e-04
29 5 -4.664196729231602e-05 1.223412943799057e-16
30 5 -7.926590568992266e-15 -6.603387798496353e-04
31 5 2.351047267985743e-04 3.913044352361632e-17
32 5 -6.230226519006691e-15 -7.152201661128801e-04
33 5 6.267878724677953e-04 -3.979940513845193e-17
34 5 8.262943781306869e-15 -3.406930541805655e-04
35 5 8.223344841326904e-04 -6.449356938692557e-17
36 5 7.388504125721051e-15 2.926712648943366e-04
37 5 6.165891391788393e-04 -2.109456029964821e-17
38 5 -7.353322360161783e-16 6.664071671405194e-04
39 5 2.139779460174026e-04 6.409326679764659e-17
0 6 9.127251058088756e-15 -3.331420243003386e-04
1 6 4.148361033313281e-05 -1.674537787124152e-16
2 6 4.684631307748570e-15 -2.213013651261903e-04
3 6 1.136163696328828e-04 -1.287987328743138e-16
4 6 -9.451669687309403e-15 -1.175723146116806e-04
5 6 1.351595521882940e-04 -3.433915889802517e-17
6 6 -1.328991900147622e-15 -4.545642033316782e-05
7 6 1.318088479040439e-04 6.744114599681818e-17
8 6 2.012980163313095e-15 -3.399284113132933e-06
9 6 1.183202739273936e-04 1.213858036367138e-16
10 6 4.361222609794995e-15 1.629625615761932e-05
11 6 1.005343282979466e-04 9.902487012145716e-17
12 6 1.192409783586512e-15 2.060205525033785e-05
13 6 7.953694902589794e-05 1.414498030387186e-17
14 6 7.390248188337057e-16 1.432391193668120e-05
15 6 5.472720579338084e-05 -8.673396366048907e-17
16 6 8.437162637801151e-16 1.203679258852275e-16
17 6 2.567642187499540e-05 -1.441522284486930e-16
18 6 -5.936597559264590e-15 -2.231192930504526e-05
19 6 -6.662133001690062e-06 -1.273255494406391e-16
20 6 -7.256741897471687e-16 -5.554762644793525e-05
21 6 -3.864639845818659e-05 -4.506236863052675e-17
22 6 2.318021497594911e-15 -1.059532036497099e-04
23 6 -6.169251081415743e-05 5.648261300256270e-17
24 6 3.177628719449798e-15 -1.816329806030870e-04
25 6 -5.881981870957045e-05 1.232183864324625e-16
26 6 -6.388835194060017e-16 -2.853406926094624e-04
27 6 -2.998070207128255e-06 1.226088189154435e-16
28 6 -5.574634751676219e-15 -3.951081764636780e-04
29 6 1.310042193970094e-04 6.651609557369888e-17
30 6 -9.204408082991597e-15 -4.375697941959914e-04
31 6 3.243261320530669e-04 -6.129095663134418e-18
32 6 -4.376476452569262e-16 -3.144554292882576e-04
33 6 4.766861601912167e-04 -4.350834483310772e-17
34 6 8.662990100519567e-15 -2.823401243306023e-05
35 6 4.722555843388392e-04 -1.756856738505905e-17
36 6 8.162045968472414e-15 2.572151513429303e-04
37 6 3.104589709226626e-04 5.667522724130269e-17
38 6 1.394890504499715e-15 3.782561406982585e-04
39 6 1.060548449968831e-04 1.348129436798436e-16
0 7 1.808095493755792e-14 -1.894385827896142e-04
1 7 2.453880890069440e-05 -1.418246127776752e-16
2 7 9.140667457953252e-15 -1.282265434474002e-04
3 7 7.361952141328013e-05 -7.741828860420827e-17
4 7 -3.682476167123722e-15 -6.960419901377199e-05
5 7 9.668507691388502e-05 9.518834789085943e-18
6 7 -1.246454330048362e-15 -2.711223172388442e-05
7 7 1.042253918183114e-04 7.051548010928964e-17
8 7 1.994950280327871e-17 -3.049231952732787e-06
9 7 1.025988512493876e-04 7.157049957188958e-17
10 7 5.318463263275600e-16 4.835582778472550e-06
11 7 9.422337619020893e-05 1.267883414440409e-17
12 7 -1.546043058915555e-15 1.874552695820094e-17
13 7 7.953694902606318e-05 -7.341764879925807e-17
14 7 6.319608997903566e-16 -1.432391193654279e-05
15 7 5.896824644733608e-05 -1.370165621238798e-16
16 7 -9.102955201957822e-15 -3.599352178717051e-05
17 7 3.431776346072759e-05 -1.415146645825359e-16
18 7 2.544593851207544e-16 -6.464235692853674e-05
19 7 9.569597192211074e-06 -8.394052317924269e-17
20 7 3.374827063559133e-15 -1.018512687881169e-04
21 7 -8.495526510756339e-06 2.950375427358236e-18
22 7 5.484755670149486e-15 -1.499721760294377e-04
23 7 -9.727080790356772e-06 7.405177215417777e-17
24 7 5.119632601807367e-15 -2.083181364944888e-04
25 7 1.876541330865476e-05 9.181843899407422e-17
26 7 2.180498022928626e-15 -2.656771441444414e-04
27 7 8.718076424470931e-05 5.335462686830262e-17
28 7 -1.315338159905936e-15 -2.924404348537214e-04
29 7 1.890537308019071e-04 -9.692481030812899e-18
30 7 -1.883575739217480e-16 -2.478557786038665e-04
31 7 2.873200826828456e-04 -5.330732866022297e-17
32 7 7.402705885935264e-15 -1.171597702097235e-04
33 7 3.270928054834449e-04 -4.363990797058263e-17
34 7 1.089567621525118e-14 5.301776284911958e-05
35 7 2.803719461038456e-04 1.670498698962564e-17
36 7 8.023850288931096e-15 1.811725849149332e-04
37 7 1.735043648755493e-04 9.613405072379931e-17
38 7 -4.578847353951160e-15 2.213013651262182e-04
39 7 5.987959626683991e-05 1.491009124844034e-16
0 8 1.963646195052541e-15 -1.044336552781692e-04
1 8 1.666858755392034e-05 -7.555019653481155e-17
2 8 4.830787580852125e-15 -6.700914387471762e-05
3 8 5.504873324597585e-05 -1.357007401459237e-17
4 8 -6.338278253502201e-15 -3.224854009939555e-05
5 8 8.024841493318533e-05 3.909250585048374e-17
6 8 -8.538967631183052e-15 -8.915714826572807e-06
7 8 9.569088599823479e-05 5.074700861694231e-17
8 8 1.535837230992197e-16 -5.047143551271314e-17
9 8 1.025988512495952e-04 1.255552685175837e-17
10 8 3.246874098360315e-16 -4.835582778529642e-06
11 8 1.005343282983551e-04 -5.306213903261605e-17
12 8 8.428992802866890e-16 -2.060205525032853e-05
13 8 8.923158840429655e-05 -1.090349766676063e-16
14 8 -3.097343596639136e-15 -4.367180652847351e-05
15 8 7.031955016334781e-05 -1.231190956342405e-16
16 8 7.483458770639106e-16 -7.101112601804073e-05
17 8 4.803489808329647e-05 -8.717217844812450e-17
18 8 -1.262813167005886e-16 -1.011386692112943e-04
19 8 2.886897955716983e-05 -2.187155117330792e-17
20 8 -2.706790085003561e-15 -1.338535804596614e-04
21 8 2.065425423799740e-05 3.648736867174095e-17
22 8 2.831364002586970e-17 -1.682238861875746e-04
23 8 3.122570374002586e-05 5.328746230054888e-17
24 8 5.059049421432945e-15 -1.990619393960812e-04
25 8 6.573098154095149e-05 2.220247274251647e-17
26 8 -1.198883200459413e-15 -2.137934850414304e-04
27 8 1.215283106195154e-04 -3.607799767640768e-17
28 8 -1.768347612398724e-15 -1.946382306700977e-04
29 8 1.829628758029552e-04 -8.247256534963629e-17
30 8 1.844166125644858e-15 -1.308710124147200e-04
31 8 2.237987917389604e-04 -8.768913675224738e-17
32 8 -3.077137484846052e-16 -3.456015135812468e-05
33 8 2.221242678213629e-04 -4.319415871316953e-17
34 8 -1.306476050715726e-15 5.967277483781940e-05
35 8 1.767956831740107e-04 2.921337523736755e-17
36 8 9.720187312934669e-15 1.175723146116994e-04
37 8 1.074651477495296e-04 9.019819871175602e-17
38 8 -8.990409846579128e-15 1.282265434474052e-04
39 8 3.827563927518076e-05 1.083798683770023e-16
0 9 3.154232025555056e-15 -4.669197422513483e-05
1 9 1.347881194775617e-05 -2.574994422864615e-19
2 9 -2.488350201022692e-15 -2.084995117300871e-05
3 9 4.959198670579229e-05 3.553632044819871e-17
4 9 -6.462951651909263e-15 -3.878222290616282e-17
5 9 8.024841493325302e-05 4.511313090521717e-17
6 9 -8.659214660230501e-15 8.915714826474985e-06
7 9 1.042253918186007e-04 1.937557512386753e-17
8 9 -3.302585586812350e-16 3.049231952637198e-06
9 9 1.183202739279404e-04 -2.772580559861264e-17
10 9 3.807493583827053e-15 -1.629625615769809e-05
11 9 1.192949310020015e-04 -6.889179482252251e-17
12 9 7.524212518354139e-15 -4.448477411109582e-05
13 9 1.067355254876921e-04 -8.138422467659472e-17
14 9 2.278954660891498e-15 -7.561545004647415e-05
15 9 8.462927908764100e-05 -5.582236706698518e-17
16 9 -3.804179667576868e-16 -1.050049516145598e-04
17 9 6.050421905177269e-05 -9.810029392736065e-18
18 9 -1.738113263627950e-15 -1.304687314704949e-04
19 9 4.294643529740649e-05 2.889828092249087e-17
20 9 -4.215291513553061e-15 -1.514667510650117e-04
21 9 3.910701417189946e-05 3.398252679865484e-17
22 9 4.673298382923531e-15 -1.666707336782703e-04
23 9 5.282363995605709e-05 -4.901701926423631e-19
24 9 3.951085789940239e-15 -1.716882508273860e-04
25 9 8.286205739546806e-05 -5.930251689523849e-17
26 9 4.967489090614361e-15 -1.592549103673143e-04
27 9 1.213794539383780e-04 -1.097844698310823e-16
28 9 -1.464308349967847e-15 -1.236137627286308e-04
29 9 1.546968850336999e-04 -1.260275355318470e-16
30 9 -7.349655260437791e-15 -6.739838091615351e-05
31 9 1.685958336339262e-04 -9.770034315775304e-17
32 9 -4.340371537441004e-15 -4.622282310103224e-06
33 9 1.560905468199338e-04 -3.952679476762849e-17
34 9 1.717311649731007e-15 4.545642033315219e-05
35 9 1.212178256735083e-04 1.785686202499410e-17
36 9 3.947512857292981e-15 6.960419901375787e-05
37 9 7.511777719186892e-05 4.709475188460902e-17
38 9 -4.722284413475252e-15 6.700914387470819e-05
39 9 2.839871090988688e-05 3.702584718184330e-17
0 10 1.075849380647145e-15 -1.517859316773433e-17
1 10 1.347881194764079e-05 5.279436533402327e-17
2 10 -2.426001180594729e-15 2.084995117297043e-05
3 10 5.504873324591820e-05 5.343291669143732e-17
4 10 -6.391994533220824e-15 3.224854009934876e-05
5 10 9.668507691405161e-05 3.042692311718034e-17
6 10 -1.552636661975915e-15 2.711223172382438e-05
7 10 1.318088479045078e-04 -4.815749733887023e-18
8 10 1.441494894781457e-15 3.399284113051490e-06
9 10 1.514592932910112e-04 -3.145330593554552e-17
10 10 5.232453072216700e-15 -3.430364086484794e-05
11 10 1.494885765698564e-04 -3.371655034868609e-17
12 10 3.778209847588978e-15 -7.641943581645030e-05
13 10 1.274492276939793e-04 -8.917078854659163e-18
14 10 7.591522221027698e-15 -1.131006062127194e-04
15 10 9.473225401396995e-05 2.734797479046573e-17
16 10 -1.056830507073154e-14 -1.386951267056433e-04
17 10 6.381346828789297e-05 5.106156494184614e-17
18 10 -1.011810699228880e-14 -1.526533097670506e-04
19 10 4.473067647399716e-05 4.345916583477872e-17
20 10 -9.748021172161987e-17 -1.569302648375608e-04
21 10 4.226137532489100e-05 1.429191973973901e-18
22 10 9.885197945336361e-15 -1.526533097669942e-04
23 10 5.575470756037548e-05 -5.942351198889660e-17
24 10 1.024842285312353e-14 -1.386951267055502e-04
25 10 7.995525071966985e-05 -1.128813028415294e-16
26 10 -7.991145432092882e-15 -1.131006062126173e-04
27 10 1.062713440783486e-04 -1.347536070929697e-16
28 10 -4.187724197876128e-15 -7.641943581636524e-05
29 10 1.251730110071930e-04 -1.188697754211948e-16
30 10 -5.558855598793808e-15 -3.430364086479268e-05
31 10 1.296914993987959e-04 -7.702415375398834e-17
32 10 -1.617614827123353e-15 3.399284113081639e-06
33 10 1.181181712172107e-04 -3.213209655722658e-17
34 10 1.528621222198474e-15 2.711223172384192e-05
35 10 9.371962790010748e-05 -7.398650368314687e-18
36 10 6.458084437009913e-15 3.224854009936770e-05
37 10 6.162971163882749e-05 -1.040305437570323e-17
38 10 2.492616267253152e-15 2.084995117299703e-05
39 10 2.551653686757750e-05 -3.236776447739427e-17
0 11 3.416960931278890e-15 4.669197422513805e-05
1 11 1.666858755361131e-05 6.599323825786599e-17
2 11 5.005181387690410e-15 6.700914387474432e-05
3 11 7.361952141316502e-05 4.010236411921286e-17
4 11 -3.748964385849702e-15 6.960419901380052e-05
5 11 1.351595521884730e-04 8.069441048763521e-18
6 11 -1.686022572763377e-15 4.545642033316483e-05
7 11 1.850034992757611e-04 -9.580560788975491e-18
8 11 4.193830132632744e-15 -4.622282310147271e-06
9 11 2.048396310751311e-04 -1.382185234395009e-18
10 11 7.086825329008681e-15 -6.739838091625564e-05
11 11 1.871528508649383e-04 2.966058935778937e-17
12 11 1.184098849672721e-15 -1.236137627287657e-04
13 11 1.419568801213210e-04 6.648165620022790e-17
14 11 -5.186329089037158e-15 -1.592549103674384e-04
15 11 9.004044985056676e-05 8.621428631404919e-17
16 11 -4.088439119901803e-15 -1.716882508274638e-04
17 11 4.992677507245682e-05 7.226058488548102e-17
18 11 -4.772019443502260e-15 -1.666707336782880e-04
19 11 3.032899071815206e-05 2.644573187406533e-17
20 11 4.075894911446947e-15 -1.514667510649820e-04
21 11 3.082322303746174e-05 -3.382859585118052e-17
22 11 1.493680448925012e-15 -1.304687314704457e-04
23 11 4.580269890126087e-05 -8.448581484022745e-17
24 11 2.175421108220390e-17 -1.050049516145203e-04
25 11 6.766124244296656e-05 -1.066092560822635e-16
26 11 -2.696191541782091e-15 -7.561545004645629e-05
27 11 8.876222134499030e-05 -9.619228486162080e-17
28 11 -7.904961361771481e-15 -4.448477411109115e-05
29 11 1.030202825594121e-04 -6.588439483183827e-17
30 11 -4.080834276413002e-15 -1.629625615768648e-05
31 11 1.071511511562498e-04 -3.713406729562452e-17
32 11 1.798580667581156e-16 3.049231952670711e-06
33 11 1.008383763601989e-04 -2.551329426623829e-17
34 11 8.579396965773698e-15 8.915714826530357e-06
35 11 8.539590530430887e-05 -3.585324368129157e-17
36 11 6.368063955204203e-15 1.958776135518198e-17
37 11 6.162971163902278e-05 -5.782748767502445e-17
38 11 2.312942465823358e-15 -2.084995117297304e-05
39 11 2.839871091021835e-05 -7.198363971367601e-17
0 12 2.404117590679584e-15 1.044336552782541e-04
1 12 2.453880890028702e-05 4.161947809160826e-17
2 12 9.389959751894163e-15 1.282265434475226e-04
3 12 1.136163696327179e-04 6.807479608629701e-18
4 12 -9.467197374884506e-15 1.175723146117915e-04
5 12 2.102239980387534e-04 -9.015187182154143e-18
6 12 1.379326523333809e-15 5.967277483783863e-05
7 12 2.765296731299766e-04 3.706376398337375e-18
8 12 2.399613760022827e-16 -3.456015135819146e-05
9 12 2.794038932973021e-04 4.206167085957949e-17
10 12 -1.943505092963387e-15 -1.308710124148427e-04
11 12 2.197788964302665e-04 8.561552508765893e-17
12 12 1.735406516970629e-15 -1.946382306702227e-04
13 12 1.325876018933911e-04 1.093740673699298e-16
14 12 1.270080796547576e-15 -2.137934850415075e-04
15 12 5.722571969528687e-05 9.810640798478351e-17
16 12 -4.924279426079118e-15 -1.990619393960950e-04
17 12 1.342134541317555e-05 5.642477051704735e-17
18 12 7.846624721583183e-17 -1.682238861875489e-04
19 12 8.105489811819738e-07 1.595847149353973e-18
20 12 2.700967137408363e-15 -1.338535804596381e-04
21 12 9.981016748047652e-06 -4.087626360789415e-17
22 12 -2.998195935223593e-17 -1.011386692113132e-04
23 12 3.064075291122289e-05 -5.398252276375836e-17
24 12 -1.016473491634797e-15 -7.101112601810752e-05
25 12 5.453518669956952e-05 -3.904157237986807e-17
26 12 2.806273031862006e-15 -4.367180652855971e-05
27 12 7.591226129585500e-05 -1.149635793939629e-17
28 12 -1.070862511810465e-15 -2.060205525038870e-05
29 12 9.143155117451011e-05 6.565484489942403e-18
30 12 -4.576550798872437e-16 -4.835582778530914e-06
31 12 9.980702622803664e-05 2.160601539301216e-18
32 12 -2.359979353521249e-16 8.348888152753081e-18
33 12 1.008383763603265e-04 -2.405143080415348e-17
34 12 8.424206692870413e-15 -8.915714826490542e-06
35 12 9.371962790044239e-05 -5.679982871474037e-17
36 12 6.106362692989621e-15 -3.224854009934255e-05
37 12 7.511777719237695e-05 -7.697553397827489e-17
38 12 -5.193699668767714e-15 -6.700914387473250e-05
39 12 3.827563927572300e-05 -7.112580443090559e-17
0 13 1.855042698476302e-14 1.894385827897860e-04
1 13 4.148361033275233e-05 -4.344138695858720e-18
2 13 4.956962238651503e-15 2.213013651263900e-04
3 13 1.966727269280679e-04 -2.589169099920650e-17
4 13 -7.807216690919261e-15 1.811725849150345e-04
5 13 3.543621670995516e-04 -1.541056183336362e-17
6 13 -1.081794693483283e-14 5.301776284911784e-05
7 13 4.253448499855164e-04 2.457379577171214e-17
8 13 -7.369564024815995e-15 -1.171597702098033e-04
9 13 3.627774583038937e-04 7.354845246289473e-17
10 13 2.919147234486786e-16 -2.478557786039652e-04
11 13 2.147946940921219e-04 1.033701732639012e-16
12 13 1.555888545292210e-15 -2.924404348537767e-04
13 13 7.172897114885234e-05 1.004384410127974e-16
14 13 -1.825538269573787e-15 -2.656771441444265e-04
15 13 -1.435082520415220e-05 6.728171094141444e-17
16 13 -4.741787696799881e-15 -2.083181364944311e-04
17 13 -4.341313677876256e-05 2.274563020760102e-17
18 13 -5.202173789817412e-15 -1.499721760293974e-04
19 13 -3.627814526823837e-05 -6.353219255227373e-18
20 13 -3.254892141197227e-15 -1.018512687881510e-04
21 13 -1.191297809308912e-05 -4.928356985952634e-18
22 13 -2.892378548452810e-16 -6.464235692865903e-05
23 13 1.777735079100967e-05 2.271742710958296e-17
24 13 8.991061380952273e-15 -3.599352178734402e-05
25 13 4.645729137717610e-05 5.709627775903770e-17
26 13 -7.206074467425426e-16 -1.432391193669554e-05
27 13 7.126703461449667e-05 7.430872753957353e-17
28 13 1.536952284244094e-15 -5.113545713993061e-17
29 13 9.143155117449004e-05 6.019054494886059e-17
30 13 -4.854827135915108e-16 4.835582778503941e-06
31 13 1.071511511563539e-04 1.840235133647349e-17
32 13 -4.378500391282659e-18 -3.049231952638899e-06
33 13 1.181181712175323e-04 -3.144358802389506e-17
34 13 1.132774287719970e-15 -2.711223172380269e-05
35 13 1.212178256740316e-04 -6.364543805386845e-17
36 13 3.391511568316219e-15 -6.960419901376903e-05
37 13 1.074651477501410e-04 -6.387472931713415e-17
38 13 -9.574800105881577e-15 -1.282265434475017e-04
39 13 5.987959626738970e-05 -3.447924615618531e-17
0 14 9.474078721233833e-15 3.331420243005547e-04
1 14 8.000819775763634e-05 -4.901702085665078e-17
2 14 -1.160719139625217e-15 3.782561406984239e-04
3 14 3.803420186976030e-04 -4.657277561285820e-17
4 14 -8.063560454975079e-15 2.572151513429921e-04
5 14 6.370597358661296e-04 -1.003017112449404e-17
6 14 -8.621129438536086e-15 -2.823401243309615e-05
7 14 6.419361722491605e-04 3.887791149055523e-17
8 14 5.376429628727374e-16 -3.144554292883273e-04
9 14 3.954062437850977e-04 7.317412687707974e-17
10 14 9.461141830165646e-15 -4.375697941960218e-04
11 14 1.064889929882949e-04 7.621407050040851e-17
12 14 5.993919652297030e-15 -3.951081764636254e-04
13 14 -6.637235654982017e-05 4.948804666145688e-17
14 14 1.146269233519595e-15 -2.853406926093490e-04
15 14 -1.186954941537852e-04 1.454860431858677e-17
16 14 -2.706304913105276e-15 -1.816329806029852e-04
17 14 -1.053862504149605e-04 -3.276188902980538e-18
18 14 -1.987769299392737e-15 -1.059532036496991e-04
19 14 -6.774807202576362e-05 1.268037457401190e-17
20 14 8.897953446707484e-16 -5.554762644805269e-05
21 14 -2.585077168516563e-05 5.674929210013466e-17
22 14 5.989278317729662e-15 -2.231192930525801e-05
23 14 1.279462349278570e-05 1.058362854443917e-16
24 14 -8.012273131902358e-16 -1.028248962177863e-16
25 14 4.645729137704124e-05 1.317219074075882e-16
26 14 -6.193884960704340e-16 1.432391193653989e-05
27 14 7.591226129568600e-05 1.169260725325842e-16
28 14 -9.866026006557166e-16 2.060205525032632e-05
29 14 1.030202825593506e-04 6.616329717668957e-17
30 14 -4.142393182250032e-15 1.629625615771370e-05
31 14 1.296914993989435e-04 3.158478577206624e-18
32 14 -1.890657432809214e-15 -3.399284113014013e-06
33 14 1.560905468202933e-04 -4.329521150156990e-17
34 14 1.266199418731773e-15 -4.545642033311650e-05
35 14 1.767956831744874e-04 -5.197371158427042e-17
36 14 9.200314369147046e-15 -1.175723146117520e-04
37 14 1.735043648760129e-04 -2.351178178227768e-17
38 14 -5.044502927471434e-15 -2.213013651263702e-04
39 14 1.060548449972341e-04 1.952855235520159e-17
0 15 3.296655720547213e-15 6.102985513634558e-04
1 15 1.815836215990414e-04 -7.420499525725167e-17
2 15 7.417016638646239e-16 6.664071671406134e-04
3 15 8.323656629372380e-04 -4.442654332740188e-17
4 15 -7.456815009130255e-15 2.926712648943231e-04
5 15 1.188007544226906e-03 9.435579930770806e-19
6 15 -8.309755664103326e-15 -3.406930541806312e-04
7 15 8.430212013552280e-04 3.688318992959580e-17
8 15 6.319741773374510e-15 -7.152201661129083e-04
9 15 2.034189436845182e-04 4.210327787024288e-17
10 15 8.199441369084852e-15 -6.603387798495651e-04
11 15 -1.800425382783941e-04 1.591246080042420e-17
12 15 3.140011010632461e-15 -4.292822131267656e-04
13 15 -2.633632458049768e-04 -1.959887025990936e-17
14 15 2.163981275863622e-15 -2.320255048312050e-04
15 15 -2.192871501776199e-04 -3.468781545954031e-17
16 15 -8.940097424177543e-16 -1.081881700050827e-04
17 15 -1.468955040933566e-04 -1.254960065962522e-17
18 15 -5.988139237708438e-15 -3.852700001400096e-05
19 15 -8.016478260699551e-05 4.535958694666802e-17
20 15 -2.151382455844651e-15 -6.726750065797255e-17
21 15 -2.585077168530375e-05 1.099414165473480e-16
22 15 6.132017033180621e-15 2.231192930507048e-05
23 15 1.777735079071693e-05 1.502407937464654e-16
24 15 9.251660115598553e-15 3.599352178718132e-05
25 15 5.453518669921411e-05 1.442135462944485e-16
26 15 3.076469909376865e-15 4.367180652848671e-05
27 15 8.876222134471248e-05 9.394785279577617e-17
28 15 -7.756309781397126e-15 4.448477411112591e-05
29 15 1.251730110070980e-04 2.431605866069661e-17
30 15 -5.601063187099981e-15 3.430364086489651e-05
31 15 1.685958336340265e-04 -3.068532906300549e-17
32 15 -4.553377918035600e-15 4.622282310203242e-06
33 15 2.221242678215789e-04 -4.646855136850346e-17
34 15 -1.593803144145974e-15 -5.967277483779354e-05
35 15 2.803719461040481e-04 -2.122485049571754e-17
36 15 7.775934707809426e-15 -1.811725849150113e-04
37 15 3.104589709227698e-04 2.682183975408660e-17
38 15 1.229275021613744e-15 -3.782561406984209e-04
39 15 2.139779460174284e-04 6.651116122632479e-17
0 16 1.084162822400984e-14 1.239322668203045e-03
1 16 5.231203365289160e-04 -6.339002090096985e-17
2 16 -1.099103034530266e-15 1.220679226353318e-03
3 16 2.084080720734552e-03 -1.655473320410198e-17
4 16 2.141546270087094e-15 -1.934688887578922e-05
5 16 2.089581772241791e-03 1.656939818721895e-17
6 16 3.277974815413948e-15 -1.259573093261960e-03
7 16 5.397765319526969e-04 1.889795318044754e-17
8 16 8.171334306717795e-16 -1.278690845888207e-03
9 16 -4.841367697146456e-04 -1.215713303387962e-17
10 16 -1.473762460107818e-15 -7.061614833074110e-04
11 16 -5.762907942668991e-04 -5.678915938041751e-17
12 16 1.475087538647877e-15 -2.967186417071828e-04
13 16 -4.194911413984102e-04 -8.266890710576634e-17
14 16 2.912820566595300e-15 -9.099033093402412e-05
15 16 -2.618912652234731e-04 -6.634127431847987e-17
16 16 -4.361662247339829e-15 4.665413552293619e-17
17 16 -1.468955040933750e-04 -7.958773738875736e-18
18 16 -5.921177089452270e-15 3.852700001397127e-05
19 16 -6.774807202594091e-05 6.836547614081205e-17
20 16 1.117329607949083e-15 5.554762644793602e-05
21 16 -1.191297809345746e-05 1.239605635474022e-16
22 16 8.859826041334795e-17 6.464235692853222e-05
23 16 3.064075291074747e-05 1.308349487655583e-16
24 16 -5.915338775155469e-16 7.101112601804816e-05
25 16 6.766124244252751e-05 8.843587513918959e-17
26 16 -2.355402640441908e-15 7.561545004650306e-05
27 16 1.062713440780658e-04 1.904493532853621e-17
28 16 -4.013830422686934e-15 7.641943581649897e-05
29 16 1.546968850335900e-04 -4.023705343762958e-17
30 16 -7.325308949666579e-15 6.739838091630880e-05
31 16 2.237987917389402e-04 -5.920913804328144e-17
32 16 -3.269209267923053e-16 3.456015135822896e-05
33 16 3.270928054833809e-04 -3.269650301333113e-17
34 16 1.094117840349615e-14 -5.301776284910941e-05
35 16 4.722555843386382e-04 2.068983763692841e-17
36 16 8.323307786827374e-15 -2.572151513430065e-04
37 16 6.165891391785189e-04 7.117081898417642e-17
38 16 -5.289697454954946e-16 -6.664071671406349e-04
39 16 5.123565403486188e-04 8.690174350267147e-17
0 17 6.994014171992227e-15 3.051464670855454e-03
1 17 2.133173359959446e-03 -1.212414527620989e-17
2 17 4.659242989668871e-15 2.093556475902536e-03
3 17 5.738235648512001e-03 2.666565323551095e-17
4 17 5.178923198772684e-15 -2.122722152951518e-03
5 17 2.144368986625911e-03 2.629635563225997e-17
6 17 -3.587519300299930e-15 -3.080765451573285e-03
7 17 -1.557594942459086e-03 -4.921319762607340e-18
8 17 -2.207845755869034e-15 -1.250086101237321e-03
9 17 -1.334087818891186e-03 -6.631657220214181e-17
10 17 5.184472093754289e-15 -3.218523180340902e-04
11 17 -7.766232515117905e-04 -1.153154134311055e-16
12 17 2.409053962240383e-15 1.327871182674262e-16
13 17 -4.194911413982622e-04 -1.202537937745023e-16
14 17 2.832874040996902e-15 9.099033093422002e-05
15 17 -2.192871501775015e-04 -7.442605937163105e-17
16 17 -8.943974952889828e-16 1.081881700051591e-04
17 17 -1.053862504150296e-04 1.902959756081352e-18
18 17 -1.796172014423714e-15 1.059532036496678e-04
19 17 -3.627814526854722e-05 6.867432150934811e-17
20 17 -2.869775043681464e-15 1.018512687880754e-04
21 17 9.981016747577717e-06 9.136921998008946e-17
22 17 4.437020981689163e-16 1.011386692112739e-04
23 17 4.580269890079210e-05 5.955405756749391e-17
24 17 4.387996016817591e-16 1.050049516145721e-04
25 17 7.995525071934047e-05 -6.191330467720219e-18
26 17 -7.724757122787869e-15 1.131006062127597e-04
27 17 1.213794539382176e-04 -6.752493973542979e-17
28 17 -1.336047861420975e-15 1.236137627288114e-04
29 17 1.829628758028737e-04 -9.012873932350541e-17
30 17 1.954027608875946e-15 1.308710124148700e-04
31 17 2.873200826826810e-04 -6.056883294522881e-17
32 17 7.630884459650665e-15 1.171597702097945e-04
33 17 4.766861601908397e-04 1.119593257062088e-18
34 17 9.078303489839416e-15 2.823401243305245e-05
35 17 8.223344841321014e-04 6.089476798005166e-17
36 17 7.932665115087349e-15 -2.926712648943817e-04
37 17 1.368151309304812e-03 8.578732743155133e-17
38 17 1.394551571246774e-15 -1.220679226353356e-03
39 17 1.580124805733479e-03 6.701147319370043e-17
0 18 1.638602656482404e-15 1.044099395244556e-02
1 18 1.298629689378849e-02 6.099942285833573e-17
2 18 4.533598037648481e-15 -9.729952424944932e-06
3 18 1.299191215769440e-02 7.453108356883901e-17
4 18 -1.188357983767665e-15 -1.046047400748095e-02
5 18 -6.935697248188635e-03 4.252674008652164e-17
6 18 -1.138129901046142e-14 -2.113046508611726e-03
7 18 -3.275793336518854e-03 -2.922844076406399e-17
8 18 -5.036431916861284e-15 8.849173585754142e-17
9 18 -1.334087818890963e-03 -1.055581388465626e-16
10 18 4.985797400947493e-15 3.218523180343398e-04
11 18 -5.762907942665155e-04 -1.441132814403507e-16
12 18 1.193409270858348e-15 2.967186417074136e-04
13 18 -2.633632458046181e-04 -1.248747533797180e-16
14 18 1.967457280159461e-15 2.320255048313452e-04
15 18 -1.186954941536372e-04 -5.774234786850491e-17
16 18 -2.676735204589909e-15 1.816329806030125e-04
17 18 -4.341313677889945e-05 1.342024437896168e-17
18 18 -4.928717437505261e-15 1.499721760293551e-04
19 18 8.105489808330761e-07 5.000308834909025e-17
20 18 3.106948961921835e-15 1.338535804596017e-04
21 18 3.082322303707931e-05 3.132687449252965e-17
22 18 1.862706426748451e-15 1.304687314704796e-04
23 18 5.575470756013437e-05 -2.967964533301825e-17
24 18 1.045734869905690e-14 1.386951267056688e-04
25 18 8.286205739542985e-05 -9.483959004049615e-17
26 18 5.017386524611033e-15 1.592549103674815e-04
27 18 1.215283106195867e-04 -1.241152979160893e-16
28 18 -1.747925698325565e-15 1.946382306702484e-04
29 18 1.890537308018957e-04 -9.783368442465688e-17
30 18 -1.675944992887078e-17 2.478557786039488e-04
31 18 3.243261320527923e-04 -2.920340071557399e-17
32 18 6.005217012166983e-18 3.144554292882647e-04
33 18 6.267878724672063e-04 4.414039542104740e-17
34 18 8.954993992522185e-15 3.406930541805403e-04
35 18 1.373536839277074e-03 8.048555955429375e-17
36 18 -1.609015433680215e-15 1.934688887570639e-05
37 18 3.303966047151211e-03 6.656165766211596e-17
38 18 -4.389810255279181e-15 -2.093556475902580e-03
39 18 6.952568634077898e-03 -2.779875799666269e-19
0 19 2.608058867147717e-15 5.542684599686440e-02
1 19 1.089996477716916e-01 1.481734172751183e-16
2 19 -2.777946515535793e-15 -5.543657997932187e-02
3 19 -4.498137910627345e-02 1.238817427404142e-16
4 19 -1.184594277694222e-14 -4.650745017532981e-17
5 19 -6.935697248188516e-03 5.438534185904755e-17
6 19 -1.156141618244072e-14 2.113046508611773e-03
7 19 -1.557594942458718e-03 -4.629723730889128e-17
8 19 -2.608601544408916e-15 1.250086101237484e-03
9 19 -4.841367697140670e-04 -1.215626764383212e-16
10 19 -1.982527216704970e-15 7.061614833076074e-04
11 19 -1.800425382778082e-04 -1.362083142243765e-16
12 19 2.705247543965076e-15 4.292822131269087e-04
13 19 -6.637235654943557e-05 -8.909691477715480e-17
14 19 9.613718134654379e-16 2.853406926093910e-04
15 19 -1.435082520408406e-05 -1.861207232264945e-17
16 19 -4.638543397969691e-15 2.083181364943876e-04
17 19 1.342134541297977e-05 3.159234231754494e-17
18 19 3.592497615414404e-16 1.682238861874849e-04
19 19 3.032899071789167e-05 2.849151985607450e-17
20 19 4.333892644823881e-15 1.514667510649661e-04
21 19 4.226137532478349e-05 -2.739917476214056e-17
22 19 9.953898838725822e-15 1.526533097670585e-04
23 19 5.282363995621349e-05 -1.004898440254167e-16
24 19 3.796712873604334e-15 1.716882508275069e-04
25 19 6.573098154130186e-05 -1.443873597776064e-16
26 19 -1.447659771761093e-15 2.137934850415468e-04
27 19 8.718076424504049e-05 -1.297497121490081e-16
28 19 -1.437174637727992e-15 2.924404348537740e-04
29 19 1.310042193970847e-04 -6.130891359786588e-17
30 19 -9.014420182005979e-15 4.375697941959624e-04
31 19 2.351047267982697e-04 2.306143417570192e-17
32 19 -5.684101705014561e-15 7.152201661128088e-04
33 19 5.287388923240817e-04 7.519605653234953e-17
34 19 -2.679011749877291e-15 1.259573093261849e-03
35 19 1.591242430270201e-03 6.504349427059535e-17
36 19 -4.807072855104908e-15 2.122722152951428e-03
37 19 6.958172264269254e-03 -1.235735928721371e-18
38 19 -4.410990236224947e-15 9.729952424903247e-06
39 19 4.499261894105167e-02 -8.499483954827825e-17
