0 0 7.500000000000006e-01 -7.422328845032653e-17
1 0 1.089968378129910e-01 8.332733407735250e-17
2 0 -1.466419802082773e-15 5.543657997932184e-02
3 0 1.298348344496914e-02 4.151158830202619e-17
4 0 -3.381374964646584e-16 1.046047400748092e-02
5 0 2.130338360643698e-03 -1.182640059166136e-17
6 0 -3.516780799906090e-15 3.080765451573355e-03
7 0 5.202141293433798e-04 -5.760532337666052e-17
8 0 4.333821060115220e-16 1.278690845888269e-03
9 0 1.785028658954957e-04 -8.150116767911095e-17
10 0 7.470455894782772e-15 6.603387798496046e-04
11 0 7.656548014080325e-05 -8.098712295556203e-17
12 0 5.668092968735223e-15 3.951081764636466e-04
13 0 3.736352067778621e-05 -5.883857989236209e-17
14 0 -1.353222637198182e-15 2.656771441443891e-04
15 0 1.923015319245128e-05 -2.828090316342048e-17
16 0 -4.122972214205272e-15 1.990619393960089e-04
17 0 9.350535665391858e-06 -3.677146646094226e-18
18 0 -4.067693911391689e-15 1.666707336782340e-04
19 0 2.811831150603903e-06 5.349053769904191e-18
20 0 1.970289336631545e-16 1.569302648375662e-04
21 0 -2.811831151044451e-06 -2.545830067320361e-18
22 0 4.361640099015946e-15 1.666707336782372e-04
23 0 -9.350535665635368e-06 -2.136726298332562e-17
24 0 4.169219058691879e-15 1.990619393960050e-04
25 0 -1.923015319240996e-05 -4.206488857639547e-17
26 0 1.141723258551510e-15 2.656771441443704e-04
27 0 -3.736352067752970e-05 -6.031899393688472e-17
28 0 -6.009018954305134e-15 3.951081764636122e-04
29 0 -7.656548014051660e-05 -7.519313127189367e-17
30 0 -7.749453000650791e-15 6.603387798495670e-04
31 0 -1.785028658953658e-04 -8.874094367404770e-17
32 0 -5.043482459237837e-16 1.278690845888251e-03
33 0 -5.202141293435018e-04 -1.042498972469189e-16
34 0 3.668795499306788e-15 3.080765451573377e-03
35 0 -2.130338360644012e-03 -1.221097275596982e-16
36 0 5.877023703728125e-16 1.046047400748100e-02
37 0 -1.298348344496947e-02 -1.366160016271785e-16
38 0 1.647522246593693e-15 5.543657997932194e-02
39 0 -1.089968378129913e-01 -1.089557131898914e-16
0 1 1.030534592805327e-15 -5.543171298809317e-02
1 1 1.298067581301624e-02 5.485864215511810e-17
2 1 -2.696586372661796e-15 4.864976212460918e-06
3 1 5.726982463059808e-03 3.746691548025219e-18
4 1 -2.770237088479684e-15 2.117884330781681e-03
5 1 2.072703569092052e-03 -6.058652699145677e-17
6 1 2.028917922681413e-16 1.254829597249777e-03
7 1 8.205964978230900e-04 -1.119604390233370e-16
8 1 1.847511092778366e-15 7.106908247103197e-04
9 1 3.676525516161388e-04 -1.276715949154803e-16
10 1 5.940881520476374e-15 4.334260036614906e-04
11 1 1.821358631324765e-04 -1.026702272696817e-16
12 1 1.430742864730221e-15 2.888905637315459e-04
13 1 9.570371030090318e-05 -4.728854851107029e-17
14 1 -1.109302515330798e-15 2.110558107679388e-04
15 1 4.988376531951356e-05 9.231024353462721e-18
16 1 -1.099375190740834e-15 1.699560685074524e-04
17 1 2.157960702407861e-05 4.015673139921934e-17
18 1 -2.376536692665479e-15 1.520600304159431e-04
19 1 -3.571925074092397e-16 3.118013851873259e-17
20 1 3.013462583047056e-15 1.520600304159609e-04
21 1 -2.157960702467288e-05 -9.795809643708103e-18
22 1 1.517185759174528e-15 1.699560685074924e-04
23 1 -4.988376531981000e-05 -5.926602392241374e-17
24 1 1.209365182234781e-15 2.110558107679688e-04
25 1 -9.570371030088686e-05 -9.493772041065462e-17
26 1 -1.581942154474003e-15 2.888905637315351e-04
27 1 -1.821358631322925e-04 -1.040414569301744e-16
28 1 -6.155960048348654e-15 4.334260036614311e-04
29 1 -3.676525516160122e-04 -9.018553744944240e-17
30 1 -1.926866204271478e-15 7.106908247102349e-04
31 1 -8.205964978231876e-04 -6.871214942645727e-17
32 1 -5.155175277092116e-17 1.254829597249715e-03
33 1 -2.072703569092387e-03 -5.790053740809262e-17
34 1 3.085358669344606e-15 2.117884330781679e-03
35 1 -5.726982463060232e-03 -6.252893385800519e-17
36 1 3.001306475092192e-15 4.864976212530097e-06
37 1 -1.298067581301661e-02 -7.219919480330440e-17
38 1 -1.038876430302185e-15 -5.543171298809307e-02
39 1 4.499261894105257e-02 -7.064744725354924e-17
0 2 9.401589719975209e-16 -1.045073397996325e-02
1 2 2.124740547310413e-03 4.082920747325419e-17
2 2 -3.043636472918950e-15 -2.103301492257099e-03
3 2 2.069953043338392e-03 -1.361117505533772e-17
4 2 -1.647388511033948e-15 9.673444437990696e-06
5 2 1.168136920331815e-03 -8.667601865936899e-17
6 2 -2.175688816830877e-15 3.312726861075448e-04
7 2 6.163689506574078e-04 -1.331206013405044e-16
8 2 4.870250659791437e-16 3.055870354979252e-04
9 2 3.317456520502394e-04 -1.267021173042945e-16
10 2 1.000512191982333e-15 2.399406417176963e-04
11 2 1.837842640056320e-04 -6.914876803347431e-17
12 2 -2.010581775047915e-16 1.881356056365983e-04
13 2 1.018246954670571e-04 1.325340484655989e-17
14 2 -4.420552414554466e-15 1.546135431983451e-04
15 2 5.161389026140674e-05 7.637457903440128e-17
16 2 -3.160684387292767e-15 1.362743535825897e-04
17 2 1.581761974671773e-05 8.742821202938851e-17
18 2 3.972185260067307e-16 1.304687314704470e-04
19 2 -1.581761974748317e-05 4.047923536203759e-17
20 2 3.827023157198555e-15 1.362743535826584e-04
21 2 -5.161389026192791e-05 -3.830839435283172e-17
22 2 4.769375097628917e-15 1.546135431984397e-04
23 2 -1.018246954672269e-04 -1.051776760531324e-16
24 2 2.141403443272046e-16 1.881356056366562e-04
25 2 -1.837842640055240e-04 -1.278435526823837e-16
26 2 -1.164909138356423e-15 2.399406417176755e-04
27 2 -3.317456520500726e-04 -9.931590702340121e-17
28 2 -6.063713275706028e-16 3.055870354978246e-04
29 2 -6.163689506574153e-04 -4.024771275038939e-17
30 2 2.274363016834340e-15 3.312726861074118e-04
31 2 -1.168136920332092e-03 1.596914673574180e-17
32 2 1.980333395444967e-15 9.673444437884821e-06
33 2 -2.069953043338852e-03 3.458225424324416e-17
34 2 3.462086545871521e-15 -2.103301492257134e-03
35 2 -2.124740547310862e-03 1.367246374725840e-17
36 2 -6.716617940643886e-16 -1.045073397996321e-02
37 2 6.955370449174047e-03 -2.426296919799760e-17
38 2 -5.274882713322736e-15 4.061244542128282e-17
39 2 6.955370449174239e-03 -5.407053654127270e-17
0 3 1.880067799408849e-15 -3.066115061214356e-03
1 3 5.118860316314137e-04 5.422469241189951e-17
2 3 -1.925552153035181e-15 -1.235382663795308e-03
3 3 8.152687286140654e-04 -9.450572871954080e-18
4 3 -1.814036370233259e-15 -3.072617914641535e-04
5 3 6.139307324659836e-04 -8.271898163610425e-17
6 3 -3.895294070237542e-15 1.411700621668205e-05
7 3 3.961513496651813e-04 -1.154988992353016e-16
8 3 -2.777335789623236e-15 1.040750505720861e-04
9 3 2.443809332296654e-04 -8.019841885635087e-17
10 3 -1.530436416446747e-15 1.195295912100119e-04
11 3 1.469147298517164e-04 7.788750045926871e-18
12 3 -1.480318273554675e-17 1.147834831892225e-04
13 3 8.304781307529773e-05 9.986622543772597e-17
14 3 3.036996970924506e-15 1.074759375003487e-04
15 3 3.752984094692158e-05 1.437723927781138e-16
16 3 4.601764523013046e-16 1.030718104128680e-04
17 3 -3.509255422735133e-16 1.124738674820031e-16
18 3 2.416976248705898e-16 1.030718104129248e-04
19 3 -3.752984094748965e-05 2.159929951561056e-17
20 3 -2.581183594539531e-15 1.074759375004866e-04
21 3 -8.304781307553933e-05 -7.944134936973319e-17
22 3 1.114476680346472e-16 1.147834831893639e-04
23 3 -1.469147298516174e-04 -1.349280237553652e-16
24 3 1.352030052489666e-15 1.195295912100739e-04
25 3 -2.443809332294039e-04 -1.151265136312435e-16
26 3 2.549132972404627e-15 1.040750505720310e-04
27 3 -3.961513496650115e-04 -3.127898593944252e-17
28 3 3.842666405686838e-15 1.411700621653096e-05
29 3 -6.139307324660924e-04 7.017021362803740e-17
30 3 2.044863377145766e-15 -3.072617914643315e-04
31 3 -8.152687286144567e-04 1.329175581250517e-16
32 3 2.352244467253384e-15 -1.235382663795442e-03
33 3 -5.118860316319108e-04 1.281365194282937e-16
34 3 -1.477193135981018e-15 -3.066115061214414e-03
35 3 1.585683618001792e-03 6.596008855828708e-17
36 3 -4.954627888715004e-15 -2.108139314427022e-03
37 3 3.303966047151424e-03 -1.691635628483416e-17
38 3 -5.127915591810818e-15 2.108139314427038e-03
39 3 1.585683618002125e-03 -6.996458544310548e-17
0 4 5.535698730556273e-15 -1.259006757045629e-03
1 4 1.675852048527362e-04 8.250633376984306e-17
2 4 -9.377876509068132e-16 -6.862843252240070e-04
3 4 3.601204390725303e-04 -4.283354969576962e-19
4 4 -4.065212604674810e-15 -2.769668965250232e-04
5 4 3.275380064482732e-04 -7.133017814275120e-17
6 4 -4.685212411503083e-15 -7.200404689150161e-05
7 4 2.429438231461470e-04 -7.670371479320987e-17
8 4 -2.354357279973293e-15 1.728007567916530e-05
9 4 1.647457806624792e-04 -8.735535153760427e-18
10 4 6.363500363055054e-16 5.296269046511974e-05
11 4 1.037048926681779e-04 9.672165991850092e-17
12 4 2.829952465289012e-15 6.598353113213481e-05
13 4 5.669882924419201e-05 1.761301903544776e-16
14 4 1.633718966371672e-15 7.012890348746804e-05
15 4 1.800089335094974e-05 1.787931626055080e-16
16 4 2.694982633929364e-16 7.101112601803310e-05
17 4 -1.800089335139573e-05 9.841824083371228e-17
18 4 -1.226227098220198e-15 7.012890348760541e-05
19 4 -5.669882924439864e-05 -2.316878901154470e-17
20 4 -2.740439782793053e-15 6.598353113233522e-05
21 4 -1.037048926680417e-04 -1.172411311696059e-16
22 4 -8.687228256528691e-16 5.296269046527621e-05
23 4 -1.647457806621017e-04 -1.290936394396166e-16
24 4 1.972178484148855e-15 1.728007567919488e-05
25 4 -2.429438231457654e-04 -4.814039728944359e-17
26 4 4.414777107552699e-15 -7.200404689161456e-05
27 4 -3.275380064481291e-04 8.280203688431175e-17
28 4 4.085847626983156e-15 -2.769668965252237e-04
29 4 -3.601204390727245e-04 1.954580816071206e-16
30 4 1.253750109825997e-15 -6.862843252242045e-04
31 4 -1.675852048531706e-04 2.289389346301053e-16
32 4 -5.102366259546757e-15 -1.259006757045748e-03
33 4 5.205477163358626e-04 1.675985763643615e-16
34 4 -4.508998952257157e-16 -1.240126159807707e-03
35 4 1.370844074290813e-03 4.681593051599284e-17
36 4 -1.759138014275252e-15 3.486840951879638e-18
37 4 1.370844074290984e-03 -6.446779148217233e-17
38 4 -7.598247814207881e-16 1.240126159807674e-03
39 4 5.205477163362903e-04 -1.135593531779514e-16
0 5 5.114388349477041e-15 -6.353186656065696e-04
1 5 6.332508252539846e-05 8.499690546613608e-17
2 5 3.511038914445189e-16 -4.037691769125474e-04
3 5 1.730748795509073e-04 -1.434000564344696e-17
4 5 -3.533719798841522e-15 -2.065990448730824e-04
5 5 1.790068148103350e-04 -6.827148461842596e-17
6 5 -2.802387395241885e-16 -8.393047242138113e-05
7 5 1.458400540575153e-04 -3.825776016424463e-17
8 5 -9.798167802295919e-16 -1.695235885191426e-05
9 5 1.046902510289914e-04 5.923124035055603e-17
10 5 1.706640349639290e-15 1.715182043234456e-05
11 5 6.613195215197145e-05 1.647416993719631e-16
12 5 7.140512949406462e-15 3.339835170800943e-05
13 5 3.177758326441596e-05 2.096480406045266e-16
14 5 3.221283653907541e-15 3.983266415780253e-05
15 5 -1.166609693996505e-16 1.613475964397646e-16
16 5 -2.961073880623115e-15 3.983266415788780e-05
17 5 -3.177758326453064e-05 4.219565107767538e-17
18 5 -7.107459577425245e-15 3.339835170821981e-05
19 5 -6.613195215180077e-05 -8.122185910294221e-17
20 5 -1.987208463475298e-15 1.715182043256804e-05
21 5 -1.046902510285424e-04 -1.352286831357214e-16
22 5 4.799834038955138e-16 -1.695235885179419e-05
23 5 -1.458400540569678e-04 -8.388327552606969e-17
24 5 -2.051964275839763e-16 -8.393047242142478e-05
25 5 -1.790068148099395e-04 5.018909360759130e-17
26 5 3.296084979964936e-15 -2.065990448732618e-04
27 5 -1.730748795508462e-04 1.969469687127915e-16
28 5 -2.475433909821037e-16 -4.037691769127701e-04
29 5 -6.332508252565767e-05 2.759403664830942e-16
30 5 -4.757920740945969e-15 -6.353186656067352e-04
31 5 2.245413364071658e-04 2.446536300928233e-16
32 5 -2.677881544460678e-15 -6.908136666269150e-04
33 5 6.216885058226224e-04 1.179284358448395e-16
34 5 8.587091455642447e-15 -3.166821595375200e-04
35 5 8.223344841321082e-04 -3.641215822180755e-17
36 5 8.428294850453225e-15 3.166821595375486e-04
37 5 6.216885058229175e-04 -1.442764939836027e-16
38 5 -3.053623878051768e-15 6.908136666268596e-04
39 5 2.245413364075713e-04 -1.575687973576940e-16
0 6 7.375026763256737e-15 -3.641251003821644e-04
1 6 2.224084026999347e-05 3.557322318907063e-17
2 6 2.569089644382907e-15 -2.533210288678246e-04
3 6 8.621809417119449e-05 -6.252651884130406e-17
4 6 -6.488233845995097e-15 -1.496026476072732e-04
5 6 9.842603150133360e-05 -8.099810054007866e-17
6 6 -2.055815321186715e-15 -7.570481199140743e-05
7 6 8.522762318120314e-05 -1.008159962417909e-17
8 6 1.200640884365525e-15 -2.947345528056697e-05
9 6 6.249120346468273e-05 1.045010479618153e-16
10 6 5.110925911099015e-15 -3.007836573868035e-06
11 6 3.742895321148423e-05 1.867255776216427e-16
12 6 2.184039919344935e-16 1.030102762502917e-05
13 6 1.240487161636033e-05 1.833757750041488e-16
14 6 4.584056910060799e-17 1.432391193644691e-05
15 6 -1.240487161638929e-05 8.913760685693986e-17
16 6 -2.339592512557471e-16 1.030102762519965e-05
17 6 -3.742895321132566e-05 -4.272605717302357e-17
18 6 -5.381056005778961e-15 -3.007836573621019e-06
19 6 -6.249120346426758e-05 -1.342441532191286e-16
20 6 -1.716391321882451e-15 -2.947345528037754e-05
21 6 -8.522762318062326e-05 -1.265579971049742e-16
22 6 1.463991874258196e-15 -7.570481199137504e-05
23 6 -9.842603150080074e-05 -1.687181547016537e-17
24 6 6.050943500938246e-15 -1.496026476074093e-04
25 6 -8.621809417091380e-05 1.390185725761611e-16
26 6 -2.692943849777388e-15 -2.533210288680502e-04
27 6 -2.224084027004554e-05 2.546913933570202e-16
28 6 -7.179848450629468e-15 -3.641251003823598e-04
29 6 1.185295321967772e-04 2.643768820485488e-16
30 6 -3.546596427022365e-15 -4.079129674473896e-04
31 6 3.173925514875741e-04 1.601200077450701e-16
32 6 4.315690375708881e-15 -2.858352903157153e-04
33 6 4.744708722647508e-04 -6.740975110102413e-18
34 6 9.115499543286167e-15 5.836217730105892e-17
35 6 4.744708722648880e-04 -1.504816073484159e-16
36 6 4.063507566928399e-15 2.858352903157767e-04
37 6 3.173925514878935e-04 -2.034483202660559e-16
38 6 -3.888356404711379e-15 4.079129674473185e-04
39 6 1.185295321970678e-04 -1.504683936934395e-16
0 7 8.595372211989366e-15 -2.275578634670537e-04
1 7 2.886697795449695e-06 -6.115053305526171e-17
2 7 2.460358048336314e-15 -1.682723399709087e-04
3 7 4.167330110144036e-05 -1.279883437419576e-16
4 7 -4.417243694539346e-15 -1.097881875214810e-04
5 7 5.259030171222480e-05 -9.490326595376037e-17
6 7 -2.290198411500891e-15 -6.448175025596028e-05
7 7 4.732789731304177e-05 1.013596539862454e-17
8 7 -1.683224011591835e-16 -3.384579444074900e-05
9 7 3.414054389440070e-05 1.178654200330772e-16
10 7 4.797312721153471e-15 -1.557896950459360e-05
11 7 1.762756487154223e-05 1.586776490986585e-16
12 7 -1.128683557112873e-15 -7.161955968464402e-06
13 7 3.701259735707714e-18 1.034546579938558e-16
14 7 1.106935316223264e-15 -7.161955968370782e-06
15 7 -1.762756487145530e-05 -1.676949775948504e-17
16 7 -4.980124284862073e-15 -1.557896950436627e-05
17 7 -3.414054389412222e-05 -1.302244818550727e-16
18 7 -2.342076549391640e-16 -3.384579444051965e-05
19 7 -4.732789731258719e-05 -1.654438706151214e-16
20 7 1.751704105632533e-15 -6.448175025585807e-05
21 7 -5.259030171172747e-05 -9.684567982154948e-17
22 7 3.927127882780896e-15 -1.097881875215631e-04
23 7 -4.167330110108051e-05 4.250600361593603e-17
24 7 -2.725182453023040e-15 -1.682723399711239e-04
25 7 -2.886697795352471e-06 1.744820816480317e-16
26 7 -8.563282519311210e-15 -2.275578634672743e-04
27 7 7.353018025626851e-05 2.222171500636602e-16
28 7 -3.117360056258196e-15 -2.568708999902659e-04
29 7 1.812790478389011e-04 1.553486443121134e-16
30 7 3.877697120666815e-15 -2.145141817595864e-04
31 7 2.838460143934869e-04 6.267391873232880e-18
32 7 9.177647171131313e-15 -8.508876652941669e-05
33 7 3.270928054836270e-04 -1.480947319990157e-16
34 7 9.060167122814457e-15 8.508876652962647e-05
35 7 2.838460143936930e-04 -2.250939657857875e-16
36 7 3.601613793037609e-15 2.145141817596678e-04
37 7 1.812790478391780e-04 -1.913788031463593e-16
38 7 -3.365614448896243e-15 2.568708999901676e-04
39 7 7.353018025642579e-05 -7.111684456645419e-17
0 8 -9.227936249031994e-16 -1.517477973370534e-04
1 8 -7.278558093518230e-06 -1.641457405171845e-16
2 8 2.901015623440702e-15 -1.176165150309927e-04
3 8 1.719723950354398e-05 -1.722941522591885e-16
4 8 -1.637155649256912e-15 -8.305106027939517e-05
5 8 2.568971768805861e-05 -8.828760055418340e-17
6 8 -4.345141900245255e-15 -5.502719201891390e-05
7 8 2.382799395763234e-05 2.849639903499616e-17
8 8 -5.227938064911097e-16 -3.550556300917543e-05
9 8 1.613965054316593e-05 1.042785342593352e-16
10 8 1.754859083831853e-15 -2.425369465369777e-05
11 8 5.651369946940668e-06 9.090015779369201e-17
12 8 1.178441370963453e-17 -2.060205525054446e-05
13 8 -5.651369946963485e-06 -3.498730039291048e-18
14 8 -1.796501732333676e-15 -2.425369465352656e-05
15 8 -1.613965054308516e-05 -1.213376454680616e-16
16 8 3.275988460162787e-16 -3.550556300893629e-05
17 8 -2.382799395741037e-05 -1.902179040345015e-16
18 8 4.005937754279554e-15 -5.502719201875302e-05
19 8 -2.568971768775339e-05 -1.657989386765795e-16
20 8 1.263393355258405e-15 -8.305106027941209e-05
21 8 -1.719723950327296e-05 -5.859317521254317e-17
22 8 -3.165096246740603e-15 -1.176165150311786e-04
23 8 7.278558093638518e-06 6.968876760411996e-17
24 8 8.695118308124841e-16 -1.517477973372954e-04
25 8 5.200331040878437e-05 1.419940912063544e-16
26 8 -5.801170848050824e-15 -1.710100142446848e-04
27 8 1.144967291850912e-04 1.126337447799741e-16
28 8 3.600940417559584e-15 -1.561052726410643e-04
29 8 1.798792794888316e-04 -4.378638873632836e-18
30 8 -5.780926426582604e-17 -9.527189362625954e-05
31 8 2.229615297804793e-04 -1.475144879790742e-16
32 8 -6.476886862390635e-16 1.693885761848894e-16
33 8 2.229615297805659e-04 -2.336537904100704e-16
34 8 -2.316718443413734e-16 9.527189362651837e-05
35 8 1.798792794890428e-04 -2.131435959471249e-16
36 8 3.359142759821503e-15 1.561052726411232e-04
37 8 1.144967291852987e-04 -9.531239582357988e-17
38 8 -5.950309667789940e-15 1.710100142445394e-04
39 8 5.200331040885756e-05 5.773089786015180e-17
0 9 -2.281946262652254e-16 -1.066813539515046e-04
1 9 -1.281410111249670e-05 -2.188285370449581e-16
2 9 1.352357371662410e-15 -8.615835111879905e-05
3 9 3.322775703841403e-06 -1.615897612132643e-16
4 9 -2.257533729461861e-15 -6.523436573514484e-05
5 9 9.872097940897674e-06 -4.794293224756203e-17
6 9 -4.389410379051502e-15 -4.804461839406488e-05
7 9 9.798056365707788e-06 4.996502350041214e-17
8 9 -1.467613784117045e-15 -3.628310904705349e-05
9 9 5.792374220212530e-06 7.366828072434578e-17
10 9 -1.864339357612037e-15 -3.039051513455381e-05
11 9 -6.788107227259303e-17 1.123479890970135e-17
12 9 1.968592417996531e-15 -3.039051513446235e-05
13 9 -5.792374220316412e-06 -9.733151542169493e-17
14 9 1.496297258950003e-15 -3.628310904683587e-05
15 9 -9.798056365734757e-06 -1.856606481169502e-16
16 9 4.313245390346109e-15 -4.804461839385920e-05
17 9 -9.872097940853530e-06 -1.991880998983714e-16
18 9 2.115164281723442e-15 -6.523436573508346e-05
19 9 -3.322775703775396e-06 -1.300866597533487e-16
20 9 -1.475888711706894e-15 -8.615835111892685e-05
21 9 1.281410111251645e-05 -2.125612252105093e-17
22 9 2.048153075888562e-16 -1.066813539517477e-04
23 9 4.061117543362069e-05 6.054957257657692e-17
24 9 -1.140455268945181e-15 -1.193486973511910e-04
25 9 7.898991729426789e-05 6.256069103603107e-17
26 9 3.873669347094594e-15 -1.144295546906577e-04
27 9 1.212986398064175e-04 -2.098762056494650e-17
28 9 -1.995016075167884e-16 -8.453509153093008e-05
29 9 1.553937159271121e-04 -1.425366523181496e-16
30 9 -6.258854647307033e-15 -3.138804930290038e-05
31 9 1.685958336342494e-04 -2.281186391356073e-16
32 9 -6.329566381451173e-15 3.138804930329234e-05
33 9 1.553937159272315e-04 -2.206209677818792e-16
34 9 -3.724492411115248e-16 8.453509153115587e-05
35 9 1.212986398065983e-04 -1.131814913095660e-16
36 9 3.689158938626634e-15 1.144295546906420e-04
37 9 7.898991729442443e-05 4.448107173127607e-17
38 9 -1.244317984080653e-15 1.193486973509877e-04
39 9 4.061117543369324e-05 1.758179553230698e-16
0 10 8.725922865653136e-16 -7.846513241855580e-05
1 10 -1.562593226336227e-05 -1.890530514083834e-16
2 10 4.089146766224488e-15 -6.590167929681604e-05
3 10 -4.382367520923559e-06 -8.772286401189428e-17
4 10 1.956752130223999e-15 -5.322329330309271e-05
5 10 9.764114504023579e-07 1.956718599143409e-17
6 10 -4.923695636510542e-15 -4.299418724450601e-05
7 10 2.179810105560364e-06 7.154175327439894e-17
8 10 -1.347101232278865e-15 -3.651007585180270e-05
9 10 9.853583606156077e-07 4.168115174665376e-17
10 10 1.043326938679343e-16 -3.430364086489969e-05
11 10 -9.853583608336717e-07 -4.793902343656480e-17
12 10 1.536840690492350e-15 -3.651007585164051e-05
13 10 -2.179810105760792e-06 -1.414822200076495e-16
14 10 5.068353555092999e-15 -4.299418724428494e-05
15 10 -9.764114505761509e-07 -1.825108270210212e-16
16 10 -1.860697154441390e-15 -5.322329330295555e-05
17 10 4.382367520773481e-06 -1.498114989008134e-16
18 10 -4.014975358316397e-15 -6.590167929685774e-05
19 10 1.562593226322142e-05 -6.627005790223476e-17
20 10 -7.866621375167081e-16 -7.846513241876023e-05
21 10 3.388895609652771e-05 1.230147591546734e-17
22 10 5.728518157238789e-15 -8.675163047005202e-05
23 10 5.869220960002524e-05 3.443361102697458e-17
24 10 7.888071321724508e-15 -8.547183340255343e-05
25 10 8.683743931031046e-05 -1.804454348602086e-17
26 10 -3.634798773393090e-15 -7.010641896824924e-05
27 10 1.121947576479513e-04 -1.150818671067558e-16
28 10 -3.073053258969578e-15 -3.990935996458698e-05
29 10 1.274322552029700e-04 -1.959886648106473e-16
30 10 -5.733961756493914e-15 2.096359224343243e-16
31 10 1.274322552030052e-04 -2.035989008656502e-16
32 10 -3.157140312044375e-15 3.990935996491795e-05
33 10 1.121947576480486e-04 -1.195103030754654e-16
34 10 -3.773447322603809e-15 7.010641896836100e-05
35 10 8.683743931044524e-05 2.321147353178597e-17
36 10 7.740424345666810e-15 8.547183340243297e-05
37 10 5.869220960017058e-05 1.585445615277079e-16
38 10 5.609296743718777e-15 8.675163046980876e-05
39 10 3.388895609666835e-05 2.217486696513608e-16
0 11 4.048919908872018e-15 -5.998937972636273e-05
1 11 -1.662909375912228e-05 -8.515554089274422e-17
2 11 4.308977038977985e-15 -5.233955347624885e-05
3 11 -8.210464218351694e-06 2.030315442355984e-17
4 11 3.316844646264244e-16 -4.482535567682267e-05
5 11 -3.398663965994360e-06 8.900875787112915e-17
6 11 -1.764490552966614e-15 -3.907867119787588e-05
7 11 -1.074675794407758e-06 8.704329864612726e-17
8 11 -1.436458725795543e-15 -3.601033161326763e-05
9 11 -1.179875753851884e-16 2.280294941227653e-17
10 11 1.680300707962980e-15 -3.601033161318575e-05
11 11 1.074675794162706e-06 -6.205446786675571e-17
12 11 2.008935742299649e-15 -3.907867119768226e-05
13 11 3.398663965730678e-06 -1.176098527122769e-16
14 11 -9.085896393510528e-17 -4.482535567664065e-05
15 11 8.210464218076559e-06 -1.133087957920440e-16
16 11 -4.079484432888924e-15 -5.233955347619925e-05
17 11 1.662909375886250e-05 -5.800895091464238e-17
18 11 -3.844399655909715e-15 -5.998937972648740e-05
19 11 2.936385081408111e-05 8.962475447115933e-18
20 11 3.089431539010717e-15 -6.530839994598557e-05
21 11 4.622646733833570e-05 4.132526952505694e-17
22 11 3.759326236356181e-15 -6.523436573528596e-05
23 11 6.559930210284330e-05 1.543935774806252e-17
24 11 4.255703327190086e-15 -5.696033322054486e-05
25 11 8.424980940134612e-05 -5.569081932607080e-17
26 11 -1.096411126481306e-15 -3.933234099951717e-05
27 11 9.795668625021847e-05 -1.279282163706016e-16
28 11 -5.777867344378116e-15 -1.409425897656834e-05
29 11 1.030202825590539e-04 -1.514613097603275e-16
30 11 -5.794823647377466e-15 1.409425897688665e-05
31 11 9.795668625023000e-05 -9.982250779534529e-17
32 11 -1.146827966917097e-15 3.933234099968865e-05
33 11 8.424980940138550e-05 8.085722700394859e-18
34 11 4.168552110472319e-15 5.696033322050350e-05
35 11 6.559930210293327e-05 1.232400067119040e-16
36 11 3.630901917386437e-15 6.523436573508163e-05
37 11 4.622646733848994e-05 1.877144288063382e-16
38 11 2.919244141108756e-15 6.530839994575169e-05
39 11 2.936385081429788e-05 1.706967080152436e-16
0 12 3.296550596610665e-15 -4.731414205879478e-05
1 12 -1.634345539704932e-05 4.155036379767103e-17
2 12 3.706709106356748e-15 -4.278347079696436e-05
3 12 -9.485616129785451e-06 1.117015975936425e-16
4 12 -6.147504290741700e-15 -3.853295802930567e-05
5 12 -4.777449195377915e-06 1.289640643550347e-16
6 12 1.367902539846892e-15 -3.559911878858877e-05
7 12 -1.437110083594040e-06 9.119065986631730e-17
8 12 9.416596469281495e-17 -3.456015135822514e-05
9 12 1.437110083429234e-06 2.611209026194186e-17
10 12 -1.164069020078063e-15 -3.559911878846216e-05
11 12 4.777449195173134e-06 -2.709146199380957e-17
12 12 6.385692281447723e-15 -3.853295802913118e-05
13 12 9.485616129532266e-06 -3.949859549162402e-17
14 12 -3.442446253652765e-15 -4.278347079685377e-05
15 12 1.634345539677753e-05 -9.745589503734886e-18
16 12 -3.043434440507179e-15 -4.731414205882584e-05
17 12 2.584849234393523e-05 3.886546861857514e-17
18 12 -2.324221218682650e-15 -5.060737115641849e-05
19 12 3.796416308657248e-05 7.136868259034331e-17
20 12 4.430120959250328e-15 -5.080252018020222e-05
21 12 5.185032232413854e-05 6.411849793441186e-17
22 12 4.357928488455661e-15 -4.611147719245709e-05
23 12 6.573956463539878e-05 1.953865986761036e-17
24 12 -1.901409300785471e-16 -3.550556300905748e-05
25 12 7.717110646322398e-05 -3.583836707024978e-17
26 12 1.827775547977002e-15 -1.941811187497182e-05
27 12 8.367190623438561e-05 -6.625449270345127e-17
28 12 -3.764768534335622e-16 9.360062398586213e-17
29 12 8.367190623435934e-05 -4.699203300126170e-17
30 12 1.853682782346494e-15 1.941811187510044e-05
31 12 7.717110646316424e-05 1.617266511886998e-17
32 12 -1.694090757936705e-16 3.550556300904280e-05
33 12 6.573956463536071e-05 9.092551483327050e-17
34 12 4.329598614848125e-15 4.611147719229758e-05
35 12 5.185032232417853e-05 1.352422746337492e-16
36 12 4.319016206249893e-15 5.080252017997960e-05
37 12 3.796416308671744e-05 1.206399212922809e-16
38 12 -2.520093219849670e-15 5.060737115624995e-05
39 12 2.584849234416976e-05 5.087610849513019e-17
0 13 9.848508993574145e-15 -3.811928067738335e-05
1 13 -1.512268040763352e-05 1.236486856281975e-16
2 13 1.066795801494357e-15 -3.556953486374387e-05
3 13 -9.060983581444683e-06 1.423553106417973e-16
4 13 -4.581471177009509e-15 -3.334159684455850e-05
5 13 -4.207645601891833e-06 1.230941694867253e-16
6 13 -1.913040847225035e-15 -3.207100368044054e-05
7 13 -2.258052573574149e-18 8.339720872348110e-17
8 13 1.969304523185925e-15 -3.207100368039160e-05
9 13 4.207645601856624e-06 4.754128657104698e-17
10 13 4.683686516716242e-15 -3.334159684444212e-05
11 13 9.060983581341734e-06 3.521462489189752e-17
12 13 -9.032319649396264e-16 -3.556953486363113e-05
13 13 1.512268040747248e-05 4.930001421619074e-17
14 13 -9.656672544033103e-15 -3.811928067734723e-05
15 13 2.276438553113501e-05 7.748911249917435e-17
16 13 -6.862010065531289e-15 -4.004579652347766e-05
17 13 3.202600548543764e-05 9.880427890709846e-17
18 13 -6.919482266510794e-16 -4.018398850787507e-05
19 13 4.246984020268542e-05 9.861053714663394e-17
20 13 -8.568582627805118e-16 -3.736951853224205e-05
21 13 5.310259656190918e-05 7.606114057064708e-17
22 13 2.821257954454805e-16 -3.079656248806677e-05
23 13 6.246425097324866e-05 4.479727672756920e-17
24 13 4.886666172420605e-15 -2.041455228294847e-05
25 13 6.894442127504161e-05 2.341909001889240e-17
26 13 1.279213180939322e-15 -7.161955968291644e-06
27 13 7.126703461357883e-05 2.546110720683974e-17
28 13 1.324249730868432e-15 7.161955968295752e-06
29 13 6.894442127493560e-05 4.957549411452472e-17
30 13 4.994463792689808e-15 2.041455228289328e-05
31 13 6.246425097309382e-05 7.797160293066377e-17
32 13 3.879884132695010e-16 3.079656248793070e-05
33 13 5.310259656178772e-05 8.699312595495847e-17
34 13 -8.204727710571647e-16 3.736951853205857e-05
35 13 4.246984020266497e-05 6.085629340353566e-17
36 13 -7.616327613252873e-16 4.018398850771316e-05
37 13 3.202600548552971e-05 2.045422678511117e-18
38 13 -7.019368066362096e-15 4.004579652340307e-05
39 13 2.276438553129815e-05 -6.888409554388777e-17
0 14 1.431298071810244e-15 -3.098307608162920e-05
1 14 -1.324039761510235e-05 1.178041934696955e-16
2 14 -5.821925023816568e-15 -2.965682674895163e-05
3 14 -7.532112543367532e-06 9.847789668673017e-17
4 14 -4.718154182897405e-15 -2.862013897277238e-05
5 14 -2.438218191275733e-06 7.685385800045400e-17
6 14 -6.470735058774028e-17 -2.823401243316376e-05
7 14 2.438218191444346e-06 6.605513238351413e-17
8 14 4.620259940703534e-15 -2.862013897273244e-05
9 14 7.532112543473578e-06 7.075856128545225e-17
10 14 5.797544973245602e-15 -2.965682674889343e-05
11 14 1.324039761512601e-05 8.527063856045007e-17
12 14 -1.388702348331591e-15 -3.098307608158641e-05
13 14 1.984124422352576e-05 9.842059274759353e-17
14 14 -1.640941064450633e-15 -3.201966374152743e-05
15 14 2.740443536101335e-05 1.015651867763732e-16
16 14 3.354897116825191e-15 -3.203033299569530e-05
17 14 3.570471637982865e-05 9.302171521721918e-17
18 14 -3.283267454132024e-16 -3.024839165837303e-05
19 14 4.417123739727250e-05 7.960444316989586e-17
20 14 -3.814183090466370e-16 -2.607417116759897e-05
21 14 5.192036385680289e-05 7.089778223408239e-17
22 14 1.254773851748535e-15 -1.930409273153099e-05
23 14 5.790745302575100e-05 7.253194571715307e-17
24 14 -2.061620742445949e-16 -1.030102762529422e-05
25 14 6.118477633575046e-05 8.247673655448636e-17
26 14 1.898967103679097e-16 -6.568957173639361e-17
27 14 6.118477633567268e-05 9.050556119434106e-17
28 14 -7.633651978734382e-17 1.030102762515999e-05
29 14 5.790745302555071e-05 8.469396086674098e-17
30 14 1.455451858842769e-15 1.930409273139292e-05
31 14 5.192036385656377e-05 5.697554041389156e-17
32 14 -1.967593608106636e-16 2.607417116746756e-05
33 14 4.417123739708448e-05 8.829326449281239e-18
34 14 -2.271052283092602e-16 3.024839165826873e-05
35 14 3.570471637974220e-05 -4.713821564248319e-17
36 14 3.358319046037619e-15 3.203033299563919e-05
37 14 2.740443536101405e-05 -9.466572752460911e-17
38 14 -1.694208299399228e-15 3.201966374152707e-05
39 14 1.984124422355016e-05 -1.192761497859919e-16
0 15 -2.702021672485134e-15 -2.502011424313433e-05
1 15 -1.091766104243854e-05 2.758645660497371e-17
2 15 -3.073304213651170e-15 -2.440649948622655e-05
3 15 -5.327769208772936e-06 4.545822916940541e-18
4 15 1.608048190665658e-16 -2.401089464319873e-05
5 15 1.608128149818360e-16 1.244903748025827e-17
6 15 -4.399169417571242e-16 -2.401089464320833e-05
7 15 5.327769209058292e-06 4.337411298695765e-17
8 15 2.857584354057134e-15 -2.440649948624630e-05
9 15 1.091766104263820e-05 7.606185329986419e-17
10 15 2.573958731749322e-15 -2.502011424314562e-05
11 15 1.696770386942476e-05 8.970979916328997e-17
12 15 2.302565466813101e-15 -2.551303621430756e-05
13 15 2.354786255904335e-05 7.709664458708370e-17
14 15 4.830705366063586e-15 -2.542645995819287e-05
15 15 3.054239796364587e-05 4.805310945913645e-17
16 15 -1.601920186776495e-15 -2.425769758370884e-05
17 15 3.761438186449986e-05 2.446335892288501e-17
18 15 -5.617351419616787e-15 -2.157464116211893e-05
19 15 4.421552551380636e-05 2.405105064255028e-17
20 15 -4.006051192176504e-15 -1.715182043250021e-05
21 15 4.966111966103311e-05 4.940653108056831e-17
22 15 -6.476306583307802e-16 -1.108642240309344e-05
23 15 5.326978606749734e-05 8.541581725115760e-17
24 15 6.693897828616869e-15 -3.839142370722430e-06
25 15 5.453518669878315e-05 1.073170243462741e-16
26 15 6.774930430188216e-15 3.839142370526652e-06
27 15 5.326978606733325e-05 9.514522100643121e-17
28 15 -4.350988720351025e-16 1.108642240294397e-05
29 15 4.966111966076925e-05 4.622630012628449e-17
30 15 -3.742433056386581e-15 1.715182043242268e-05
31 15 4.421552551353266e-05 -2.347091810851961e-17
32 15 -5.389159101363446e-15 2.157464116210937e-05
33 15 3.761438186428920e-05 -8.654922215171085e-17
34 15 -1.454952423963070e-15 2.425769758373861e-05
35 15 3.054239796351656e-05 -1.181396596612829e-16
36 15 4.909767702390366e-15 2.542645995822607e-05
37 15 2.354786255895567e-05 -1.093188139940155e-16
38 15 2.374027039407075e-15 2.551303621431986e-05
39 15 1.696770386930847e-05 -7.086501053085146e-17
0 16 4.826047224527882e-15 -1.968408884259692e-05
1 16 -8.328097711749056e-06 -9.775805728841265e-17
2 16 -2.370601328440936e-15 -1.944693345428644e-05
3 16 -2.750525753457216e-06 -9.088716827019325e-17
4 16 -1.834984353515510e-16 -1.934688887577860e-05
5 16 2.750525753822557e-06 -3.939068486083237e-17
6 16 2.040049699576550e-15 -1.944693345435904e-05
7 16 8.328097712044670e-06 2.169675796176924e-17
8 16 -5.067683521712973e-15 -1.968408884269035e-05
9 16 1.410988531708201e-05 5.441795262233902e-17
10 16 -1.118333828936926e-15 -1.987715808352360e-05
11 16 2.014917245614546e-05 4.069232576707952e-17
12 16 4.668105326788277e-15 -1.975174518219489e-05
13 16 2.638222147067820e-05 -7.845529906399871e-18
14 16 6.412772600883036e-15 -1.898628404249291e-05
15 16 3.260077013054689e-05 -5.685633716080097e-17
16 16 -2.887284867154150e-15 -1.728007567905546e-05
17 16 3.845164382339166e-05 -7.202019980315174e-17
18 16 -7.152368101758601e-15 -1.443569045111712e-05
19 16 4.347440650430924e-05 -3.987182056359141e-17
20 16 -1.804371795030729e-15 -1.043590468423216e-05
21 16 4.717918299262464e-05 2.237846650310588e-17
22 16 -1.188869843700405e-15 -5.486546559019166e-06
23 16 4.915099767677186e-05 7.741688725536529e-17
24 16 -6.044547655471970e-16 -9.782912864971094e-17
25 16 4.915099767669281e-05 8.958540162375326e-17
26 16 -1.036235053202785e-15 5.486546558870245e-06
27 16 4.717918299241999e-05 4.634528519616773e-17
28 16 -1.555924267274703e-15 1.043590468419793e-05
29 16 4.347440650405375e-05 -3.314246479022089e-17
30 16 -6.892603743778227e-15 1.443569045120474e-05
31 16 3.845164382316363e-05 -1.083648522645220e-16
32 16 -2.681452300834080e-15 1.728007567920922e-05
33 16 3.260077013038577e-05 -1.393398326889485e-16
34 16 6.550704977597894e-15 1.898628404262827e-05
35 16 2.638222147056688e-05 -1.092828077368366e-16
36 16 4.780561569883553e-15 1.975174518224631e-05
37 16 2.014917245602399e-05 -3.334369025301521e-17
38 16 -9.650447401207231e-16 1.987715808347974e-05
39 16 1.410988531688654e-05 4.947948997602364e-17
0 17 5.279684607065680e-15 -1.465039035881728e-05
1 17 -5.597813333190189e-06 -1.925377872393509e-16
2 17 -4.188971192725738e-16 -1.458283852436787e-05
3 17 1.582379475545007e-16 -1.398148193442482e-16
4 17 9.097328230380850e-17 -1.458283852443361e-05
5 17 5.597813333466681e-06 -5.488641389917781e-17
6 17 -5.534672520617296e-15 -1.465039035897076e-05
7 17 1.126493163749962e-05 9.417959511660166e-18
8 17 -6.797039875631002e-16 -1.470343744209531e-05
9 17 1.703174520719001e-05 1.565487000696662e-17
10 17 6.178979184926890e-15 -1.459052656994341e-05
11 17 2.285561631077731e-05 -3.690060811625388e-17
12 17 5.208995431995064e-15 -1.411700621648844e-05
13 17 2.859750939692421e-05 -1.115228151763637e-16
14 17 4.540057988584346e-15 -1.308471963772841e-05
15 17 3.401646625330283e-05 -1.593455066293116e-16
16 17 -2.614734231040273e-16 -1.134142120470666e-05
17 17 3.878831269460337e-05 -1.467969061369801e-16
18 17 -2.181610833301342e-15 -8.830279539427396e-06
19 17 4.255065433543653e-05 -7.852544392834118e-17
20 17 -5.870868338958305e-15 -5.624668712287423e-06
21 17 4.496813373410892e-05 6.983672272623142e-18
22 17 -4.616646341833460e-17 -1.933141201686903e-06
23 17 4.580269890134186e-05 5.944262738987024e-17
24 17 1.965777275667514e-17 1.933141201559550e-06
25 17 4.496813373399985e-05 4.761270288875561e-17
26 17 -5.700661328944334e-15 5.624668712272756e-06
27 17 4.255065433526926e-05 -2.078964178175523e-17
28 17 -1.977977610092923e-15 8.830279539572258e-06
29 17 3.878831269444776e-05 -1.039849099789574e-16
30 17 -9.528003757622194e-17 1.134142120496525e-05
31 17 3.401646625321117e-05 -1.491031317722702e-16
32 17 4.636947944943053e-15 1.308471963798840e-05
33 17 2.859750939689603e-05 -1.223212854921878e-16
34 17 5.260098125650977e-15 1.411700621663670e-05
35 17 2.285561631076309e-05 -2.916537016604696e-17
36 17 6.247706177922654e-15 1.459052656992969e-05
37 17 1.703174520711722e-05 8.856593210480585e-17
38 17 -5.304864808182912e-16 1.470343744195942e-05
39 17 1.126493163732256e-05 1.751298961405114e-16
0 18 1.337828978598563e-15 -9.740027517459160e-06
1 18 -2.807631952856652e-06 -2.081626294539465e-16
2 18 -1.090249346068110e-16 -9.729952424774613e-06
3 18 2.807631953020708e-06 -1.185499026423918e-16
4 18 -1.512293219718811e-15 -9.740027517613041e-06
5 18 8.435692944795631e-06 -2.579138600564367e-17
6 18 -8.177092280616459e-15 -9.745016354623033e-06
7 18 1.408635531637065e-05 1.549761252966722e-17
8 18 -3.666283359921816e-15 -9.673444437912327e-06
9 18 1.972451019333000e-05 -1.649278745622992e-17
10 18 6.589517677046526e-15 -9.420368073173350e-06
11 18 2.524853910066641e-05 -9.921834487355128e-17
12 18 1.772290859526305e-16 -8.868393790375978e-06
13 18 3.048144312444084e-05 -1.792128207340534e-16
14 18 3.620426399813795e-16 -7.915136886121632e-06
15 18 3.517911832465626e-05 -2.061027904906523e-16
16 18 -2.834169506494129e-15 -6.502625033426559e-06
17 18 3.905758692082627e-05 -1.614170972049808e-16
18 18 -5.145548656109274e-16 -4.641367168898065e-06
19 18 4.183630318873372e-05 -6.970315984319450e-17
20 18 6.221303835265107e-15 -2.420773122985957e-06
21 18 4.328896529913522e-05 1.579241087916975e-17
22 18 1.424092240949248e-15 -4.780488820520318e-17
23 18 4.328896529910237e-05 4.728798808881477e-17
24 18 6.304121957254590e-15 2.420773122957066e-06
25 18 4.183630318865994e-05 9.709110448317792e-18
26 18 -3.990749347690721e-16 4.641367169028536e-06
27 18 3.905758692077172e-05 -6.809952805156247e-17
28 18 -2.758105881403387e-15 6.502625033710993e-06
29 18 3.517911832467668e-05 -1.320664488159721e-16
30 18 3.535847506601228e-16 7.915136886457879e-06
31 18 3.048144312455264e-05 -1.324483672530614e-16
32 18 9.125057460391526e-17 8.868393790623303e-06
33 18 2.524853910082890e-05 -5.517550396964268e-17
34 18 6.485574349462125e-15 9.420368073233708e-06
35 18 1.972451019346694e-05 7.043013951773390e-17
36 18 -3.710152244369780e-15 9.673444437787869e-06
37 18 1.408635531641092e-05 1.865011996053764e-16
38 18 -8.108564110796971e-15 9.745016354413813e-06
39 18 8.435692944714683e-06 2.392000557980585e-16
0 19 2.649656821549449e-15 -4.866991228508512e-06
1 19 1.073310349972571e-17 -1.383219417265398e-16
2 19 -2.703523139797109e-15 -4.866991228600607e-06
3 19 5.619917389125090e-06 -3.643614799875192e-17
4 19 -8.261854779691806e-15 -4.864976212458656e-06
5 19 1.123750804044107e-05 3.801965860467977e-17
6 19 -8.356248203701355e-15 -4.837822169921752e-06
7 19 1.682374390573759e-05 4.409149766929238e-17
8 19 -2.682288164658683e-15 -4.743496012281515e-06
9 19 2.230106130485585e-05 -1.882078969961557e-17
10 19 -3.791808827747952e-15 -4.529341402638386e-06
11 19 2.753109426005306e-05 -1.110454779126780e-16
12 19 -3.227477409387602e-15 -4.143790534447932e-06
13 19 3.231593142381944e-05 -1.763789244030438e-16
14 19 -4.947436637900277e-16 -3.549871121990451e-06
15 19 3.641496952059105e-05 -1.757837107169962e-16
16 19 -3.297148061875039e-15 -2.737674273353371e-06
17 19 3.957616347732378e-05 -1.096571176983159e-16
18 19 1.715211574994184e-15 -1.732182319867663e-06
19 19 4.157631533727069e-05 -1.753454517354153e-17
20 19 6.922922840226895e-15 -5.932793510340235e-07
21 19 4.226137532494350e-05 4.759752551624749e-17
22 19 6.949004022549391e-15 5.932793509591634e-07
23 19 4.157631533724749e-05 5.006680523624639e-17
24 19 1.764426676201350e-15 1.732182319911710e-06
25 19 3.957616347732506e-05 -5.499954276945895e-18
26 19 -3.290955507046500e-15 2.737674273560246e-06
27 19 3.641496952068101e-05 -7.840564642785295e-17
28 19 -5.945124414730404e-16 3.549871122300211e-06
29 19 3.231593142403505e-05 -1.152953430704189e-16
30 19 -3.445357078101815e-15 4.143790534729257e-06
31 19 2.753109426037159e-05 -8.294187090974793e-17
32 19 -4.079783246278260e-15 4.529341402764241e-06
33 19 2.230106130520036e-05 1.304447569859708e-17
34 19 -2.951131473079649e-15 4.743496012204998e-06
35 19 1.682374390601437e-05 1.286241083809014e-16
36 19 -8.522578598543626e-15 4.837822169704751e-06
37 19 1.123750804058994e-05 2.069375328754140e-16
38 19 -8.297552060275119e-15 4.864976212237204e-06
39 19 5.619917389152890e-06 2.092997263698925e-16
0 20 1.884780761743425e-17 9.445017966908202e-17
1 20 2.809958699370066e-06 -1.903408006293416e-17
2 20 -6.063025280566239e-17 -2.490165749713707e-18
3 20 8.428712724323798e-06 6.881606486000004e-17
4 20 -3.723762987797502e-17 -7.450938012386030e-17
5 20 1.403062598186939e-05 1.120177669999733e-16
6 20 7.962663190932242e-17 -8.288417055610302e-17
7 20 1.956240260941543e-05 8.793591761357965e-17
8 20 2.241094450611250e-16 -2.575627755235819e-17
9 20 2.491607778937568e-05 1.305931447227892e-17
10 20 3.118240114591751e-16 6.139731353650773e-17
11 20 2.992351284780686e-05 -6.874894431164986e-17
12 20 2.864240061480823e-16 1.264109224419927e-16
13 20 3.436545047065277e-05 -1.101644850531941e-16
14 20 1.544104069870030e-16 1.319918847757100e-16
15 20 3.799556650197899e-05 -8.936373581898317e-17
16 20 -2.085854208989849e-17 7.636609754363097e-17
17 20 4.057623940626604e-05 -2.122665893093409e-17
18 20 -1.542874881911840e-16 -6.244632169684111e-18
19 20 4.191884532308378e-05 5.173476633631461e-17
20 20 -1.887350582383473e-16 -6.700880729457362e-17
21 20 4.191884532306977e-05 8.651889157936346e-17
22 20 -1.249960238868692e-16 -7.165953213752773e-17
23 20 4.057623940625666e-05 6.395101236291239e-17
24 20 -2.015814790318176e-17 -2.146561843855862e-17
25 20 3.799556650204431e-05 1.193172332571277e-18
26 20 4.818002004727830e-17 4.818723723261338e-17
27 20 3.436545047085683e-05 -6.042619885394019e-17
28 20 2.884146867386057e-17 8.947573891774102e-17
29 20 2.992351284816040e-05 -7.980362796475304e-17
30 20 -7.345495996597023e-17 6.983362711344783e-17
31 20 2.491607778981971e-05 -4.041271970211163e-17
32 20 -2.011389703659480e-16 -6.482317874290197e-18
33 20 1.956240260984645e-05 3.915059908176572e-17
34 20 -2.790294553050497e-16 -1.021868433741007e-16
35 20 1.403062598219129e-05 1.146743824131498e-16
36 20 -2.594946412117661e-16 -1.659788748607765e-16
37 20 8.428712724502063e-06 1.428598441420011e-16
38 20 -1.519190365697513e-16 -1.631287141027196e-16
39 20 2.809958699449120e-06 1.048435461093016e-16
0 21 2.585287170633974e-15 4.866991228675395e-06
1 21 5.621080771457136e-06 9.135543241464225e-17
2 21 8.079220580567920e-15 4.864976212361701e-06
3 21 1.125318545182049e-05 1.503259702091971e-16
4 21 8.321219810197246e-15 4.837822169742414e-06
5 21 1.687820314985496e-05 1.643326583620667e-16
6 21 2.927994473685318e-15 4.743496012150762e-06
7 21 2.242470353233208e-05 1.265519977841548e-16
8 21 4.290381659757770e-15 4.529341402654943e-06
9 21 2.775369216888500e-05 5.874491195052948e-17
10 21 3.801990374839505e-15 4.143790534620340e-06
11 21 3.265883095908089e-05 -1.626540871054592e-18
12 21 9.143598300903529e-16 3.549871122235959e-06
13 21 3.688389159148556e-05 -2.287942068630763e-17
14 21 3.404866387364123e-15 2.737674273547761e-06
15 21 4.015668452991372e-05 3.117291456990026e-18
16 21 -1.915933492988711e-15 1.732182319920543e-06
17 21 4.223386126287772e-05 5.657993619620295e-17
18 21 -7.278299200064890e-15 5.932793509407164e-07
19 21 4.294643529748260e-05 1.021704050579068e-16
20 21 -7.249572697126996e-15 -5.932793511175014e-07
21 21 4.223386126282439e-05 1.108993451624163e-16
22 21 -1.864771687219649e-15 -1.732182320019382e-06
23 21 4.015668452987626e-05 7.582826208366836e-17
24 21 3.390692732383222e-15 -2.737674273539090e-06
25 21 3.688389159155319e-05 1.573261788138466e-17
26 21 7.532285916587959e-16 -3.549871122157036e-06
27 21 3.265883095930968e-05 -3.622651616817869e-17
28 21 3.475181204572567e-15 -4.143790534554162e-06
29 21 2.775369216925721e-05 -5.362316019893112e-17
30 21 3.859549233563855e-15 -4.529341402679142e-06
31 21 2.242470353275838e-05 -3.101263839517855e-17
32 21 2.506242250271229e-15 -4.743496012290705e-06
33 21 1.687820315021932e-05 1.222904975284476e-17
34 21 8.012424380062065e-15 -4.837822169952244e-06
35 21 1.125318545204628e-05 4.305911714195771e-17
36 21 7.923269063598500e-15 -4.864976212548915e-06
37 21 5.621080771546894e-06 3.461308667752394e-17
38 21 2.536109471915017e-15 -4.866991228750069e-06
39 21 1.675465257217327e-17 -1.743434957588704e-17
0 22 1.195744357795170e-15 9.740027517568268e-06
1 22 8.432812648812246e-06 1.416277547402023e-16
2 22 7.896205375297232e-15 9.745016354462529e-06
3 22 1.412767739641420e-05 1.715740918372427e-16
4 22 3.608474614807875e-15 9.673444437733332e-06
5 22 1.987062389541997e-05 1.694168646465657e-16
6 22 -6.363499614223318e-15 9.420368073079881e-06
7 22 2.556722159183251e-05 1.348747404433247e-16
8 22 2.340664572701777e-16 8.868393790419099e-06
9 22 3.103180625327764e-05 8.534735642294413e-17
10 22 2.945604280106710e-17 7.915136886270192e-06
11 22 3.599463242381241e-05 4.560816386056988e-17
12 22 3.013432093103642e-15 6.502625033587424e-06
13 22 4.013218465320760e-05 3.426776329344408e-17
14 22 4.111470589983925e-16 4.641367168973566e-06
15 22 4.311836375136962e-05 5.323380088215057e-17
16 22 -6.516795070398278e-15 2.420773122931865e-06
17 22 4.468659930433187e-05 8.652994535881965e-17
18 22 -1.719201046043032e-15 -1.013417073443042e-16
19 22 4.468659930426894e-05 1.107460656661558e-16
20 22 -6.418040302738365e-15 -2.420773123108758e-06
21 22 4.311836375122399e-05 1.077321526019048e-16
22 22 5.323863771245644e-16 -4.641367169088814e-06
23 22 4.013218465308106e-05 7.463409904600910e-17
24 22 3.048169318380865e-15 -6.502625033641629e-06
25 22 3.599463242380375e-05 2.436490971764363e-17
26 22 -9.323564667815969e-17 -7.915136886298477e-06
27 22 3.103180625342450e-05 -2.233678373711758e-17
28 22 -3.489666038638214e-17 -8.868393790469976e-06
29 22 2.556722159208841e-05 -4.871362801475695e-17
30 22 -6.687293826214134e-15 -9.420368073183311e-06
31 22 1.987062389567873e-05 -5.125706689151325e-17
32 22 3.347453364530644e-15 -9.673444437881810e-06
33 22 1.412767739657073e-05 -4.165013465808880e-17
34 22 7.780189479329467e-15 -9.745016354612328e-06
35 22 8.432812648824103e-06 -3.850520959020681e-17
36 22 1.221385473507140e-15 -9.740027517662482e-06
37 22 2.801815095766133e-06 -5.650645927842368e-17
38 22 4.180037291210132e-17 -9.729952424878786e-06
39 22 -2.801815095857417e-06 -9.603410666535302e-17
0 23 5.052380711007685e-15 1.465039035885530e-05
1 23 1.123430489803240e-05 1.119728383887606e-16
2 23 3.203139083239174e-16 1.470343744192535e-05
3 23 1.709693432383491e-05 1.232900064254346e-16
4 23 -6.282071587733683e-15 1.459052656979396e-05
5 23 2.312900340067443e-05 1.200094603491356e-16
6 23 -5.066605733045449e-15 1.411700621642184e-05
7 23 2.919350032031179e-05 1.000470377254018e-16
8 23 -4.297770051057932e-15 1.308471963775655e-05
9 23 3.502296006719343e-05 7.053544671689254e-17
10 23 4.118884671140111e-16 1.134142120478481e-05
11 23 4.023812101243108e-05 4.464605624441136e-17
12 23 2.118265131476677e-15 8.830279539481337e-06
13 23 4.440141461771773e-05 3.382105879764467e-17
14 23 5.616821000547803e-15 5.624668712259824e-06
15 23 4.709943814004535e-05 4.172158357255314e-17
16 23 -2.451897263536185e-16 1.933141201571180e-06
17 23 4.803489808340696e-05 6.079843136796427e-17
18 23 -1.590175245521068e-16 -1.933141201713178e-06
19 23 4.709943813986592e-05 7.802856729972179e-17
20 23 5.831148764069933e-15 -5.624668712386991e-06
21 23 4.440141461744356e-05 8.042797635642831e-17
22 23 2.349363514043635e-15 -8.830279539586711e-06
23 23 4.023812101218373e-05 6.159522661002192e-17
24 23 5.476950048073506e-16 -1.134142120487127e-05
25 23 3.502296006706336e-05 2.485875551023054e-17
26 23 -4.304318135884581e-15 -1.308471963783408e-05
27 23 2.919350032031022e-05 -1.873858212770762e-17
28 23 -5.174172005912843e-15 -1.411700621649894e-05
29 23 2.312900340073295e-05 -5.492432501039884e-17
30 23 -6.387982659524985e-15 -1.459052656987222e-05
31 23 1.709693432384838e-05 -7.589175020931358e-17
32 23 3.180215634256672e-16 -1.470343744199652e-05
33 23 1.123430489792570e-05 -8.171885709275182e-17
34 23 5.195272726087642e-15 -1.465039035890619e-05
35 23 5.558812268514219e-06 -8.105281347748077e-17
36 23 -2.492280988934793e-16 -1.458283852443464e-05
37 23 -1.402458262528797e-16 -8.399002888115220e-17
38 23 4.940110338956587e-16 -1.458283852441618e-05
39 23 -5.558812268743480e-06 -9.554789192846813e-17
0 24 4.530146249858656e-15 1.968408884258066e-05
1 24 1.399841674750248e-05 2.018954953176979e-17
2 24 7.589536033173541e-16 1.987715808339884e-05
3 24 2.022157962598498e-05 2.777095077757857e-17
4 24 -4.785510905907339e-15 1.975174518209399e-05
5 24 2.682416065168136e-05 3.545497202338166e-17
6 24 -6.360092073804536e-15 1.898628404244197e-05
7 24 3.358584998375693e-05 3.372519966853316e-17
8 24 2.949920591852557e-15 1.728007567905124e-05
9 24 4.009385041219430e-05 1.981713941322375e-17
10 24 7.081430180093831e-15 1.443569045112790e-05
11 24 4.578368390120566e-05 -9.500955575629614e-20
12 24 1.563805388994187e-15 1.043590468421697e-05
13 24 5.003669624330591e-05 -1.464770454769601e-17
14 24 8.763069102737600e-16 5.486546558953721e-06
15 24 5.231865681272234e-05 -1.481529450452153e-17
16 24 3.958490305159100e-16 -9.866135687769835e-18
17 24 5.231865681260696e-05 1.732351889653553e-18
18 24 1.083249303825449e-15 -5.486546558981748e-06
19 24 5.003669624300579e-05 2.729625384279817e-17
20 24 1.892855401964091e-15 -1.043590468426488e-05
21 24 4.578368390083222e-05 4.700260998882204e-17
22 24 7.409983016227238e-15 -1.443569045119346e-05
23 24 4.009385041186447e-05 4.774620036877468e-17
24 24 3.183569549029635e-15 -1.728007567911908e-05
25 24 3.358584998353301e-05 2.477879545205846e-17
26 24 -6.236633642019878e-15 -1.898628404249125e-05
27 24 2.682416065154861e-05 -1.475558431640620e-17
28 24 -4.711430013923589e-15 -1.975174518210964e-05
29 24 2.022157962586480e-05 -5.497717613762097e-17
30 24 8.772861985748592e-16 -1.987715808338200e-05
31 24 1.399841674731119e-05 -7.975455530943952e-17
32 24 4.762370897085446e-15 -1.968408884254816e-05
33 24 8.191175988187365e-06 -8.110806108298255e-17
34 24 -2.240826853771891e-15 -1.944693345426607e-05
35 24 2.692764986170195e-06 -6.303618572082272e-17
36 24 1.971326174755848e-16 -1.934688887574898e-05
37 24 -2.692764986550359e-06 -3.920934564595637e-17
38 24 2.587392237733488e-15 -1.944693345429078e-05
39 24 -8.191175988488331e-06 -2.278609743147407e-17
0 25 -3.013686003804590e-15 2.502011424310832e-05
1 25 1.668311523331325e-05 -8.617814566861295e-17
2 25 -2.555976103528988e-15 2.551303621426071e-05
3 25 2.359784737810862e-05 -6.885669856708044e-17
4 25 -4.903957657119841e-15 2.542645995814337e-05
5 25 3.121718322870966e-05 -4.405517523009014e-17
6 25 1.599014769056749e-15 2.425769758366815e-05
7 25 3.916344521814272e-05 -2.967151290655893e-17
8 25 5.545408146825923e-15 2.157464116209386e-05
9 25 4.676904226188064e-05 -3.520065029206594e-17
10 25 3.788252887721118e-15 1.715182043248602e-05
11 25 5.316297885011884e-05 -5.578312498707781e-17
12 25 3.235634982873555e-16 1.108642240307780e-05
13 25 5.745400514045095e-05 -7.541018090078725e-17
14 25 -6.984271910957903e-15 3.839142370692502e-06
15 25 5.896824644822650e-05 -7.732702660123653e-17
16 25 -6.873051316320741e-15 -3.839142370575222e-06
17 25 5.745400514024289e-05 -5.408956556768096e-17
18 25 6.156537726007414e-16 -1.108642240299970e-05
19 25 5.316297884977513e-05 -1.279956141515946e-17
20 25 4.159997882142094e-15 -1.715182043246282e-05
21 25 4.676904226151179e-05 2.703027913335576e-17
22 25 5.890534020387522e-15 -2.157464116210878e-05
23 25 3.916344521783613e-05 4.528771390508849e-17
24 25 1.856698106332872e-15 -2.425769758368115e-05
25 25 3.121718322849261e-05 3.295859206384310e-17
26 25 -4.719963294867527e-15 -2.542645995811511e-05
27 25 2.359784737794405e-05 -2.575624281142608e-18
28 25 -2.382762822899082e-15 -2.551303621417767e-05
29 25 1.668311523313085e-05 -3.972795880930472e-17
30 25 -2.779951448214718e-15 -2.502011424299294e-05
31 25 1.056339039108697e-05 -5.631300592180507e-17
32 25 -3.050088997964397e-15 -2.440649948611359e-05
33 25 5.099366644733705e-06 -4.091240673982902e-17
34 25 3.959832229415033e-16 -2.401089464312484e-05
35 25 -1.810582543435899e-16 3.457640612869712e-19
36 25 -2.339742165219069e-18 -2.401089464316473e-05
37 25 -5.099366645062728e-06 4.794853474909979e-17
38 25 3.376602619487525e-15 -2.440649948621432e-05
39 25 -1.056339039134010e-05 8.048843796009024e-17
0 26 1.177228505035338e-15 3.098307608164649e-05
1 26 1.924277006346632e-05 -1.541041414607003e-16
2 26 1.573860748497296e-15 3.201966374155263e-05
3 26 2.739827546197293e-05 -1.180323977694760e-16
4 26 -3.335508944190957e-15 3.203033299568016e-05
5 26 3.673352068728465e-05 -7.610662308665420e-17
6 26 3.194991397785919e-16 3.024839165833790e-05
7 26 4.658122472321697e-05 -5.233769726433937e-17
8 26 2.494489336429379e-16 2.607417116757647e-05
9 26 5.582907046343035e-05 -5.826484466208492e-17
10 26 -1.521718119334851e-15 1.930409273154171e-05
11 26 6.310537508734652e-05 -8.498373072452917e-17
12 26 -1.082605970724826e-16 1.030102762533481e-05
13 26 6.713207741077955e-05 -1.105091734255352e-16
14 26 -4.121223085990014e-16 1.102483912768287e-16
15 26 6.713207741070287e-05 -1.117929622328760e-16
16 26 5.865542936315307e-17 -1.030102762514346e-05
17 26 6.310537508714449e-05 -7.930075545397948e-17
18 26 -1.249169526534953e-15 -1.930409273142042e-05
19 26 5.582907046317690e-05 -2.388093641115534e-17
20 26 5.412196308709017e-16 -2.607417116752639e-05
21 26 4.658122472299062e-05 2.951930211067985e-17
22 26 5.592122926337136e-16 -3.024839165831958e-05
23 26 3.673352068713000e-05 5.667676129443139e-17
24 26 -3.169478413202772e-15 -3.203033299563754e-05
25 26 2.739827546188474e-05 4.769955120363679e-17
26 26 1.694850165915552e-15 -3.201966374144917e-05
27 26 1.924277006340116e-05 1.412043751362915e-17
28 26 1.305982947121858e-15 -3.098307608148850e-05
29 26 1.247468720067104e-05 -1.742222368665768e-17
30 26 -5.937351775400495e-15 -2.965682674879238e-05
31 26 6.933580565711853e-06 -2.122212200151023e-17
32 26 -4.701067492164111e-15 -2.862013897264887e-05
33 26 2.215287926309778e-06 1.207008168692051e-17
34 26 1.300588795206119e-16 -2.823401243311215e-05
35 26 -2.215287926491590e-06 7.093137169398014e-17
36 26 4.937486662176864e-15 -2.862013897275363e-05
37 26 -6.933580565855147e-06 1.294208563093546e-16
38 26 6.117017900606832e-15 -2.965682674895622e-05
39 26 -1.247468720076156e-05 1.608312912411672e-16
0 27 9.719961027273859e-15 3.811928067747770e-05
1 27 2.165211110506851e-05 -1.490487003621995e-16
2 27 6.993335133872622e-15 4.004579652353246e-05
3 27 3.194622031152049e-05 -9.236015968770013e-17
4 27 8.154336111468488e-16 4.018398850785872e-05
5 27 4.409477520157104e-05 -3.898452304631548e-17
6 27 8.812730005279431e-16 3.736951853220251e-05
7 27 5.689749450549278e-05 -1.663233851198076e-17
8 27 -3.971690068478829e-16 3.079656248806221e-05
9 27 6.845830735567996e-05 -3.358434496503807e-17
10 27 -5.109899590725288e-15 2.041455228301202e-05
11 27 7.659581131967905e-05 -7.299708607708628e-17
12 27 -1.518045880260777e-15 7.161955968407292e-06
13 27 7.953694902709319e-05 -1.065135218440646e-16
14 27 -1.472827036454142e-15 -7.161955968183884e-06
15 27 7.659581131962540e-05 -1.077943840616179e-16
16 27 -4.996927954055687e-15 -2.041455228284756e-05
17 27 6.845830735560507e-05 -6.895444470671187e-17
18 27 -2.653036771982859e-16 -3.079656248798122e-05
19 27 5.689749450544338e-05 -7.082994744522921e-18
20 27 9.788082260170765e-16 -3.736951853218109e-05
21 27 4.409477520158171e-05 4.874876471739078e-17
22 27 8.488509443026036e-16 -4.018398850784153e-05
23 27 3.194622031159570e-05 7.213858413058097e-17
24 27 6.969573372712767e-15 -4.004579652346410e-05
25 27 2.165211110518455e-05 5.758038549936270e-17
26 27 9.672024263367803e-15 -3.811928067733950e-05
27 27 1.365058398965252e-05 2.174771330018822e-17
28 27 8.397254334330163e-16 -3.556953486361602e-05
29 27 7.774682963929768e-06 -5.113216251768893e-18
30 27 -4.761691091361574e-15 -3.334159684441496e-05
31 27 3.474068289868319e-06 1.666893080864465e-18
32 27 -1.984331125084009e-15 -3.207100368035918e-05
33 27 2.818059446294719e-17 4.680678970757205e-17
34 27 2.001439070155151e-15 -3.207100368041793e-05
35 27 -3.474068289799513e-06 1.112016691887383e-16
36 27 4.755172560724281e-15 -3.334159684456535e-05
37 27 -7.774682963831170e-06 1.642605335708298e-16
38 27 -8.755053377892717e-16 -3.556953486379316e-05
39 27 -1.365058398953134e-05 1.789717690177289e-16
0 28 3.313874174851355e-15 4.731414205896126e-05
1 28 2.394714564696628e-05 -7.148221380394618e-17
2 28 2.587845998605635e-15 5.060737115643891e-05
3 28 3.785149374163489e-05 -3.286122165744941e-19
4 28 -4.233770988196139e-15 5.080252018014103e-05
5 28 5.455869724483046e-05 5.109030099982132e-17
6 28 -4.276450899898785e-15 4.611147719239537e-05
7 28 7.186289204067281e-05 5.848238508698676e-17
8 28 1.513769352041322e-16 3.550556300907210e-05
9 28 8.645920070677899e-05 2.125107944204203e-17
10 28 -1.946934382757194e-15 1.941811187508816e-05
11 28 9.488295835168930e-05 -3.567648110694477e-17
12 28 2.402283026675078e-16 8.010857590974528e-17
13 28 9.488295835170669e-05 -7.707865603910081e-17
14 28 -1.952066438678326e-15 -1.941811187495918e-05
15 28 8.645920070683811e-05 -7.802879976731185e-17
16 28 1.237711157326183e-16 -3.550556300901707e-05
17 28 7.186289204078705e-05 -3.722592168015181e-17
18 28 -4.350947486806575e-15 -4.611147719241314e-05
19 28 5.455869724500918e-05 2.218336095069809e-17
20 28 -4.367799672852959e-15 -5.080252018018700e-05
21 28 3.785149374187325e-05 6.809734431409229e-17
22 28 2.399570042827407e-15 -5.060737115645182e-05
23 28 2.394714564724740e-05 7.656540992250706e-17
24 28 3.091778034442435e-15 -4.731414205890019e-05
25 28 1.372767113338825e-05 4.833636515590598e-17
26 28 3.444424434240695e-15 -4.278347079693881e-05
27 28 7.031581435536252e-06 7.133496162253085e-18
28 28 -6.418760915773821e-15 -3.853295802919238e-05
29 28 3.083596314979979e-06 -1.607093577983481e-17
30 28 1.128227180406687e-15 -3.559911878848066e-05
31 28 8.372619590565587e-07 -1.442095464975498e-18
32 28 -9.987194004295074e-17 -3.456015135821189e-05
33 28 -8.372619588041790e-07 4.725995524081499e-17
34 28 -1.334625020411839e-15 -3.559911878857896e-05
35 28 -3.083596314713980e-06 1.053539334566901e-16
36 28 6.198617802706111e-15 -3.853295802934038e-05
37 28 -7.031581435251525e-06 1.388409366216821e-16
38 28 -3.675741247026972e-15 -4.278347079706883e-05
39 28 -1.372767113309413e-05 1.266606512601750e-16
0 29 4.167595581213517e-15 5.998937972655292e-05
1 29 2.629291305936833e-05 4.356051303786305e-17
2 29 -2.807218700841371e-15 6.530839994591291e-05
3 29 4.626921100089555e-05 1.147214885929803e-16
4 29 -3.541526767880632e-15 6.523436573514798e-05
5 29 7.037631699189799e-05 1.485391157430620e-16
6 29 -4.113600853585521e-15 5.696033322045147e-05
7 29 9.442733545257587e-05 1.281250096390104e-16
8 29 1.164965689098978e-15 3.933234099954918e-05
9 29 1.125278997075375e-04 6.550601589896876e-17
10 29 5.784342797013757e-15 1.409425897672744e-05
11 29 1.192949310018123e-04 -5.238697516245694e-18
12 29 5.749697700009054e-15 -1.409425897668050e-05
13 29 1.125278997076266e-04 -4.885517739217171e-17
14 29 1.061512178934924e-15 -3.933234099955458e-05
15 29 9.442733545275200e-05 -4.575017615176625e-17
16 29 -4.288656063094985e-15 -5.696033322052917e-05
17 29 7.037631699215073e-05 -3.979684793592591e-18
18 29 -3.782962689247065e-15 -6.523436573527124e-05
19 29 4.626921100120869e-05 4.644886668195391e-17
20 29 -3.097553184689911e-15 -6.530839994602518e-05
21 29 2.629291305971708e-05 7.282983431848440e-17
22 29 3.850613832210575e-15 -5.998937972659843e-05
23 29 1.221246452306662e-05 5.938613025178911e-17
24 29 4.095629841044112e-15 -5.233955347635352e-05
25 29 3.872140102136003e-06 1.614025630073477e-17
26 29 1.079588735933037e-16 -4.482535567678240e-05
27 29 8.081413282659686e-08 -2.942981368161558e-17
28 29 -2.001012232690307e-15 -3.907867119776268e-05
29 29 -6.968308928325040e-07 -4.760798589842354e-17
30 29 -1.690520670669571e-15 -3.601033161319257e-05
31 29 1.442942410193251e-16 -2.650182572632327e-17
32 29 1.402006728313872e-15 -3.601033161323440e-05
33 29 6.968308931291350e-07 2.087452573370980e-17
34 29 1.702694039070969e-15 -3.907867119786357e-05
35 29 -8.081413251036389e-08 6.305851957495277e-17
36 29 -4.214277281094670e-16 -4.482535567688391e-05
37 29 -3.872140101796268e-06 7.023057606930759e-17
38 29 -4.418210956949747e-15 -5.233955347639436e-05
39 29 -1.221246452271162e-05 2.977186840374987e-17
0 30 9.915574326563214e-16 7.846513241870332e-05
1 30 2.910474421026180e-05 1.427188100386650e-16
2 30 -5.537686462021725e-15 8.675163046985975e-05
3 30 5.943110076603410e-05 1.961443174183307e-16
4 30 -7.693925374469915e-15 8.547183340233783e-05
5 30 9.570866546314632e-05 1.979339325901227e-16
6 30 3.828809091838982e-15 7.010641896813794e-05
7 30 1.296290377984412e-04 1.462620609011937e-16
8 30 3.241531835209373e-15 3.990935996464768e-05
9 30 1.504739349297749e-04 6.497507236635032e-17
10 30 5.837614079165178e-15 -1.018452228748819e-17
11 30 1.504739349298193e-04 -7.039393824356350e-18
12 30 3.160556573860280e-15 -3.990935996469512e-05
13 30 1.296290377985687e-04 -3.814318025449035e-17
14 30 3.670238230904783e-15 -7.010641896824981e-05
15 30 9.570866546334761e-05 -2.256423291968001e-17
16 30 -7.921106193800269e-15 -8.547183340250983e-05
17 30 5.943110076629173e-05 2.037094933477753e-17
18 30 -5.810017026074856e-15 -8.675163047004607e-05
19 30 2.910474421055018e-05 5.696465490221593e-17
20 30 7.022489823232846e-16 -7.846513241884389e-05
21 30 8.372419228292898e-06 5.897795280671740e-17
22 30 3.975396120183079e-15 -6.590167929702312e-05
23 30 -2.937502039340794e-06 2.318746872439896e-17
24 30 1.883282037751299e-15 -5.322329330313944e-05
25 30 -6.882188590119277e-06 -3.152658998768267e-17
26 30 -5.000830655876175e-15 -4.299418724441259e-05
27 30 -5.923413569304263e-06 -7.384045287474122e-17
28 30 -1.473338222420398e-15 -3.651007585166886e-05
29 30 -2.259244195726598e-06 -8.143971506651668e-17
30 30 -9.509696662520637e-17 -3.430364086484425e-05
31 30 2.259244195874717e-06 -5.269126219185448e-17
32 30 1.274140296916954e-15 -3.651007585172892e-05
33 30 5.923413569475669e-06 -9.966814129803621e-18
34 30 4.777178507852795e-15 -4.299418724449004e-05
35 30 6.882188590331552e-06 1.294143238109105e-17
36 30 -2.138225984692802e-15 -5.322329330317359e-05
37 30 2.937502039598385e-06 -6.103465530442921e-18
38 30 -4.255339133198402e-15 -6.590167929697000e-05
39 30 -8.372419228007165e-06 -6.688074203025276e-17
0 31 -2.192749463031899e-16 1.066813539515611e-04
1 31 3.329768131265606e-05 1.815538120806887e-16
2 31 1.194852236719244e-15 1.193486973508986e-04
3 31 8.182998563121319e-05 2.023189814506888e-16
4 31 -3.718852315235550e-15 1.144295546904035e-04
5 31 1.385582161543047e-04 1.699411506005513e-16
6 31 4.306602173781890e-16 8.453509153084298e-05
7 31 1.860781750696192e-04 9.582999800980873e-17
8 31 6.491477354926229e-15 3.138804930301793e-05
9 31 2.048396310743411e-04 1.471539089824110e-17
10 31 6.471978330860017e-15 -3.138804930304289e-05
11 31 1.860781750696522e-04 -3.709493246780381e-17
12 31 3.677962179860405e-16 -8.453509153092081e-05
13 31 1.385582161543707e-04 -4.077015006858856e-17
14 31 -3.824628926959116e-15 -1.144295546905546e-04
15 31 8.182998563131233e-05 -6.280146217796805e-18
16 31 1.055052986957937e-15 -1.193486973510960e-04
17 31 3.329768131277865e-05 3.702940405691466e-17
18 31 -3.697650485117849e-16 -1.066813539517459e-04
19 31 9.651399036023307e-07 5.540638172182469e-17
20 31 1.327399688438206e-15 -8.615835111904122e-05
21 31 -1.540324430106941e-05 3.323871422985856e-17
22 31 -2.162636469814427e-15 -6.523436573526081e-05
23 31 -1.979660320169039e-05 -1.924477844264628e-17
24 31 -4.236293469274783e-15 -4.804461839400854e-05
25 31 -1.658856695879993e-05 -7.547757424288107e-17
26 31 -1.348884201902522e-15 -3.628310904688214e-05
27 31 -9.194464905877640e-06 -1.060288306559269e-16
28 31 -1.842611884465479e-15 -3.039051513439206e-05
29 31 -5.641772900944349e-17 -9.623254845519614e-17
30 31 1.887853282389118e-15 -3.039051513442195e-05
31 31 9.194464905784141e-06 -5.833456160431958e-17
32 31 1.364146299652681e-15 -3.628310904694903e-05
33 31 1.658856695876032e-05 -2.174549894504397e-17
34 31 4.200749514468557e-15 -4.804461839405783e-05
35 31 1.979660320171954e-05 -1.675579875695232e-17
36 31 2.071768832630837e-15 -6.523436573523805e-05
37 31 1.540324430115784e-05 -5.426633981099103e-17
38 31 -1.462480519841440e-15 -8.615835111892407e-05
39 31 -9.651399034814030e-07 -1.210914071088228e-16
0 32 -1.094325059980748e-15 1.517477973370157e-04
1 32 4.088226429769944e-05 1.464680749408040e-16
2 32 5.748606169404005e-15 1.710100142443518e-04
3 32 1.231019857628781e-04 1.329213240367116e-16
4 32 -3.462934229911402e-15 1.561052726408389e-04
5 32 2.150014472341717e-04 7.533579258746500e-17
6 32 3.072564027486289e-16 9.527189362625175e-05
7 32 2.779667832131728e-04 7.931803025887980e-19
8 32 8.844058480364870e-16 3.262523974719274e-17
9 32 2.779667832131482e-04 -5.678563403181958e-17
10 32 3.424106196463449e-16 -9.527189362621976e-05
11 32 2.150014472341054e-04 -6.816367124341122e-17
12 32 -3.412672250557800e-15 -1.561052726408874e-04
13 32 1.231019857627944e-04 -3.574652214808604e-17
14 32 5.793251165220497e-15 -1.710100142444800e-04
15 32 4.088226429762080e-05 1.674346579800445e-17
16 32 -1.057289504076732e-15 -1.517477973371773e-04
17 32 -1.242714693137795e-05 5.414291197193469e-17
18 32 2.907635832974542e-15 -1.176165150312011e-04
19 32 -3.715361410567084e-05 5.062191054204422e-17
20 32 -1.443465016476121e-15 -8.305106027954515e-05
21 32 -4.186930557648405e-05 6.943684295618446e-18
22 32 -4.011106529726486e-15 -5.502719201890157e-05
23 32 -3.509881172488665e-05 -5.462177358433545e-17
24 32 -1.647961281932227e-16 -3.550556300899996e-05
25 32 -2.263591976468592e-05 -1.011997232660304e-16
26 32 2.028654729495929e-15 -2.425369465345733e-05
27 32 -7.759644939499949e-06 -1.095464271652143e-16
28 32 1.573094109793054e-16 -2.060205525037404e-05
29 32 7.759644939152013e-06 -7.934356439879064e-17
30 32 -1.738932313687793e-15 -2.425369465351684e-05
31 32 2.263591976438893e-05 -3.303292332832792e-17
32 32 3.942878495883652e-16 -3.550556300907653e-05
33 32 3.509881172467323e-05 -3.384566407730754e-18
34 32 4.164082237595195e-15 -5.502719201893502e-05
35 32 4.186930557635138e-05 -1.183633095994045e-17
36 32 1.528081798537226e-15 -8.305106027949440e-05
37 32 3.715361410558930e-05 -5.639486368109303e-17
38 32 -2.862136692641245e-15 -1.176165150310710e-04
39 32 1.242714693131023e-05 -1.133192502348850e-16
0 33 8.241123339802697e-15 2.275578634669624e-04
1 33 5.660629074125507e-05 6.182726033442985e-17
2 33 3.043384571423468e-15 2.568708999899674e-04
3 33 2.057337105104607e-04 2.493483836463112e-17
4 33 -3.731900408289034e-15 2.145141817594553e-04
5 33 3.585698127017510e-04 -3.624700173571539e-17
6 33 -8.937031736769964e-15 8.508876652952040e-05
7 33 4.253448499853938e-04 -8.900352189725931e-17
8 33 -8.877623226100108e-15 -8.508876652934381e-05
9 33 3.585698127016282e-04 -1.030778766659058e-16
10 33 -3.572305603683927e-15 -2.145141817593520e-04
11 33 2.057337105102538e-04 -6.952360429796607e-17
12 33 3.247463053917417e-15 -2.568708999899682e-04
13 33 5.660629074102275e-05 -4.928080953698717e-18
14 33 8.442260107385694e-15 -2.275578634670434e-04
15 33 -3.711521073548763e-05 5.344899617325326e-17
16 33 2.420900020111529e-15 -1.682723399710460e-04
17 33 -7.543914226428790e-05 7.394234349707233e-17
18 33 -4.241316490965115e-15 -1.097881875216382e-04
19 33 -7.874798547121766e-05 4.643698280578637e-17
20 33 -1.907960463035609e-15 -6.448175025599968e-05
21 33 -6.501557465570329e-05 -1.275529641509945e-17
22 33 3.136200682469836e-16 -3.384579444061050e-05
23 33 -4.468690018313020e-05 -7.281669505169506e-17
24 33 5.237661100928294e-15 -1.557896950432554e-05
25 33 -2.248712989897842e-05 -1.003153475168241e-16
26 33 -8.230521016483833e-16 -7.161955968197358e-06
27 33 -2.304872450428655e-16 -8.322513807317007e-17
28 33 1.284493394187473e-15 -7.161955968236529e-06
29 33 2.248712989855022e-05 -3.385918515576555e-17
30 33 -4.832508763506717e-15 -1.557896950441803e-05
31 33 4.468690018278473e-05 1.728903315983502e-17
32 33 3.648890451223579e-18 -3.384579444069923e-05
33 33 6.501557465545102e-05 3.937277432630734e-17
34 33 2.144667899303162e-15 -6.448175025602832e-05
35 33 7.874798547102711e-05 2.258778537562023e-17
36 33 4.432804120282946e-15 -1.097881875215861e-04
37 33 7.543914226410548e-05 -1.967267397040756e-17
38 33 -2.236540907812915e-15 -1.682723399709473e-04
39 33 3.711521073527571e-05 -5.791672107679369e-17
0 34 6.910877688481170e-15 3.641251003820784e-04
1 34 9.324859537398168e-05 -2.368572098852431e-17
2 34 3.537992248798954e-15 4.079129674471849e-04
3 34 3.878741312419822e-04 -6.722108174473982e-17
4 34 -4.143561266674707e-15 2.858352903157052e-04
5 34 6.394979540580327e-04 -1.121867206021550e-16
6 34 -8.917630806313136e-15 1.398008218311742e-16
7 34 6.394979540579447e-04 -1.281139184376715e-16
8 34 -3.973478346454767e-15 -2.858352903154673e-04
9 34 3.878741312417471e-04 -9.594713585712290e-17
10 34 3.814471961236984e-15 -4.079129674470522e-04
11 34 9.324859537368460e-05 -2.779419380861536e-17
12 34 7.206418879957265e-15 -3.641251003820589e-04
13 34 -8.621360077275049e-05 4.876932428566041e-17
14 34 2.447692901887898e-15 -2.533210288678943e-04
15 34 -1.460999295141615e-04 9.596174013673730e-17
16 34 -6.426065952860899e-15 -1.496026476074299e-04
17 34 -1.410909667943246e-04 9.171690623735476e-17
18 34 -1.765690504076679e-15 -7.570481199151026e-05
19 34 -1.119193094230783e-04 4.142438791003642e-17
20 34 1.648957379828561e-15 -2.947345528050837e-05
21 34 -7.777113554232435e-05 -2.636633309199079e-17
22 34 5.569927544849178e-15 -3.007836573640382e-06
23 34 -4.511282953369875e-05 -7.455109535441385e-17
24 34 5.572047154084848e-16 1.030102762533052e-05
25 34 -1.472748495963043e-05 -7.802333677183960e-17
26 34 2.198534640204495e-16 1.432391193667544e-05
27 34 1.472748495925923e-05 -3.690423701244501e-17
28 34 -1.523646904038281e-16 1.030102762524885e-05
29 34 4.511282953339798e-05 2.496861725226493e-17
30 34 -5.251362220879839e-15 -3.007836573757994e-06
31 34 7.777113554211980e-05 7.395211229500677e-17
32 34 -1.419003260665979e-15 -2.947345528059987e-05
33 34 1.119193094229461e-04 8.735894897132424e-17
34 34 1.946744268165015e-15 -7.570481199153279e-05
35 34 1.410909667941941e-04 6.421915142719477e-17
36 34 6.621086443270847e-15 -1.496026476073921e-04
37 34 1.460999295139664e-04 2.785329872681683e-17
38 34 -2.201346133966393e-15 -2.533210288678506e-04
39 34 8.621360077248036e-05 8.676721982248695e-18
0 35 4.649073792735500e-15 6.353186656065244e-04
1 35 1.925012826428261e-04 -6.580089750117601e-17
2 35 2.771449401596211e-15 6.908136666268180e-04
3 35 8.376934321468604e-04 -9.952459629705669e-17
4 35 -8.404865297222333e-15 3.166821595376060e-04
5 35 1.188007544227328e-03 -1.194936960140584e-16
6 35 -8.303117516094161e-15 -3.166821595373166e-04
7 35 8.376934321466845e-04 -1.009102222277164e-16
8 35 3.031193903316132e-15 -6.908136666266064e-04
9 35 1.925012826425464e-04 -4.065854393008045e-17
10 35 4.950174289578078e-15 -6.353186656064281e-04
11 35 -1.970102421470223e-04 3.921062955302652e-17
12 35 1.597628025863408e-16 -4.037691769125796e-04
13 35 -2.869111083630212e-04 1.052792312783370e-16
14 35 -3.614339612141438e-15 -2.065990448732462e-04
15 35 -2.498295481401406e-04 1.256287104427678e-16
16 35 -1.624311148670008e-16 -8.393047242155564e-05
17 35 -1.845098859571670e-04 9.363140395673402e-17
18 35 -6.846205953962449e-16 -1.695235885196834e-05
19 35 -1.243803081206526e-04 2.798342951778760e-17
20 35 2.053822152837746e-15 1.715182043247038e-05
21 35 -7.551189134648045e-05 -3.634328749162761e-17
22 35 7.394134103270243e-15 3.339835170826870e-05
23 35 -3.549243527723120e-05 -6.483063324906425e-17
24 35 3.289093896848631e-15 3.983266415806785e-05
25 35 -8.114760943532068e-17 -4.384016546744513e-17
26 35 -3.052238923606879e-15 3.983266415802307e-05
27 35 3.549243527711070e-05 1.362509234298443e-17
28 35 -7.227377770683439e-15 3.339835170815752e-05
29 35 7.551189134645676e-05 7.726463626195844e-17
30 35 -1.982947006499145e-15 1.715182043235063e-05
31 35 1.243803081207185e-04 1.159000463018170e-16
32 35 6.973858631832792e-16 -1.695235885204160e-05
33 35 1.845098859572472e-04 1.146634496109315e-16
34 35 1.920508019841472e-16 -8.393047242156173e-05
35 35 2.498295481401352e-04 8.569803430163184e-17
36 35 3.738549842988021e-15 -2.065990448732178e-04
37 35 2.869111083628769e-04 5.302074387715305e-17
38 35 7.614066520097846e-17 -4.037691769125822e-04
39 35 1.970102421467621e-04 4.511644027458168e-17
0 36 5.167072121024705e-15 1.259006757045618e-03
1 36 5.314484342413070e-04 -4.696485715096878e-17
2 36 6.166249365877427e-16 1.240126159807693e-03
3 36 2.086831246488486e-03 -6.808971228374151e-17
4 36 1.915059927318882e-15 1.184024901615602e-16
5 36 2.086831246488407e-03 -6.779317156494762e-17
6 36 8.084879875089641e-16 -1.240126159807494e-03
7 36 5.314484342411006e-04 -3.560158302910058e-17
8 36 5.429085717095243e-15 -1.259006757045505e-03
9 36 -4.982466550311083e-04 2.700565824880348e-17
10 36 -1.140828498985255e-15 -6.862843252240287e-04
11 36 -5.964399667219262e-04 9.283689748470324e-17
12 36 -4.246039865215144e-15 -2.769668965251924e-04
13 36 -4.458733628677196e-04 1.310104232258512e-16
14 36 -4.737116992731750e-15 -7.200404689173351e-05
15 36 -2.944920353529829e-04 1.217088162453139e-16
16 36 -2.252911349514307e-15 1.728007567899752e-05
17 36 -1.853471479160407e-04 7.110942703185475e-17
18 36 8.110588477900803e-16 5.296269046510945e-05
19 36 -1.112224785300120e-04 5.206101964321429e-18
20 36 2.943880259338275e-15 6.598353113228966e-05
21 36 -5.909216108621761e-05 -4.201817198561647e-17
22 36 1.569684524664059e-15 7.012890348770122e-05
23 36 -1.851024476600583e-05 -4.742805871153994e-17
24 36 2.346185781356107e-18 7.101112601821193e-05
25 36 1.851024476608775e-05 -8.258717906337014e-18
26 36 -1.608504709152890e-15 7.012890348762440e-05
27 36 5.909216108638690e-05 5.280029424314975e-17
28 36 -3.083980968509827e-15 6.598353113217591e-05
29 36 1.112224785302935e-04 1.045224046483382e-16
30 36 -1.038097960787100e-15 5.296269046501535e-05
31 36 1.853471479163735e-04 1.236436942090412e-16
32 36 2.020069879865175e-15 1.728007567896180e-05
33 36 2.944920353532571e-04 1.047936591862273e-16
34 36 4.608756706627086e-15 -7.200404689171344e-05
35 36 4.458733628678266e-04 6.609590776880344e-17
36 36 4.287939036302923e-15 -2.769668965251631e-04
37 36 5.964399667218372e-04 3.500461244148956e-17
38 36 1.343041995032574e-15 -6.862843252240503e-04
39 36 4.982466550308840e-04 2.865280550933859e-17
0 37 1.639143449859445e-15 3.066115061214347e-03
1 37 2.138771173292496e-03 1.352587227777006e-17
2 37 5.132927664029886e-15 2.108139314427055e-03
3 37 5.738235648511667e-03 -1.657836960951455e-18
4 37 5.219883399298789e-15 -2.108139314426942e-03
5 37 2.138771173292347e-03 -2.947702335357467e-18
6 37 1.844295861134340e-15 -3.066115061214281e-03
7 37 -1.568859874096336e-03 2.618607111430315e-17
8 37 -2.085688885994428e-15 -1.235382663795327e-03
9 37 -1.351119564097602e-03 6.683429800113112e-17
10 37 -2.008945401861613e-15 -3.072617914643080e-04
11 37 -7.994788678212636e-04 1.014581995004508e-16
12 37 -4.041476208930609e-15 1.411700621643760e-05
13 37 -4.480886507940238e-04 1.097369138980558e-16
14 37 -2.827896583464211e-15 1.040750505718495e-04
15 37 -2.533036164298297e-04 8.255399035466891e-17
16 37 -1.508546984120869e-15 1.195295912098833e-04
17 37 -1.441745631090384e-04 3.231930897232617e-17
18 37 -1.872991543481168e-17 1.147834831892494e-04
19 37 -7.882879960379017e-05 -1.778717456064304e-17
20 37 2.890544578111616e-15 1.074759375004946e-04
21 37 -3.498711698619327e-05 -4.145455480143620e-17
22 37 1.120165385547398e-16 1.030718104130331e-04
23 37 9.017798636593808e-17 -2.687761750810205e-17
24 37 -2.757570439333550e-16 1.030718104129991e-04
25 37 3.498711698643121e-05 1.695386010531962e-17
26 37 -3.150074917561860e-15 1.074759375004108e-04
27 37 7.882879960416196e-05 6.660443758121703e-17
28 37 -3.674526972140821e-16 1.147834831891584e-04
29 37 1.441745631095256e-04 9.596537711041671e-17
30 37 1.056307851937790e-15 1.195295912098299e-04
31 37 2.533036164303240e-04 8.926557509712739e-17
32 37 2.435758278785683e-15 1.040750505718531e-04
33 37 4.480886507943822e-04 5.335752534553564e-17
34 37 3.831629832845814e-15 1.411700621648163e-05
35 37 7.994788678214020e-04 7.508287573798620e-18
36 37 2.024513748645346e-15 -3.072617914642637e-04
37 37 1.351119564097509e-03 -2.176802984320935e-17
38 37 2.255955462899054e-15 -1.235382663795327e-03
39 37 1.568859874096147e-03 -2.753406413468357e-17
0 38 8.405755784778143e-16 1.045073397996319e-02
1 38 1.298910452574062e-02 7.446925134903522e-17
2 38 5.392366795566039e-15 2.952038351788100e-19
3 38 1.298910452574055e-02 5.278486391751527e-17
4 38 9.794242362094828e-16 -1.045073397996322e-02
5 38 -6.944132941133958e-03 3.849378805652297e-17
6 38 -3.110611308411573e-15 -2.103301492257109e-03
7 38 -3.289879691835291e-03 4.086640365034938e-17
8 38 -1.792710710056737e-15 9.673444437883374e-06
9 38 -1.353812329083850e-03 5.013762339650690e-17
10 38 -2.325311193666587e-15 3.312726861073500e-04
11 38 -6.015393333666176e-04 5.879837348416094e-17
12 38 3.796872928826750e-16 3.055870354976992e-04
13 38 -2.938446889285581e-04 5.027250071774520e-17
14 38 9.414663612348045e-16 2.399406417175214e-04
15 38 -1.538746124778358e-04 2.514568097637133e-17
16 38 -2.596410901287812e-16 1.881356056365327e-04
17 38 -8.247072369958461e-05 -5.798015943409187e-18
18 38 -4.564554851362855e-15 1.546135431983923e-04
19 38 -4.102575420764631e-05 -2.920618896817460e-17
20 38 -3.457466711342812e-15 1.362743535826960e-04
21 38 -1.246574226165326e-05 -3.088053432268379e-17
22 38 -6.155179303841799e-17 1.304687314705304e-04
23 38 1.246574226177118e-05 -9.928515769891295e-18
24 38 3.267435310344196e-15 1.362743535826507e-04
25 38 4.102575420789491e-05 2.297928469032010e-17
26 38 4.218810083013206e-15 1.546135431983245e-04
27 38 8.247072370001120e-05 4.880895288290314e-17
28 38 -2.320376967503922e-16 1.881356056364748e-04
29 38 1.538746124783736e-04 5.068257507619528e-17
30 38 -1.467941107687080e-15 2.399406417175018e-04
31 38 2.938446889290507e-04 2.363527762699686e-17
32 38 -7.837975838645431e-16 3.055870354977240e-04
33 38 6.015393333669170e-04 -2.150397512257810e-17
34 38 2.155307886720407e-15 3.312726861074065e-04
35 38 1.353812329083896e-03 -6.559433143976619e-17
36 38 1.850759404275535e-15 9.673444437944845e-06
37 38 3.289879691835152e-03 -9.290579813657846e-17
38 38 3.309654814650871e-15 -2.103301492257069e-03
39 38 6.944132941133791e-03 -9.117309100412995e-17
0 39 1.047263814609384e-15 5.543171298809307e-02
1 39 1.089996477716905e-01 1.095983751602571e-16
2 39 1.157026788100055e-15 -5.543171298809314e-02
3 39 -4.498699902366374e-02 7.319010785905560e-17
4 39 -2.692272971639295e-15 4.864976212468572e-06
5 39 -6.946934756229688e-03 3.676230288597644e-17
6 39 -2.828944359725332e-15 2.117884330781640e-03
7 39 -1.574418686364781e-03 5.687697569944397e-18
8 39 1.235410859505196e-16 1.254829597249678e-03
9 39 -5.064378310191550e-04 -9.291386067301943e-18
10 39 1.771774355561124e-15 7.106908247101885e-04
11 39 -2.075736325378993e-04 -1.577957755386830e-17
12 39 5.881381727162975e-15 4.334260036613660e-04
13 39 -9.868828797318500e-05 -1.809489570485852e-17
14 39 1.381394439055837e-15 2.888905637314681e-04
15 39 -5.076579472494580e-05 -1.995655410487806e-17
16 39 -1.186527999236448e-15 2.110558107679258e-04
17 39 -2.615481806467786e-05 -2.172276389648298e-17
18 39 -1.249229188907777e-15 1.699560685074895e-04
19 39 -1.124732461948830e-05 -2.084053236596972e-17
20 39 -2.622642741436521e-15 1.520600304159927e-04
21 39 -7.612865438737339e-17 -1.460218818843280e-17
22 39 2.688706263900062e-15 1.520600304159806e-04
23 39 1.124732461942507e-05 -4.623923009250801e-18
24 39 1.162035058212027e-15 1.699560685074575e-04
25 39 2.615481806482870e-05 2.466989076090566e-18
26 39 8.842490834621459e-16 2.110558107678844e-04
27 39 5.076579472530873e-05 1.104120255133776e-18
28 39 -1.837431690315970e-15 2.888905637314334e-04
29 39 9.868828797363058e-05 -1.670383911993739e-17
30 39 -6.329899923775214e-15 4.334260036613517e-04
31 39 2.075736325382476e-04 -4.780414214398868e-17
32 39 -2.050695813318526e-15 7.106908247102032e-04
33 39 5.064378310192730e-04 -8.651003024069225e-17
34 39 -1.546056129517928e-16 1.254829597249726e-03
35 39 1.574418686364669e-03 -1.154773488021095e-16
36 39 2.999010996961114e-15 2.117884330781712e-03
37 39 6.946934756229475e-03 -1.321599278777939e-16
38 39 2.915561265231935e-15 4.864976212554053e-06
39 39 4.498699902366350e-02 -1.176113479795230e-16
