0 0 7.493749999999995e-01 4.105266915339017e-17
1 0 1.083737249331217e-01 -1.491448933647374e-17
2 0 -6.249999999998233e-04 5.543004280343326e-02
3 0 1.236045577783308e-02 -1.113766171010026e-17
4 0 -6.250000000006542e-04 1.044710447013626e-02
5 0 1.507490851248590e-03 -6.719533496319779e-18
6 0 -6.250000000020882e-04 3.059939468056374e-03
7 0 -1.023369874625024e-04 2.653502493335045e-18
8 0 -6.249999999984830e-04 1.249381682154281e-03
9 0 -4.435985767148615e-04 1.359448218243443e-17
10 0 -6.249999999946380e-04 6.209887187719285e-04
11 0 -5.448722911550810e-04 1.949269965843009e-17
12 0 -6.249999999914825e-04 3.434181931687297e-04
13 0 -5.830978152420549e-04 1.828381156210142e-17
14 0 -6.249999999974464e-04 1.982647672919910e-04
15 0 -5.997786907099767e-04 8.744003992282352e-18
16 0 -6.250000000064533e-04 1.108955890373344e-04
17 0 -6.074515520868456e-04 -6.656821824781256e-18
18 0 -6.250000000010497e-04 5.010598225744749e-05
19 0 -6.105356488213234e-04 -2.377992924952327e-17
20 0 -6.249999999939632e-04 5.458424454208055e-17
21 0 -6.105356488212858e-04 -3.730074673140177e-17
22 0 -6.250000000011019e-04 -5.010598225734509e-05
23 0 -6.074515520867421e-04 -4.331147201916886e-17
24 0 -6.250000000065363e-04 -1.108955890372515e-04
25 0 -5.997786907098395e-04 -4.014530188512495e-17
26 0 -6.249999999975381e-04 -1.982647672919321e-04
27 0 -5.830978152419255e-04 -2.910059941447562e-17
28 0 -6.249999999915522e-04 -3.434181931686903e-04
29 0 -5.448722911549902e-04 -1.484843671276681e-17
30 0 -6.249999999946614e-04 -6.209887187718985e-04
31 0 -4.435985767148208e-04 -1.217705608017247e-18
32 0 -6.249999999984560e-04 -1.249381682154245e-03
33 0 -1.023369874625012e-04 5.990869980843663e-18
34 0 -6.250000000020210e-04 -3.059939468056323e-03
35 0 1.507490851248576e-03 1.006534360862614e-17
36 0 -6.250000000005716e-04 -1.044710447013619e-02
37 0 1.236045577783308e-02 1.423106092277518e-17
38 0 -6.249999999997702e-04 -5.543004280343319e-02
39 0 1.083737249331219e-01 -1.223931692602634e-17
0 1 -6.250000000009354e-04 -5.543490979466472e-02
1 1 1.236326340978914e-02 -3.188465383015426e-17
2 1 -6.250000000005494e-04 -4.864976212141012e-06
3 1 5.110078584180861e-03 -3.630733315230058e-17
4 1 -6.250000000040295e-04 2.101187250879779e-03
5 1 1.456711137941761e-03 -3.467594919053959e-17
6 1 -6.250000000008350e-04 1.230388077142224e-03
7 1 2.060267128938066e-04 -2.663408138394712e-17
8 1 -6.249999999962511e-04 6.772928759045598e-04
9 1 -2.448032014385423e-04 -1.198102017697764e-17
10 1 -6.249999999967022e-04 3.892733427502509e-04
11 1 -4.272233182143538e-04 -2.996728977274201e-19
12 1 -6.249999999975300e-04 2.313544937288037e-04
13 1 -5.091038523898046e-04 8.229449526281446e-18
14 1 -6.250000000014103e-04 1.362829170397911e-04
15 1 -5.481336873671969e-04 8.853567731612215e-18
16 1 -6.250000000032176e-04 7.221847529672271e-05
17 1 -5.660674939017375e-04 2.038206556476647e-18
18 1 -6.249999999903710e-04 2.265167695274272e-05
19 1 -5.713017934656872e-04 -9.454458399600826e-18
20 1 -6.249999999904199e-04 -2.265167695267272e-05
21 1 -5.660674939016284e-04 -2.283811657092277e-17
22 1 -6.250000000033450e-04 -7.221847529665370e-05
23 1 -5.481336873670094e-04 -3.266672054655090e-17
24 1 -6.250000000015799e-04 -1.362829170397210e-04
25 1 -5.091038523895921e-04 -3.620837006438388e-17
26 1 -6.249999999976937e-04 -2.313544937287313e-04
27 1 -4.272233182141745e-04 -3.265617428772439e-17
28 1 -6.249999999968150e-04 -3.892733427501732e-04
29 1 -2.448032014384290e-04 -2.528398056891691e-17
30 1 -6.249999999962895e-04 -6.772928759044748e-04
31 1 2.060267128938475e-04 -1.651736146500057e-17
32 1 -6.250000000008004e-04 -1.230388077142130e-03
33 1 1.456711137941748e-03 -1.003726990124246e-17
34 1 -6.250000000039467e-04 -2.101187250879679e-03
35 1 5.110078584180832e-03 -9.214579975794710e-18
36 1 -6.250000000004663e-04 4.864976212246313e-06
37 1 1.236326340978918e-02 -1.746078602299912e-17
38 1 -6.250000000007708e-04 5.543490979466481e-02
39 1 -4.561019478951924e-02 -3.110435812334584e-17
0 2 -6.249999999999568e-04 -1.045684449765550e-02
1 2 1.513088664586625e-03 -4.279265339826760e-17
2 2 -6.250000000011892e-04 -2.115770089406323e-03
3 2 1.459461663694744e-03 -5.126091571048931e-17
4 2 -6.250000000032325e-04 -9.673444436736034e-06
5 2 5.595460031101684e-04 -5.281891373001674e-17
6 2 -6.250000000001534e-04 3.042006302970755e-04
7 2 1.064190191772823e-05 -4.177205435180597e-17
8 2 -6.250000000003890e-04 2.695248043201366e-04
9 2 -2.697936373627905e-04 -2.358327936332363e-17
10 2 -6.250000000024730e-04 1.930609706007458e-04
11 2 -4.116691117035063e-04 -3.705440648734074e-18
12 2 -6.250000000036169e-04 1.278267715165098e-04
13 2 -4.847204910972364e-04 1.373240182232027e-17
14 2 -6.250000000038548e-04 7.713740537484936e-05
15 2 -5.216800440098298e-04 2.306867435800100e-17
16 2 -6.250000000021400e-04 3.623728112038314e-05
17 2 -5.373022376770274e-04 2.146979321555244e-17
18 2 -6.250000000028174e-04 8.725199765816509e-18
19 2 -5.373022376769607e-04 1.048028465306906e-17
20 2 -6.250000000022592e-04 -3.623728112035887e-05
21 2 -5.216800440096452e-04 -5.357939366628750e-18
22 2 -6.250000000040550e-04 -7.713740537480725e-05
23 2 -4.847204910969892e-04 -2.112523183782768e-17
24 2 -6.250000000038420e-04 -1.278267715164433e-04
25 2 -4.116691117032621e-04 -3.097026683724604e-17
26 2 -6.250000000026637e-04 -1.930609706006542e-04
27 2 -2.697936373626107e-04 -3.418993695166368e-17
28 2 -6.250000000004995e-04 -2.695248043200257e-04
29 2 1.064190191782062e-05 -2.923978500651298e-17
30 2 -6.250000000001681e-04 -3.042006302969554e-04
31 2 5.595460031101758e-04 -2.230917132493808e-17
32 2 -6.250000000031747e-04 9.673444436859209e-06
33 2 1.459461663694700e-03 -1.304920636268630e-17
34 2 -6.250000000011004e-04 2.115770089406450e-03
35 2 1.513088664586588e-03 -1.158366900911565e-17
36 2 -6.249999999998841e-04 1.045684449765563e-02
37 2 -7.567572711471389e-03 -2.044238352694940e-17
38 2 -6.250000000005120e-04 5.162700685346010e-17
39 2 -7.567572711471379e-03 -2.896631934732325e-17
0 3 -6.249999999991266e-04 -3.074589858412130e-03
1 3 -9.400888974693955e-05 -4.262434059825923e-17
2 3 -6.250000000013879e-04 -1.249835010596409e-03
3 3 2.113544820968387e-04 -5.470363558617269e-17
4 3 -6.250000000015313e-04 -3.282115249388906e-04
5 3 1.308012010861330e-05 -5.464246125273250e-17
6 3 -6.250000000012253e-04 -1.411700621603910e-05
7 3 -2.002045858051149e-04 -4.242413896820327e-17
8 3 -6.250000000034004e-04 6.743801258131139e-05
9 3 -3.455035089143319e-04 -1.932149783826852e-17
10 3 -6.250000000062840e-04 7.294839871751076e-05
11 3 -4.336698622307028e-04 7.909952421184548e-18
12 3 -6.250000000008006e-04 5.617644363492302e-05
13 3 -4.840663888885147e-04 3.108680307580650e-17
14 3 -6.249999999976804e-04 3.408254364079433e-05
15 3 -5.097899651362117e-04 4.334218885004624e-17
16 3 -6.250000000012834e-04 1.133358544491046e-05
17 3 -5.176718918523585e-04 4.149173244270972e-17
18 3 -6.250000000013495e-04 -1.133358544494267e-05
19 3 -5.097899651360778e-04 2.776741760831065e-17
20 3 -6.249999999978583e-04 -3.408254364080334e-05
21 3 -4.840663888882861e-04 7.349243034084350e-18
22 3 -6.250000000010392e-04 -5.617644363489382e-05
23 3 -4.336698622304485e-04 -1.266991192595958e-17
24 3 -6.250000000065106e-04 -7.294839871743925e-05
25 3 -3.455035089141174e-04 -2.550733410482306e-17
26 3 -6.250000000035604e-04 -6.743801258120509e-05
27 3 -2.002045858049891e-04 -2.801196367396007e-17
28 3 -6.250000000012810e-04 1.411700621616518e-05
29 3 1.308012010864324e-05 -2.163935466686052e-17
30 3 -6.250000000014917e-04 3.282115249390181e-04
31 3 2.113544820967997e-04 -8.921812137805830e-18
32 3 -6.250000000012902e-04 1.249835010596524e-03
33 3 -9.400888974700776e-05 -1.917303732012955e-18
34 3 -6.249999999990268e-04 3.074589858412239e-03
35 3 -2.192690068932637e-03 -8.436102040577399e-19
36 3 -6.249999999961829e-04 2.110932267235802e-03
37 3 -3.911330773280835e-03 -9.725285757506480e-18
38 3 -6.249999999962163e-04 -2.110932267235711e-03
39 3 -2.192690068932585e-03 -2.201790237671286e-17
0 4 -6.250000000016693e-04 -1.269065770997285e-03
1 4 -4.326809156729423e-04 -3.049842737262717e-17
2 4 -6.249999999998406e-04 -7.016993753887511e-04
3 4 -2.372710889010050e-04 -4.518790315131426e-17
4 4 -6.249999999993472e-04 -2.981449432919199e-04
5 4 -2.655859917634685e-04 -4.539706323281467e-17
6 4 -6.250000000027810e-04 -9.950901626012453e-05
7 4 -3.440663988265224e-04 -2.973789651304212e-17
8 4 -6.250000000032073e-04 -1.728007568101792e-05
9 4 -4.136174575352304e-04 -4.179577191568787e-18
10 4 -6.249999999996599e-04 1.046826964886185e-05
11 4 -4.624422152265184e-04 2.548776886860625e-17
12 4 -6.249999999973482e-04 1.459527291758650e-05
13 4 -4.920957556406645e-04 4.911748613821653e-17
14 4 -6.250000000019459e-04 9.015273357521522e-06
15 4 -5.059234727469626e-04 5.932128487299806e-17
16 4 -6.250000000044241e-04 -3.748227084069450e-17
17 4 -5.059234727468997e-04 5.402831131181067e-17
18 4 -6.250000000020638e-04 -9.015273357581667e-06
19 4 -4.920957556404993e-04 3.657368180581211e-17
20 4 -6.249999999975472e-04 -1.459527291760667e-05
21 4 -4.624422152263018e-04 1.306937348761745e-17
22 4 -6.249999999998765e-04 -1.046826964883032e-05
23 4 -4.136174575350291e-04 -7.482327469328376e-18
24 4 -6.250000000033776e-04 1.728007568109613e-05
25 4 -3.440663988263886e-04 -1.757494471844874e-17
26 4 -6.250000000028583e-04 9.950901626023318e-05
27 4 -2.655859917634311e-04 -1.491380542419554e-17
28 4 -6.249999999993229e-04 2.981449432920317e-04
29 4 -2.372710889010490e-04 -3.254817912296290e-18
30 4 -6.249999999997399e-04 7.016993753888469e-04
31 4 -4.326809156730259e-04 1.153336937170105e-17
32 4 -6.250000000015532e-04 1.269065770997357e-03
33 4 -1.122587164249288e-03 2.173143353521492e-17
34 4 -6.249999999972986e-04 1.245091514583704e-03
35 4 -1.973729539441199e-03 2.243353622475884e-17
36 4 -6.249999999956357e-04 1.755672042834037e-17
37 4 -1.973729539441171e-03 1.045203702833244e-17
38 4 -6.249999999973762e-04 -1.245091514583660e-03
39 4 -1.122587164249208e-03 -9.141799972828745e-18
0 5 -6.250000000003962e-04 -6.460088330154233e-04
1 5 -5.316318935479644e-04 -1.396184544819376e-17
2 5 -6.249999999970569e-04 -4.189301694973741e-04
3 5 -4.181623346302348e-04 -2.823648962306272e-17
4 5 -6.250000000019260e-04 -2.264025674495055e-04
5 5 -4.068916625080540e-04 -2.924870183422290e-17
6 5 -6.249999999974168e-04 -1.085475175054535e-04
7 5 -4.325951864272455e-04 -1.393263500941067e-17
8 5 -6.249999999969240e-04 -4.647860126192745e-05
9 5 -4.634275735890032e-04 1.195729041194932e-17
10 5 -6.249999999985727e-04 -1.715182043212802e-05
11 5 -4.877762534910293e-04 3.933007368170403e-17
12 5 -6.249999999977785e-04 -5.019072349105735e-06
13 5 -5.025762383428926e-04 5.895123198359145e-17
14 5 -6.249999999976920e-04 -9.006895181561011e-07
15 5 -5.074835127485083e-04 6.428195990667339e-17
16 5 -6.249999999977395e-04 9.006895180656601e-07
17 5 -5.025762383428055e-04 5.477125688186709e-17
18 5 -6.249999999979070e-04 5.019072349045858e-06
19 5 -4.877762534908861e-04 3.462686050773885e-17
20 5 -6.249999999987346e-04 1.715182043211703e-05
21 5 -4.634275735888545e-04 1.180397230961992e-17
22 5 -6.249999999970635e-04 4.647860126196792e-05
23 5 -4.325951864271432e-04 -3.954596829218294e-18
24 5 -6.249999999974859e-04 1.085475175055305e-04
25 5 -4.068916625080312e-04 -7.815850729988898e-18
26 5 -6.250000000019057e-04 2.264025674495926e-04
27 5 -4.181623346302900e-04 2.633940570432431e-18
28 5 -6.249999999969548e-04 4.189301694974427e-04
29 5 -5.316318935480707e-04 2.092515119075285e-17
30 5 -6.250000000002612e-04 6.460088330154567e-04
31 5 -8.219409396940915e-04 3.975398317363699e-17
32 5 -6.250000000022608e-04 6.971700339891530e-04
33 5 -1.220472632003335e-03 4.973704396114568e-17
34 5 -6.250000000002715e-04 3.187911568662599e-04
35 5 -1.421567058748873e-03 4.939221864820355e-17
36 5 -6.250000000003173e-04 -3.187911568662932e-04
37 5 -1.220472632003267e-03 3.463025149717233e-17
38 5 -6.250000000023762e-04 -6.971700339891591e-04
39 5 -8.219409396939799e-04 1.057426039690094e-17
0 6 -6.249999999975462e-04 -3.744012692520531e-04
1 6 -5.679751348287760e-04 2.109894945022613e-18
2 6 -6.249999999933330e-04 -2.669240285923719e-04
3 6 -4.996182362573794e-04 -1.386034122076425e-17
4 6 -6.249999999990758e-04 -1.663597295439853e-04
5 6 -4.813218271299074e-04 -1.535683925242589e-17
6 6 -6.249999999957444e-04 -9.525511483660914e-05
7 6 -4.862461989949394e-04 -1.579389971881138e-18
8 6 -6.249999999956584e-04 -5.110534876717542e-05
9 6 -4.978881298580764e-04 2.102057428365709e-17
10 6 -6.249999999991504e-04 -2.537144278571282e-05
11 6 -5.082276082915440e-04 4.346440314942725e-17
12 6 -6.250000000008947e-04 -1.030102762463385e-05
13 6 -5.139508271594265e-04 5.717212383221209e-17
14 6 -6.250000000021078e-04 -4.539733081928173e-17
15 6 -5.139508271594008e-04 5.738683765548725e-17
16 6 -6.250000000009479e-04 1.030102762455728e-05
17 6 -5.082276082914791e-04 4.487104859896218e-17
18 6 -6.249999999992336e-04 2.537144278567426e-05
19 6 -4.978881298580042e-04 2.545044016052722e-17
20 6 -6.249999999957340e-04 5.110534876718381e-05
21 6 -4.862461989948942e-04 7.039269714015133e-18
22 6 -6.249999999957750e-04 9.525511483665510e-05
23 6 -4.813218271299180e-04 -9.989395990375332e-19
24 6 -6.249999999990385e-04 1.663597295440452e-04
25 6 -4.996182362574520e-04 3.944495801384900e-18
26 6 -6.249999999932287e-04 2.669240285924172e-04
27 6 -5.679751348288943e-04 2.150052355445467e-17
28 6 -6.249999999974031e-04 3.744012692520564e-04
29 6 -7.117609475703740e-04 4.495454858309498e-17
30 6 -6.250000000012872e-04 4.147863789655780e-04
31 6 -9.125120851079893e-04 6.644340246214994e-17
32 6 -6.250000000014243e-04 2.892765495017391e-04
33 6 -1.070499004793643e-03 7.766113136270611e-17
34 6 -6.250000000079474e-04 -5.038041676813526e-17
35 6 -1.070499004793608e-03 7.358951078944182e-17
36 6 -6.250000000015076e-04 -2.892765495018251e-04
37 6 -9.125120851078924e-04 5.457259775102809e-17
38 6 -6.250000000014223e-04 -4.147863789656242e-04
39 6 -7.117609475702432e-04 2.731992617198063e-17
0 7 -6.249999999992129e-04 -2.363840479682755e-04
1 7 -5.834352353050297e-04 1.027949342741136e-17
2 7 -6.249999999976876e-04 -1.790663878385545e-04
3 7 -5.399232231415983e-04 -6.696422971937004e-18
4 7 -6.249999999958764e-04 -1.219627610488013e-04
5 7 -5.226564554610415e-04 -8.470598729966941e-18
6 7 -6.249999999999663e-04 -7.707673088621003e-05
7 7 -5.195880215068536e-04 2.582317724674133e-18
8 7 -6.249999999979421e-04 -4.529838240271981e-05
9 7 -5.220631232885306e-04 2.048681756930311e-17
10 7 -6.250000000016741e-04 -2.335300513533017e-05
11 7 -5.251110776196692e-04 3.714679588777626e-17
12 7 -6.250000000030602e-04 -7.161955970140398e-06
13 7 -5.263556987799647e-04 4.578297350034901e-17
14 7 -6.250000000030655e-04 7.161955970073530e-06
15 7 -5.251110776196669e-04 4.308505377364726e-17
16 7 -6.250000000016884e-04 2.335300513528629e-05
17 7 -5.220631232885348e-04 3.069946251908035e-17
18 7 -6.249999999979458e-04 4.529838240271263e-05
19 7 -5.195880215068761e-04 1.506750362421247e-17
20 7 -6.249999999999397e-04 7.707673088623586e-05
21 7 -5.226564554610968e-04 3.202877249893445e-18
22 7 -6.249999999958075e-04 1.219627610488428e-04
23 7 -5.399232231416920e-04 1.558488787046950e-18
24 7 -6.249999999975768e-04 1.790663878385845e-04
25 7 -5.834352353051510e-04 1.343535936485516e-17
26 7 -6.249999999990733e-04 2.363840479682691e-04
27 7 -6.632421616808744e-04 3.555986704386910e-17
28 7 -6.249999999995008e-04 2.633741574706439e-04
29 7 -7.732634705428859e-04 6.090498004857151e-17
30 7 -6.249999999982705e-04 2.184874305636079e-04
31 7 -8.771355160542798e-04 8.255101373956588e-17
32 7 -6.250000000057892e-04 8.642429662273581e-05
33 7 -9.208077320314672e-04 9.114167256363638e-17
34 7 -6.250000000058266e-04 -8.642429662287626e-05
35 7 -8.771355160542202e-04 8.478840430147507e-17
36 7 -6.249999999983696e-04 -2.184874305637180e-04
37 7 -7.732634705427796e-04 6.385980842038231e-17
38 7 -6.249999999996399e-04 -2.633741574707037e-04
39 7 -6.632421616807505e-04 3.586120912778002e-17
0 8 -6.250000000043046e-04 -1.582097310971790e-04
1 8 -5.908224583228128e-04 8.623914826467336e-18
2 8 -6.250000000050487e-04 -1.245580287721976e-04
3 8 -5.616851263818458e-04 -7.119378234624179e-18
4 8 -6.250000000027052e-04 -8.946057442233491e-05
5 8 -5.471743356182288e-04 -1.018740174483108e-17
6 8 -6.250000000049777e-04 -5.937820383892398e-05
7 8 -5.414998858139998e-04 -2.109045617569324e-18
8 8 -6.249999999996140e-04 -3.550556300968727e-05
9 8 -5.400640166364453e-04 1.234930162103464e-17
10 8 -6.250000000008304e-04 -1.647965901961294e-05
11 8 -5.400051915556997e-04 2.535555279416012e-17
12 8 -6.250000000065786e-04 -2.050070762788035e-17
13 8 -5.400051915557180e-04 3.164297136570995e-17
14 8 -6.250000000008016e-04 1.647965901958135e-05
15 8 -5.400640166365001e-04 2.882152132720321e-17
16 8 -6.249999999995594e-04 3.550556300967906e-05
17 8 -5.414998858140849e-04 1.899338455447097e-17
18 8 -6.250000000048941e-04 5.937820383894269e-05
19 8 -5.471743356183350e-04 7.197322264716294e-18
20 8 -6.250000000025991e-04 8.946057442236910e-05
21 8 -5.616851263819626e-04 -3.996028811406687e-19
22 8 -6.250000000049296e-04 1.245580287722261e-04
23 8 -5.908224583229298e-04 2.134038812803919e-18
24 8 -6.250000000041811e-04 1.582097310971788e-04
25 8 -6.390301976032753e-04 1.573981297144011e-17
26 8 -6.250000000036330e-04 1.763287135626735e-04
27 8 -7.039879842347066e-04 3.818343442291140e-17
28 8 -6.250000000024150e-04 1.598571045124051e-04
29 8 -7.709421286115117e-04 6.242205352767736e-17
30 8 -6.249999999976079e-04 9.720609629919852e-05
31 8 -8.147886752403620e-04 8.104672707510285e-17
32 8 -6.249999999996708e-04 -7.616527617784657e-17
33 8 -8.147886752403449e-04 8.861880532498115e-17
34 8 -6.249999999976577e-04 -9.720609629933551e-05
35 8 -7.709421286114615e-04 8.140693698385409e-17
36 8 -6.250000000025055e-04 -1.598571045125035e-04
37 8 -7.039879842346249e-04 5.998984701248676e-17
38 8 -6.250000000037502e-04 -1.763287135627206e-04
39 8 -6.390301976031694e-04 3.349864255157020e-17
0 9 -6.250000000068857e-04 -1.100953619820233e-04
1 9 -5.949097165664654e-04 3.014699128167170e-19
2 9 -6.250000000041447e-04 -8.855335625026126e-05
3 9 -5.746245691788123e-04 -1.388800594751305e-17
4 9 -6.250000000025247e-04 -6.523436573501137e-05
5 9 -5.629919553653117e-04 -1.714461393934634e-17
6 9 -6.250000000023828e-04 -4.369360657456906e-05
7 9 -5.571178624550733e-04 -9.997557977844430e-18
8 9 -6.250000000003374e-04 -2.483052108509668e-05
9 9 -5.545869590982432e-04 2.886038381729716e-18
10 9 -6.249999999975200e-04 -8.026908925541220e-06
11 9 -5.539082056356175e-04 1.524256333813259e-17
12 9 -6.249999999974892e-04 8.026908925529303e-06
13 9 -5.545869590983114e-04 2.163225242713808e-17
14 9 -6.250000000002510e-04 2.483052108509634e-05
15 9 -5.571178624551925e-04 2.030266081222813e-17
16 9 -6.250000000022591e-04 4.369360657458629e-05
17 9 -5.629919553654559e-04 1.276014832885252e-17
18 9 -6.250000000023869e-04 6.523436573504259e-05
19 9 -5.746245691789485e-04 1.669705879186048e-18
20 9 -6.250000000040151e-04 8.855335625029229e-05
21 9 -5.949097165665722e-04 -5.067916505317551e-18
22 9 -6.250000000067799e-04 1.100953619820387e-04
23 9 -6.259512509166818e-04 -3.563228844266987e-18
24 9 -6.250000000024425e-04 1.228258464515517e-04
25 9 -6.667420951592176e-04 7.592909568346089e-18
26 9 -6.250000000028415e-04 1.173213938815550e-04
27 9 -7.107078517931702e-04 2.662485963009663e-17
28 9 -6.249999999962347e-04 8.642483529282011e-05
29 9 -7.457692738158321e-04 4.746152481189442e-17
30 9 -6.249999999940728e-04 3.204291081102078e-05
31 9 -7.592887256871559e-04 6.459362457141011e-17
32 9 -6.249999999940806e-04 -3.204291081113935e-05
33 9 -7.457692738158321e-04 7.117343835213083e-17
34 9 -6.249999999962597e-04 -8.642483529291647e-05
35 9 -7.107078517931621e-04 6.463241650643722e-17
36 9 -6.250000000028877e-04 -1.173213938816140e-04
37 9 -6.667420951591849e-04 4.669347239192565e-17
38 9 -6.250000000025157e-04 -1.228258464515694e-04
39 9 -6.259512509166111e-04 2.306766283725936e-17
0 10 -6.250000000023920e-04 -7.846513241725498e-05
1 10 -5.977215477158124e-04 -9.431568564973042e-18
2 10 -6.250000000029585e-04 -6.350667416639683e-05
3 10 -5.832647334030845e-04 -2.156827535992439e-17
4 10 -6.249999999998008e-04 -4.681377916282848e-05
5 10 -5.742703457220187e-04 -2.370822015792473e-17
6 10 -6.249999999986777e-04 -3.039920661474724e-05
7 10 -5.692940120676917e-04 -1.581263149279442e-17
8 10 -6.249999999941621e-04 -1.487818236389218e-05
9 10 -5.671324662549575e-04 -2.007752607314954e-18
10 10 -6.249999999967928e-04 2.499385673979218e-18
11 10 -5.671324662550033e-04 1.176976921077355e-17
12 10 -6.249999999940794e-04 1.487818236390078e-05
13 10 -5.692940120678141e-04 1.977463953254069e-17
14 10 -6.249999999985371e-04 3.039920661476491e-05
15 10 -5.742703457221818e-04 1.939270644658814e-17
16 10 -6.249999999996393e-04 4.681377916285576e-05
17 10 -5.832647334032371e-04 1.077421850085058e-17
18 10 -6.250000000028185e-04 6.350667416642780e-05
19 10 -5.977215477159148e-04 -2.444278292632963e-18
20 10 -6.250000000023045e-04 7.846513241728057e-05
21 10 -6.186533468625056e-04 -1.327611997960737e-17
22 10 -6.249999999960073e-04 8.796007690072641e-05
23 10 -6.455496909841674e-04 -1.774710263315211e-17
24 10 -6.250000000003536e-04 8.703980129738152e-05
25 10 -6.752255954056087e-04 -1.193360524124973e-17
26 10 -6.249999999989687e-04 7.145206217336566e-05
27 10 -7.015800335458645e-04 2.623236875830402e-18
28 10 -6.249999999971907e-04 4.066944408267497e-05
29 10 -7.173082280207745e-04 2.150506453406817e-17
30 10 -6.249999999976883e-04 -3.048240528368694e-17
31 10 -7.173082280207961e-04 3.800216196062558e-17
32 10 -6.249999999971616e-04 -4.066944408272940e-05
33 10 -7.015800335459211e-04 4.658217983990101e-17
34 10 -6.249999999989329e-04 -7.145206217340139e-05
35 10 -6.752255954056688e-04 4.316615019789239e-17
36 10 -6.250000000003358e-04 -8.703980129739350e-05
37 10 -6.455496909841957e-04 2.993157547649195e-17
38 10 -6.249999999960349e-04 -8.796007690071551e-05
39 10 -6.186533468624704e-04 9.907993832585590e-18
0 11 -6.249999999973521e-04 -5.657537169820498e-05
1 11 -6.001729939830447e-04 -1.613057979324227e-17
2 11 -6.249999999982013e-04 -4.539803973300445e-05
3 11 -5.898069884594549e-04 -2.587432048104976e-17
4 11 -6.249999999967569e-04 -3.265078214806759e-05
5 11 -5.831465226007389e-04 -2.596974778451595e-17
6 11 -6.249999999988027e-04 -1.952836835334498e-05
7 11 -5.795099162850683e-04 -1.601952543929036e-17
8 11 -6.249999999996791e-04 -6.484089203343095e-06
9 11 -5.783632382007636e-04 5.531865858580146e-19
10 11 -6.249999999996305e-04 6.484089203358155e-06
11 11 -5.795099162851659e-04 1.619380810641843e-17
12 11 -6.249999999986723e-04 1.952836835336154e-05
13 11 -5.831465226008959e-04 2.488710804841384e-17
14 11 -6.249999999965897e-04 3.265078214808757e-05
15 11 -5.898069884596156e-04 2.304231634880507e-17
16 11 -6.249999999980542e-04 4.539803973302722e-05
17 11 -6.001729939831508e-04 1.101477688371711e-17
18 11 -6.249999999972714e-04 5.657537169822880e-05
19 11 -6.147039262918615e-04 -8.177365064954739e-18
20 11 -6.249999999948493e-04 6.409995351602280e-05
21 11 -6.330839487235462e-04 -2.634547316641536e-17
22 11 -6.249999999987306e-04 6.523436573507510e-05
23 11 -6.536419088310635e-04 -3.716594652843299e-17
24 11 -6.249999999997179e-04 5.744506263841289e-05
25 11 -6.731319921201776e-04 -3.710688279831719e-17
26 11 -6.249999999984665e-04 3.981183584411058e-05
27 11 -6.873372601253602e-04 -2.579620012216618e-17
28 11 -6.250000000042827e-04 1.428502038803560e-05
29 11 -6.925658469298223e-04 -7.073765095600312e-18
30 11 -6.250000000042446e-04 -1.428502038802262e-05
31 11 -6.873372601254454e-04 1.198825269722181e-17
32 11 -6.249999999983695e-04 -3.981183584409609e-05
33 11 -6.731319921203136e-04 2.424280015326398e-17
34 11 -6.249999999996011e-04 -5.744506263839524e-05
35 11 -6.536419088311951e-04 2.610168383103070e-17
36 11 -6.249999999986484e-04 -6.523436573505436e-05
37 11 -6.330839487236207e-04 1.668066651637407e-17
38 11 -6.249999999948414e-04 -6.409995351599981e-05
39 11 -6.147039262918450e-04 3.766077769330291e-19
0 12 -6.249999999977697e-04 -4.085220829686516e-05
1 12 -6.026653885002920e-04 -1.733884686469751e-17
2 12 -6.249999999974186e-04 -3.198942293010412e-05
3 12 -5.953219465599366e-04 -2.600422213812785e-17
4 12 -6.250000000007868e-04 -2.177587609102227e-05
5 12 -5.906759265204544e-04 -2.375917569044069e-17
6 12 -6.250000000057867e-04 -1.098207370386907e-05
7 12 -5.884473320627313e-04 -1.121105822039034e-17
8 12 -6.250000000068261e-04 9.440901580597893e-18
9 12 -5.884473320627820e-04 7.684196607149199e-18
10 12 -6.250000000056907e-04 1.098207370388589e-05
11 12 -5.906759265205873e-04 2.468360952051062e-17
12 12 -6.250000000006325e-04 2.177587609103522e-05
13 12 -5.953219465600944e-04 3.251261172662066e-17
14 12 -6.249999999972683e-04 3.198942293011338e-05
15 12 -6.026653885004061e-04 2.743240921369247e-17
16 12 -6.249999999976868e-04 4.085220829687361e-05
17 12 -6.128753795379549e-04 9.515144097301416e-18
18 12 -6.249999999956698e-04 4.713022205371409e-05
19 12 -6.257163409486801e-04 -1.601943005623328e-17
20 12 -6.249999999975333e-04 4.923455228789305e-05
21 12 -6.402384784176316e-04 -4.098747088299586e-17
22 12 -6.249999999971803e-04 4.562674777521886e-05
23 12 -6.546217473561830e-04 -5.737997436424800e-17
24 12 -6.250000000036184e-04 3.550556300975602e-05
25 12 -6.663854074685506e-04 -6.002244076388067e-17
26 12 -6.250000000057816e-04 1.951386276509911e-05
27 12 -6.730520526409387e-04 -4.797576938325305e-17
28 12 -6.249999999974067e-04 3.990878768815223e-17
29 12 -6.730520526410004e-04 -2.683371990665311e-17
30 12 -6.250000000056711e-04 -1.951386276502414e-05
31 12 -6.663854074687154e-04 -3.526800584498302e-18
32 12 -6.250000000034374e-04 -3.550556300969445e-05
33 12 -6.546217473563917e-04 1.336716003702377e-17
34 12 -6.249999999969946e-04 -4.562674777517454e-05
35 12 -6.402384784178118e-04 1.896348722411539e-17
36 12 -6.249999999974090e-04 -4.923455228786596e-05
37 12 -6.257163409487736e-04 1.197417083238197e-17
38 12 -6.249999999956484e-04 -4.713022205369974e-05
39 12 -6.128753795379365e-04 -2.588654069658342e-18
0 13 -6.249999999939356e-04 -2.929309617429940e-05
1 13 -6.053386555044919e-04 -1.596981065633756e-17
2 13 -6.250000000002829e-04 -2.196653513887483e-05
3 13 -6.002981977618153e-04 -2.418377551200976e-17
4 13 -6.250000000048556e-04 -1.353807427018341e-05
5 13 -5.973316438154154e-04 -2.029883013034937e-17
6 13 -6.250000000024009e-04 -4.566034311292123e-06
7 13 -5.963559354715187e-04 -5.424403592745923e-18
8 13 -6.250000000023511e-04 4.566034311314564e-06
9 13 -5.973316438155070e-04 1.524281667840975e-17
10 13 -6.250000000047294e-04 1.353807427019706e-05
11 13 -6.002981977619550e-04 3.242109919080618e-17
12 13 -6.250000000001376e-04 2.196653513887514e-05
13 13 -6.053386555046145e-04 3.891076499324874e-17
14 13 -6.249999999938408e-04 2.929309617428989e-05
15 13 -6.124763669583699e-04 3.003135694328822e-17
16 13 -6.250000000034591e-04 3.472709720601077e-05
17 13 -6.215172605397735e-04 6.688771384694071e-18
18 13 -6.250000000038541e-04 3.729214931538228e-05
19 13 -6.318790521925448e-04 -2.396803033676658e-17
20 13 -6.249999999978263e-04 3.602387532769393e-05
21 13 -6.424878724560918e-04 -5.276768181062975e-17
22 13 -6.250000000009826e-04 3.031706764382405e-05
23 13 -6.518448248406460e-04 -7.068061604443077e-17
24 13 -6.250000000050061e-04 2.031880138995347e-05
25 13 -6.583245676829435e-04 -7.183401763730189e-17
26 13 -6.249999999954403e-04 7.161955970180676e-06
27 13 -6.606471810193171e-04 -5.690256868402436e-17
28 13 -6.249999999953697e-04 -7.161955970058107e-06
29 13 -6.583245676830809e-04 -3.106363998177903e-17
30 13 -6.250000000048169e-04 -2.031880138985000e-05
31 13 -6.518448248408761e-04 -3.707439629723348e-18
32 13 -6.250000000007392e-04 -3.031706764375303e-05
33 13 -6.424878724563377e-04 1.579230539996454e-17
34 13 -6.249999999976056e-04 -3.602387532765838e-05
35 13 -6.318790521927328e-04 2.242557599415075e-17
36 13 -6.250000000037254e-04 -3.729214931537604e-05
37 13 -6.215172605398519e-04 1.512666625674315e-17
38 13 -6.250000000034510e-04 -3.472709720601976e-05
39 13 -6.124763669583307e-04 -6.848822415756156e-20
0 14 -6.249999999985619e-04 -2.070690721342832e-05
1 14 -6.081973736790538e-04 -1.597445535281358e-17
2 14 -6.249999999960666e-04 -1.449583416370430e-05
3 14 -6.049236405123933e-04 -2.488826438716750e-17
4 14 -6.250000000003998e-04 -7.442092205328326e-06
5 14 -6.032888305500329e-04 -1.978735479556488e-17
6 14 -6.249999999983258e-04 1.793022624719160e-17
7 14 -6.032888305500758e-04 -2.939613377585749e-18
8 14 -6.250000000003158e-04 7.442092205355847e-06
9 14 -6.049236405125018e-04 1.906282883975045e-17
10 14 -6.249999999959410e-04 1.449583416371067e-05
11 14 -6.081973736791730e-04 3.656795465651627e-17
12 14 -6.249999999984564e-04 2.070690721341070e-05
13 14 -6.130726595916279e-04 4.146350809782634e-17
14 14 -6.250000000065307e-04 2.551640626060591e-05
15 14 -6.193888580686807e-04 2.989486899476074e-17
16 14 -6.250000000042531e-04 2.827850112262670e-05
17 14 -6.267675655096002e-04 4.295495090047993e-18
18 14 -6.249999999994614e-04 2.835864789718101e-05
19 14 -6.345467952849651e-04 -2.814524621239374e-17
20 14 -6.249999999958778e-04 2.531408704845910e-05
21 14 -6.417963366688794e-04 -5.703393341263216e-17
22 14 -6.250000000028271e-04 1.911333132329208e-05
23 14 -6.474530173949008e-04 -7.186843865572857e-17
24 14 -6.250000000032245e-04 1.030102762467863e-05
25 14 -6.505649227450122e-04 -6.891805292308555e-17
26 14 -6.249999999963995e-04 7.051206628376533e-17
27 14 -6.505649227450851e-04 -4.902807324100246e-17
28 14 -6.250000000030811e-04 -1.030102762455113e-05
29 14 -6.474530173950959e-04 -1.934679648162769e-17
30 14 -6.250000000025875e-04 -1.911333132320117e-05
31 14 -6.417963366691335e-04 9.610966694556137e-18
32 14 -6.249999999956182e-04 -2.531408704841565e-05
33 14 -6.345467952852000e-04 2.876363856414351e-17
34 14 -6.249999999992564e-04 -2.835864789718072e-05
35 14 -6.267675655097517e-04 3.214950495327568e-17
36 14 -6.250000000041568e-04 -2.827850112265379e-05
37 14 -6.193888580687161e-04 2.114154575625290e-17
38 14 -6.250000000065522e-04 -2.551640626063777e-05
39 14 -6.130726595915621e-04 1.857589732040212e-18
0 15 -6.250000000018079e-04 -1.432994683397402e-05
1 15 -6.111837815616812e-04 -2.146210997481537e-17
2 15 -6.249999999954034e-04 -8.991449321914520e-06
3 15 -6.092420157248222e-04 -3.047412046216343e-17
4 15 -6.250000000001312e-04 -3.061161167371385e-06
5 15 -6.085909172234401e-04 -2.396278432004626e-17
6 15 -6.250000000000923e-04 3.061161167425209e-06
7 15 -6.092420157248883e-04 -5.332246040730025e-18
8 15 -6.249999999953079e-04 8.991449321945359e-06
9 15 -6.111837815617829e-04 1.824372022285296e-17
10 15 -6.250000000017048e-04 1.432994683396941e-05
11 15 -6.143673071484959e-04 3.664201689533211e-17
12 15 -6.250000000003454e-04 1.863962469551520e-05
13 15 -6.186673961776980e-04 4.137965438623620e-17
14 15 -6.250000000012755e-04 2.145321115608632e-05
15 15 -6.238318996293509e-04 2.976587196236215e-17
16 15 -6.250000000061015e-04 2.232349491012616e-05
17 15 -6.294415273308554e-04 4.615460174481197e-18
18 15 -6.249999999969980e-04 2.091977965425710e-05
19 15 -6.349084175680467e-04 -2.609610591237636e-17
20 15 -6.249999999961097e-04 1.715182043217295e-05
21 15 -6.395370924730868e-04 -5.082880256249819e-17
22 15 -6.250000000041598e-04 1.127718381162344e-05
23 15 -6.426503599365637e-04 -6.103674316882267e-17
24 15 -6.250000000089628e-04 3.934893263620070e-06
25 15 -6.437494877044151e-04 -5.293338992345494e-17
26 15 -6.250000000088956e-04 -3.934893263493897e-06
27 15 -6.426503599366836e-04 -2.925796868558826e-17
28 15 -6.250000000039787e-04 -1.127718381152728e-05
29 15 -6.395370924732907e-04 1.421665956852437e-18
30 15 -6.249999999958715e-04 -1.715182043212671e-05
31 15 -6.349084175682689e-04 2.883356934115724e-17
32 15 -6.249999999967740e-04 -2.091977965426230e-05
33 15 -6.294415273310324e-04 4.332400965991304e-17
34 15 -6.250000000059527e-04 -2.232349491016836e-05
35 15 -6.238318996294368e-04 4.078515175316314e-17
36 15 -6.250000000012325e-04 -2.145321115613995e-05
37 15 -6.186673961776864e-04 2.334461765546102e-17
38 15 -6.250000000003964e-04 -1.863962469555331e-05
39 15 -6.143673071484130e-04 -6.841156290856751e-19
0 16 -6.249999999952040e-04 -9.625074891144232e-06
1 16 -6.142230190877107e-04 -3.216631812977682e-17
2 16 -6.250000000016410e-04 -4.994586653632035e-06
3 16 -6.132419053992304e-04 -4.014613564759282e-17
4 16 -6.250000000029825e-04 4.201199759021166e-17
5 16 -6.132419053992572e-04 -3.169344129687951e-17
6 16 -6.250000000015842e-04 4.994586653700589e-06
7 16 -6.142230190877780e-04 -1.071083895709415e-17
8 16 -6.249999999951203e-04 9.625074891173114e-06
9 16 -6.161493332259243e-04 1.528073584128569e-17
10 16 -6.249999999978398e-04 1.352079072157779e-05
11 16 -6.189332986359557e-04 3.498380334577828e-17
12 16 -6.250000000024864e-04 1.631048599553180e-05
13 16 -6.224103539988266e-04 4.127678616986543e-17
14 16 -6.250000000054425e-04 1.765075394866743e-05
15 16 -6.263156966809524e-04 3.121241367171468e-17
16 16 -6.250000000033681e-04 1.728007568104951e-05
17 16 -6.302787892854428e-04 8.612303665126441e-18
18 16 -6.249999999941868e-04 1.509055195888263e-05
19 16 -6.338499643896898e-04 -1.772293118633092e-17
20 16 -6.249999999940771e-04 1.119598880121675e-05
21 16 -6.365644588887539e-04 -3.752881884437489e-17
22 16 -6.249999999968837e-04 5.966041401468222e-06
23 16 -6.380331803947219e-04 -4.266686628784132e-17
24 16 -6.249999999987762e-04 5.141413709158171e-17
25 16 -6.380331803947681e-04 -3.111638156886909e-17
26 16 -6.249999999967830e-04 -5.966041401381785e-06
27 16 -6.365644588888750e-04 -6.533618668073214e-18
28 16 -6.249999999939073e-04 -1.119598880117316e-05
29 16 -6.338499643898496e-04 2.231541590814081e-17
30 16 -6.249999999940000e-04 -1.509055195889179e-05
31 16 -6.302787892855900e-04 4.455007720294410e-17
32 16 -6.250000000032192e-04 -1.728007568110218e-05
33 16 -6.263156966810470e-04 5.175920843331357e-17
34 16 -6.250000000053669e-04 -1.765075394873836e-05
35 16 -6.224103539988479e-04 4.176382844370479e-17
36 16 -6.250000000024935e-04 -1.631048599558988e-05
37 16 -6.189332986359127e-04 1.829612097659873e-17
38 16 -6.249999999979050e-04 -1.352079072159725e-05
39 16 -6.161493332258485e-04 -9.859057167030969e-18
0 17 -6.249999999981358e-04 -6.175593161274198e-06
1 17 -6.172496960581796e-04 -4.423071344501916e-17
2 17 -6.250000000021340e-04 -2.114241376765283e-06
3 17 -6.169038788840872e-04 -4.996512523566897e-17
4 17 -6.250000000021149e-04 2.114241376869839e-06
5 17 -6.172496960582103e-04 -3.866576510825333e-17
6 17 -6.249999999980865e-04 6.175593161345910e-06
7 17 -6.182713825703657e-04 -1.430907087288052e-17
8 17 -6.249999999975456e-04 9.738082666469770e-06
9 17 -6.199172103574676e-04 1.328901637183494e-17
10 17 -6.249999999988261e-04 1.248152924007670e-05
11 17 -6.220881909285092e-04 3.473997336689391e-17
12 17 -6.250000000049851e-04 1.411700621607977e-05
13 17 -6.246256419268296e-04 4.245210073221257e-17
14 17 -6.250000000047309e-04 1.442024973020508e-05
15 17 -6.273059679139297e-04 3.471530140300535e-17
16 17 -6.249999999970705e-04 1.327562387786909e-05
17 17 -6.298511618185853e-04 1.527632797004036e-17
18 17 -6.249999999942069e-04 1.072002330456709e-05
19 17 -6.319598663201702e-04 -7.152377975421366e-18
20 17 -6.249999999999347e-04 6.970311917802027e-06
21 17 -6.333562898337001e-04 -2.290132251136822e-17
22 17 -6.250000000007650e-04 2.417870618886146e-06
23 17 -6.338453056395526e-04 -2.517520791227575e-17
24 17 -6.250000000007342e-04 -2.417870618818580e-06
25 17 -6.333562898337439e-04 -1.295881997585494e-17
26 17 -6.249999999998515e-04 -6.970311917763753e-06
27 17 -6.319598663202415e-04 9.877307318969110e-18
28 17 -6.249999999940987e-04 -1.072002330457595e-05
29 17 -6.298511618186618e-04 3.393066967722801e-17
30 17 -6.249999999969710e-04 -1.327562387792316e-05
31 17 -6.273059679139853e-04 4.946151132920501e-17
32 17 -6.250000000046683e-04 -1.442024973028445e-05
33 17 -6.246256419268492e-04 4.971388176202026e-17
34 17 -6.250000000049713e-04 -1.411700621615320e-05
35 17 -6.220881909284914e-04 3.368558277352890e-17
36 17 -6.249999999988580e-04 -1.248152924011317e-05
37 17 -6.199172103574237e-04 6.331208925333803e-18
38 17 -6.249999999975992e-04 -9.738082666451313e-06
39 17 -6.182713825703175e-04 -2.331799581457828e-17
0 18 -6.249999999991866e-04 -3.629509827485038e-06
1 18 -6.202200351859392e-04 -5.183223332485079e-17
2 18 -6.250000000011732e-04 6.134745290646731e-17
3 18 -6.202200351859429e-04 -5.375876819280806e-17
4 18 -6.249999999991730e-04 3.629509827590449e-06
5 18 -6.206379552444016e-04 -3.930223373539611e-17
6 18 -6.249999999971172e-04 6.952063547492161e-06
7 18 -6.214510814471488e-04 -1.353065428967367e-17
8 18 -6.249999999953142e-04 9.673444436816033e-06
9 18 -6.226099753467164e-04 1.493953859938160e-17
10 18 -6.250000000001291e-04 1.152936540184910e-05
11 18 -6.240326652839526e-04 3.659775585221714e-17
12 18 -6.250000000012834e-04 1.230965297631145e-05
13 18 -6.256009767491577e-04 4.495942779637894e-17
14 18 -6.250000000004958e-04 1.188838569270227e-05
15 18 -6.271635410324042e-04 3.829179001432091e-17
16 18 -6.249999999994475e-04 1.025445690487355e-05
17 18 -6.285488419751024e-04 2.080547248069562e-17
18 18 -6.249999999956321e-04 7.533206358616462e-06
19 18 -6.295884810437555e-04 7.014596023505388e-19
20 18 -6.249999999979264e-04 3.988741014136354e-06
21 18 -6.301464466886038e-04 -1.344703115040275e-17
22 18 -6.249999999983653e-04 2.390222285040315e-17
23 18 -6.301464466886024e-04 -1.562940848301740e-17
24 18 -6.249999999979132e-04 -3.988741014102496e-06
25 18 -6.295884810437497e-04 -4.893403742892303e-18
26 18 -6.249999999956118e-04 -7.533206358618280e-06
27 18 -6.285488419750932e-04 1.389326738570203e-17
28 18 -6.249999999994279e-04 -1.025445690491749e-05
29 18 -6.271635410323918e-04 3.262452174581332e-17
30 18 -6.250000000004848e-04 -1.188838569277649e-05
31 18 -6.256009767491408e-04 4.274410867101258e-17
32 18 -6.250000000012844e-04 -1.230965297638946e-05
33 18 -6.240326652839349e-04 3.878774615465250e-17
34 18 -6.250000000001425e-04 -1.152936540189948e-05
35 18 -6.226099753466980e-04 2.044406725723799e-17
36 18 -6.249999999953364e-04 -9.673444436815191e-06
37 18 -6.214510814471339e-04 -7.024413660045755e-18
38 18 -6.249999999971396e-04 -6.952063547432669e-06
39 18 -6.206379552443911e-04 -3.427028852491904e-17
0 19 -6.250000000051920e-04 -1.670184659278236e-06
1 19 -6.231128798793673e-04 -4.950796830893254e-17
2 19 -6.250000000051987e-04 1.670184659391378e-06
3 19 -6.231957658641996e-04 -4.829698462766312e-17
4 19 -6.250000000011304e-04 4.864976212249321e-06
5 19 -6.234397703384428e-04 -3.266955995969518e-17
6 19 -6.249999999942279e-04 7.630774979248421e-06
7 19 -6.238301948366081e-04 -7.201818434619180e-18
8 19 -6.249999999979877e-04 9.708850787846533e-06
9 19 -6.243405092178105e-04 1.969960668188060e-17
10 19 -6.250000000012375e-04 1.088570876267470e-05
11 19 -6.249306975493747e-04 3.958293912262775e-17
12 19 -6.250000000004398e-04 1.101720205161119e-05
13 19 -6.255473467946895e-04 4.644838190302360e-17
14 19 -6.250000000020443e-04 1.005312860294288e-05
15 19 -6.261269509367626e-04 3.927274470701703e-17
16 19 -6.249999999994708e-04 8.056373592749459e-06
17 19 -6.266030506622756e-04 2.186566023946776e-17
18 19 -6.249999999973046e-04 5.209331421799332e-06
19 19 -6.269163908180954e-04 1.862658223188062e-18
20 19 -6.250000000085229e-04 1.801725781579459e-06
21 19 -6.270257661042713e-04 -1.267731491011789e-17
22 19 -6.250000000085407e-04 -1.801725781546910e-06
23 19 -6.269163908180477e-04 -1.651469173710261e-17
24 19 -6.249999999973516e-04 -5.209331421788295e-06
25 19 -6.266030506621937e-04 -8.600853106120720e-18
26 19 -6.249999999995354e-04 -8.056373592772570e-06
27 19 -6.261269509366720e-04 6.529908221542883e-18
28 19 -6.250000000021078e-04 -1.005312860299713e-05
29 19 -6.255473467946128e-04 2.175161844897627e-17
30 19 -6.250000000004867e-04 -1.101720205167882e-05
31 19 -6.249306975493291e-04 2.952102418732726e-17
32 19 -6.250000000012603e-04 -1.088570876272932e-05
33 19 -6.243405092177995e-04 2.517796833848666e-17
34 19 -6.249999999979878e-04 -9.708850787863279e-06
35 19 -6.238301948366242e-04 8.858778364985729e-18
36 19 -6.249999999942146e-04 -7.630774979213606e-06
37 19 -6.234397703384691e-04 -1.444845137145626e-17
38 19 -6.250000000011146e-04 -4.864976212165847e-06
39 19 -6.231957658642183e-04 -3.652559804643732e-17
0 20 -6.250000000106913e-04 4.429030609905835e-17
1 20 -6.259228385749304e-04 -3.647407583160741e-17
2 20 -6.250000000062448e-04 3.196806572296459e-06
3 20 -6.258411159496514e-04 -3.428081993103026e-17
4 20 -6.249999999984133e-04 6.110517691867780e-06
5 20 -6.256825086972301e-04 -2.016019043372945e-17
6 20 -6.249999999950256e-04 8.474797194555424e-06
7 20 -6.254573239800493e-04 1.887800952472574e-18
8 20 -6.249999999981374e-04 1.005901395188847e-05
9 20 -6.251821983092064e-04 2.472325305969719e-17
10 20 -6.250000000072329e-04 1.069016740950481e-05
11 20 -6.248804889215326e-04 4.082083114153489e-17
12 20 -6.250000000042624e-04 1.027616886984862e-05
13 20 -6.245814255681906e-04 4.501626784745218e-17
14 20 -6.249999999953672e-04 8.826184501933069e-06
15 20 -6.243174995965138e-04 3.617604425001578e-17
16 20 -6.249999999953678e-04 6.461933762952337e-06
17 20 -6.241201396251166e-04 1.786914530131087e-17
18 20 -6.250000000030222e-04 3.414008026390550e-06
19 20 -6.240144607835260e-04 -2.922643340476125e-18
20 20 -6.250000000107396e-04 1.632962123973256e-17
21 20 -6.240144607834836e-04 -1.886794480618984e-17
22 20 -6.250000000030966e-04 -3.414008026366695e-06
23 20 -6.241201396250010e-04 -2.466314208702340e-17
24 20 -6.249999999954903e-04 -6.461933762950770e-06
25 20 -6.243174995963616e-04 -1.934192153989712e-17
26 20 -6.249999999955032e-04 -8.826184501957806e-06
27 20 -6.245814255680491e-04 -6.343043614146451e-18
28 20 -6.250000000043727e-04 -1.027616886989180e-05
29 20 -6.248804889214398e-04 8.276862753605266e-18
30 20 -6.250000000072901e-04 -1.069016740954911e-05
31 20 -6.251821983091791e-04 1.760767650173636e-17
32 20 -6.249999999981357e-04 -1.005901395191389e-05
33 20 -6.254573239800829e-04 1.712057899152619e-17
34 20 -6.249999999949810e-04 -8.474797194546845e-06
35 20 -6.256825086972951e-04 6.448559063698412e-18
36 20 -6.249999999983574e-04 -6.110517691820604e-06
37 20 -6.258411159497109e-04 -1.048542058406572e-17
38 20 -6.250000000062067e-04 -3.196806572219251e-06
39 20 -6.259228385749536e-04 -2.706381352963938e-17
0 21 -6.250000000051913e-04 1.670184659357927e-06
1 21 -6.286487479057106e-04 -1.673020674915463e-17
2 21 -6.250000000011418e-04 4.864976212229720e-06
3 21 -6.281570643189447e-04 -1.701850137418630e-17
4 21 -6.249999999942428e-04 7.630774979244567e-06
5 21 -6.273695827842861e-04 -7.603376269597769e-18
6 21 -6.249999999979876e-04 9.708850787854971e-06
7 21 -6.263389500532797e-04 8.892174669816559e-18
8 21 -6.250000000012103e-04 1.088570876268783e-05
9 21 -6.251452201426052e-04 2.658878777892416e-17
10 21 -6.250000000003804e-04 1.101720205162108e-05
11 21 -6.238960451442891e-04 3.878518307634966e-17
12 21 -6.250000000019624e-04 1.005312860294414e-05
13 21 -6.227202220223480e-04 4.054772495588582e-17
14 21 -6.249999999993854e-04 8.056373592741706e-06
15 21 -6.217532087660184e-04 3.062512094840759e-17
16 21 -6.249999999972338e-04 5.209331421787551e-06
17 21 -6.211162271503701e-04 1.185971377044383e-17
18 21 -6.250000000084830e-04 1.801725781571902e-06
19 21 -6.208937801840470e-04 -9.454371434983781e-18
20 21 -6.250000000085360e-04 -1.801725781542809e-06
21 21 -6.211162271502642e-04 -2.651838612767254e-17
22 21 -6.249999999973756e-04 -5.209331421768497e-06
23 21 -6.217532087658394e-04 -3.375040451471802e-17
24 21 -6.249999999995696e-04 -8.056373592738682e-06
25 21 -6.227202220221565e-04 -2.970736414093620e-17
26 21 -6.250000000021323e-04 -1.005312860295669e-05
27 21 -6.238960451441432e-04 -1.659045662643846e-17
28 21 -6.250000000004873e-04 -1.101720205164237e-05
29 21 -6.251452201425426e-04 1.813933101335559e-19
30 21 -6.250000000012305e-04 -1.088570876270741e-05
31 21 -6.263389500533070e-04 1.372789565220460e-17
32 21 -6.249999999979330e-04 -9.708850787862140e-06
33 21 -6.273695827843769e-04 1.955345048000213e-17
34 21 -6.249999999941501e-04 -7.630774979233368e-06
35 21 -6.281570643190478e-04 1.578217543529261e-17
36 21 -6.250000000010584e-04 -4.864976212200541e-06
37 21 -6.286487479057777e-04 4.890468419173468e-18
38 21 -6.250000000051581e-04 -1.670184659317784e-06
39 21 -6.288156832615194e-04 -8.040973851016921e-18
0 22 -6.249999999991871e-04 3.629509827542324e-06
1 22 -6.312803220351687e-04 1.755148991748866e-18
2 22 -6.249999999971528e-04 6.952063547473408e-06
3 22 -6.301201085371878e-04 -3.877070202718134e-18
4 22 -6.249999999953382e-04 9.673444436824793e-06
5 22 -6.284615411202043e-04 -5.542605486083134e-19
6 22 -6.250000000001105e-04 1.152936540187353e-05
7 22 -6.264178339586323e-04 1.027335324518607e-17
8 22 -6.250000000012041e-04 1.230965297633560e-05
9 22 -6.241558044705558e-04 2.396505562627280e-17
10 22 -6.250000000003624e-04 1.188838569271211e-05
11 22 -6.218931097464260e-04 3.420814910278987e-17
12 22 -6.249999999992879e-04 1.025445690486335e-05
13 22 -6.198800432886135e-04 3.589604923454213e-17
14 22 -6.249999999954839e-04 7.533206358591004e-06
15 22 -6.183651209295282e-04 2.697973479321181e-17
16 22 -6.249999999978232e-04 3.988741014108584e-06
17 22 -6.175506526133658e-04 9.220397416279155e-18
18 22 -6.249999999983284e-04 1.012078023567514e-17
19 22 -6.175506526133043e-04 -1.180055514905128e-17
20 22 -6.249999999979389e-04 -3.988741014089569e-06
21 22 -6.183651209293650e-04 -2.927684023182310e-17
22 22 -6.249999999956768e-04 -7.533206358575387e-06
23 22 -6.198800432884042e-04 -3.736088258005258e-17
24 22 -6.249999999994954e-04 -1.025445690485300e-05
25 22 -6.218931097462406e-04 -3.345180671187793e-17
26 22 -6.250000000005185e-04 -1.188838569270746e-05
27 22 -6.241558044704502e-04 -1.889284237676577e-17
28 22 -6.250000000012644e-04 -1.230965297633649e-05
29 22 -6.264178339586317e-04 1.216870656678528e-18
30 22 -6.250000000000678e-04 -1.152936540187932e-05
31 22 -6.284615411202941e-04 2.013303611952151e-17
32 22 -6.249999999952270e-04 -9.673444436834313e-06
33 22 -6.301201085373200e-04 3.190464511932963e-17
34 22 -6.249999999970290e-04 -6.952063547485456e-06
35 22 -6.312803220352819e-04 3.365513160535710e-17
36 22 -6.249999999991073e-04 -3.629509827555956e-06
37 22 -6.318754632922634e-04 2.601948906899169e-17
38 22 -6.250000000011429e-04 -6.984278754912762e-18
39 22 -6.318754632922183e-04 1.343197112626011e-17
0 23 -6.249999999981428e-04 6.175593161307264e-06
1 23 -6.337854216953855e-04 1.128516761717662e-17
2 23 -6.249999999976078e-04 9.738082666471388e-06
3 23 -6.316667192561094e-04 -4.637041812642150e-19
4 23 -6.249999999988464e-04 1.248152924010784e-05
5 23 -6.288560521493966e-04 -2.475721249984419e-18
6 23 -6.250000000049300e-04 1.411700621611897e-05
7 23 -6.255494358070500e-04 5.054990044210506e-18
8 23 -6.250000000045943e-04 1.442024973022976e-05
9 23 -6.220331820428228e-04 1.824913365998388e-17
10 23 -6.249999999968744e-04 1.327562387786415e-05
11 23 -6.186733614908572e-04 3.010058002042974e-17
12 23 -6.249999999939995e-04 1.072002330453153e-05
13 23 -6.158752367889904e-04 3.504960603665547e-17
14 23 -6.249999999997681e-04 6.970311917749008e-06
15 23 -6.140153569562506e-04 2.929753256725546e-17
16 23 -6.250000000006798e-04 2.417870618837735e-06
17 23 -6.133627778585622e-04 1.392632038994157e-17
18 23 -6.250000000007412e-04 -2.417870618839977e-06
19 23 -6.140153569561344e-04 -6.065641731519163e-18
20 23 -6.249999999999315e-04 -6.970311917745034e-06
21 23 -6.158752367888006e-04 -2.391074272751544e-17
22 23 -6.249999999942089e-04 -1.072002330451842e-05
23 23 -6.186733614906588e-04 -3.267468411738344e-17
24 23 -6.249999999970595e-04 -1.327562387784375e-05
25 23 -6.220331820426831e-04 -2.875600780401749e-17
26 23 -6.250000000046953e-04 -1.442024973020894e-05
27 23 -6.255494358070113e-04 -1.281904897933035e-17
28 23 -6.250000000049208e-04 -1.411700621610782e-05
29 23 -6.288560521494626e-04 1.020757625881501e-17
30 23 -6.249999999987449e-04 -1.248152924011496e-05
31 23 -6.316667192562451e-04 3.316151768553846e-17
32 23 -6.249999999974628e-04 -9.738082666501573e-06
33 23 -6.337854216955296e-04 4.853386122438530e-17
34 23 -6.249999999980207e-04 -6.175593161358335e-06
35 23 -6.350951264839359e-04 5.230333895092700e-17
36 23 -6.250000000020776e-04 -2.114241376858255e-06
37 23 -6.355374367764655e-04 4.419505853120910e-17
38 23 -6.250000000021248e-04 2.114241376794736e-06
39 23 -6.350951264838446e-04 2.832544014559338e-17
0 24 -6.249999999952210e-04 9.625074891163607e-06
1 24 -6.360998593508032e-04 7.571635234404718e-18
2 24 -6.249999999979160e-04 1.352079072160985e-05
3 24 -6.326773326798268e-04 -8.464347227551670e-18
4 24 -6.250000000024873e-04 1.631048599558395e-05
5 24 -6.283634500696363e-04 -1.259264201141145e-17
6 24 -6.250000000053437e-04 1.765075394871087e-05
7 24 -6.234702921305101e-04 -3.877328080936511e-18
8 24 -6.250000000031823e-04 1.728007568105995e-05
9 24 -6.184570886045982e-04 1.284831389709068e-17
10 24 -6.249999999939575e-04 1.509055195884896e-05
11 24 -6.139015085116225e-04 3.003024586029316e-17
12 24 -6.249999999938673e-04 1.119598880114603e-05
13 24 -6.104160295628187e-04 4.054412849243463e-17
14 24 -6.249999999967504e-04 5.966041401382862e-06
15 24 -6.085223239922120e-04 3.926040312765368e-17
16 24 -6.249999999987493e-04 -1.931495750899655e-17
17 24 -6.085223239921581e-04 2.650370368825381e-17
18 24 -6.249999999968565e-04 -5.966041401412900e-06
19 24 -6.104160295626770e-04 6.731058623970911e-18
20 24 -6.249999999940442e-04 -1.119598880115490e-05
21 24 -6.139015085114462e-04 -1.229853506243508e-17
22 24 -6.249999999941422e-04 -1.509055195883284e-05
23 24 -6.184570886044500e-04 -2.244507122168636e-17
24 24 -6.250000000033092e-04 -1.728007568102682e-05
25 24 -6.234702921304404e-04 -1.954563230798593e-17
26 24 -6.250000000053733e-04 -1.765075394867744e-05
27 24 -6.283634500696667e-04 -3.222480217763072e-18
28 24 -6.250000000024152e-04 -1.631048599556954e-05
29 24 -6.326773326799390e-04 2.114079427949382e-17
30 24 -6.249999999977785e-04 -1.352079072162930e-05
31 24 -6.360998593509497e-04 4.534195966638336e-17
32 24 -6.249999999950768e-04 -9.625074891221595e-06
33 24 -6.384503945387428e-04 6.108345277905220e-17
34 24 -6.250000000015634e-04 -4.994586653731867e-06
35 24 -6.396417205547772e-04 6.330057119851845e-17
36 24 -6.250000000029817e-04 -4.958713300657156e-17
37 24 -6.396417205547302e-04 5.148389816491024e-17
38 24 -6.250000000016539e-04 4.994586653643834e-06
39 24 -6.384503945386220e-04 3.030789177029515e-17
0 25 -6.250000000018319e-04 1.432994683399687e-05
1 25 -6.381208865282613e-04 -7.574678070771097e-18
2 25 -6.250000000004148e-04 1.863962469557502e-05
3 25 -6.329570287280195e-04 -2.447254229130876e-17
4 25 -6.250000000012483e-04 2.145321115614855e-05
5 25 -6.266705589415557e-04 -2.636471159791490e-17
6 25 -6.250000000059716e-04 2.232349491015964e-05
7 25 -6.197480372941111e-04 -1.247127737111060e-17
8 25 -6.249999999967968e-04 2.091977965424076e-05
9 25 -6.129161501490565e-04 1.085892409507275e-17
10 25 -6.249999999958964e-04 1.715182043210359e-05
11 25 -6.070711844907325e-04 3.510899547933007e-17
12 25 -6.250000000039988e-04 1.127718381151730e-05
13 25 -6.031105666514683e-04 5.123552490573696e-17
14 25 -6.250000000088995e-04 3.934893263507629e-06
15 25 -6.017068889457059e-04 5.383872505996482e-17
16 25 -6.250000000089444e-04 -3.934893263580490e-06
17 25 -6.031105666513913e-04 4.193644026196202e-17
18 25 -6.250000000041161e-04 -1.127718381156597e-05
19 25 -6.070711844906078e-04 2.074716393521955e-17
20 25 -6.249999999960429e-04 -1.715182043211358e-05
21 25 -6.129161501489301e-04 -3.953022737255654e-19
22 25 -6.249999999969190e-04 -2.091977965421234e-05
23 25 -6.197480372940325e-04 -1.313972839334543e-17
24 25 -6.250000000060254e-04 -2.232349491011042e-05
25 25 -6.266705589415536e-04 -1.211108878254240e-17
26 25 -6.250000000012152e-04 -2.145321115610411e-05
27 25 -6.329570287280947e-04 3.442311059881530e-18
28 25 -6.250000000003077e-04 -1.863962469556121e-05
29 25 -6.381208865283823e-04 2.690038919073867e-17
30 25 -6.250000000016959e-04 -1.432994683402956e-05
31 25 -6.418984014103990e-04 4.971256106355316e-17
32 25 -6.249999999953208e-04 -8.991449322002315e-06
33 25 -6.441818377382596e-04 6.305153714830591e-17
34 25 -6.250000000001188e-04 -3.061161167463984e-06
35 25 -6.449438072250636e-04 6.124583408225018e-17
36 25 -6.250000000001610e-04 3.061161167358277e-06
37 25 -6.441818377381831e-04 4.441754305552621e-17
38 25 -6.249999999954318e-04 8.991449321924396e-06
39 25 -6.418984014102772e-04 1.840250713743989e-17
0 26 -6.249999999985835e-04 2.070690721346933e-05
1 26 -6.397041059810744e-04 -2.824029410957028e-17
2 26 -6.250000000065812e-04 2.551640626068025e-05
3 26 -6.322058381543694e-04 -4.226384221752471e-17
4 26 -6.250000000042041e-04 2.827850112268457e-05
5 26 -6.232787072556076e-04 -3.854716480903885e-17
6 26 -6.249999999993263e-04 2.835864789719410e-05
7 26 -6.136954266823491e-04 -1.800534634071027e-17
8 26 -6.249999999957029e-04 2.531408704841381e-05
9 26 -6.046236553453110e-04 1.246882754544793e-17
10 26 -6.250000000026693e-04 1.911333132319420e-05
11 26 -5.974591967028034e-04 4.215443393439830e-17
12 26 -6.250000000031396e-04 1.030102762455176e-05
13 26 -5.934877761777154e-04 6.192669946810672e-17
14 26 -6.249999999964169e-04 -5.216943090436693e-17
15 26 -5.934877761776916e-04 6.558817738175588e-17
16 26 -6.250000000031957e-04 -1.030102762463966e-05
17 26 -5.974591967027426e-04 5.233820309679505e-17
18 26 -6.250000000027581e-04 -1.911333132323930e-05
19 26 -6.046236553452374e-04 2.854174314195605e-17
20 26 -6.249999999957882e-04 -2.531408704840584e-05
21 26 -6.136954266822953e-04 4.355365460245581e-18
22 26 -6.249999999993758e-04 -2.835864789714238e-05
23 26 -6.232787072555993e-04 -1.114194937735873e-17
24 26 -6.250000000041934e-04 -2.827850112261559e-05
25 26 -6.322058381544128e-04 -1.175914539233856e-17
26 26 -6.250000000065109e-04 -2.551640626062515e-05
27 26 -6.397041059811602e-04 1.562274537841532e-18
28 26 -6.249999999984783e-04 -2.070690721345538e-05
29 26 -6.453885910094828e-04 2.326207069261089e-17
30 26 -6.249999999959905e-04 -1.449583416376644e-05
31 26 -6.491488393029238e-04 4.344229431798401e-17
32 26 -6.250000000003754e-04 -7.442092205405878e-06
33 26 -6.510078633879698e-04 5.316283179305680e-17
34 26 -6.249999999983812e-04 -4.718043377029027e-17
35 26 -6.510078633879399e-04 4.679064897816193e-17
36 26 -6.250000000004391e-04 7.442092205327062e-06
37 26 -6.491488393028461e-04 2.611745671676795e-17
38 26 -6.249999999960934e-04 1.449583416372949e-05
39 26 -6.453885910093843e-04 -2.173753976595009e-18
0 27 -6.249999999939479e-04 2.929309617436318e-05
1 27 -6.406609550011226e-04 -4.623742552088553e-17
2 27 -6.250000000034918e-04 3.472709720608328e-05
3 27 -6.299636729912700e-04 -5.562906962706448e-17
4 27 -6.250000000038045e-04 3.729214931542567e-05
5 27 -6.173887094780411e-04 -4.599147049540174e-17
6 27 -6.249999999977204e-04 3.602387532768742e-05
7 27 -6.042173005854508e-04 -2.038745388922077e-17
8 27 -6.250000000008674e-04 3.031706764376212e-05
9 27 -5.923826734506057e-04 1.410478867555734e-17
10 27 -6.250000000049297e-04 2.031880138984877e-05
11 27 -5.840793240745861e-04 4.594462834899517e-17
12 27 -6.249999999954374e-04 7.161955970059326e-06
13 27 -5.810829045571819e-04 6.582197456449985e-17
14 27 -6.249999999954471e-04 -7.161955970165727e-06
15 27 -5.840793240745781e-04 6.703630006809780e-17
16 27 -6.250000000049546e-04 -2.031880138992111e-05
17 27 -5.923826734505948e-04 5.111378541869153e-17
18 27 -6.250000000008950e-04 -3.031706764377820e-05
19 27 -6.042173005854489e-04 2.465336865412676e-17
20 27 -6.249999999977327e-04 -3.602387532764593e-05
21 27 -6.173887094780562e-04 -1.938686383099377e-18
22 27 -6.250000000037906e-04 -3.729214931534516e-05
23 27 -6.299636729913068e-04 -1.899138046914339e-17
24 27 -6.250000000034447e-04 -3.472709720599517e-05
25 27 -6.406609550011769e-04 -2.091932241566143e-17
26 27 -6.249999999938795e-04 -2.929309617429942e-05
27 27 -6.488913364734388e-04 -8.656167236720488e-18
28 27 -6.250000000002151e-04 -2.196653513890482e-05
29 27 -6.545679763891777e-04 1.109980027889638e-17
30 27 -6.250000000048202e-04 -1.353807427023428e-05
31 27 -6.578483658765449e-04 2.863020969750721e-17
32 27 -6.250000000024310e-04 -4.566034311343360e-06
33 27 -6.589164668074325e-04 3.513226744354231e-17
34 27 -6.250000000024497e-04 4.566034311285561e-06
35 27 -6.578483658765132e-04 2.668480609044871e-17
36 27 -6.250000000048755e-04 1.353807427020560e-05
37 27 -6.545679763891251e-04 4.515636261118705e-18
38 27 -6.250000000002883e-04 2.196653513892354e-05
39 27 -6.488913364733761e-04 -2.315338675268237e-17
0 28 -6.249999999977697e-04 4.085220829694413e-05
1 28 -6.407492333889098e-04 -5.574446184476246e-17
2 28 -6.249999999956967e-04 4.713022205377460e-05
3 28 -6.254985946700188e-04 -6.121997451839274e-17
4 28 -6.249999999975106e-04 4.923455228792304e-05
5 28 -6.076785546719932e-04 -4.875228589732564e-17
6 28 -6.249999999971315e-04 4.562674777520688e-05
7 28 -5.895347838968676e-04 -2.159758891106821e-17
8 28 -6.250000000035798e-04 3.550556300970341e-05
9 28 -5.743817801026790e-04 1.132834673411973e-17
10 28 -6.250000000057798e-04 1.951386276501921e-05
11 28 -5.656816134386379e-04 4.114685192180719e-17
12 28 -6.249999999974551e-04 -4.471372573106973e-17
13 28 -5.656816134386537e-04 5.761711685046291e-17
14 28 -6.250000000057624e-04 -1.951386276509189e-05
15 28 -5.743817801027210e-04 5.558961748254988e-17
16 28 -6.250000000035454e-04 -3.550556300973082e-05
17 28 -5.895347838969287e-04 3.724878142813646e-17
18 28 -6.249999999970870e-04 -4.562674777517707e-05
19 28 -6.076785546720601e-04 9.636736402893785e-18
20 28 -6.249999999974612e-04 -4.923455228784412e-05
21 28 -6.254985946700804e-04 -1.710562172733921e-17
22 28 -6.249999999956478e-04 -4.713022205366998e-05
23 28 -6.407492333889580e-04 -3.385105152625689e-17
24 28 -6.249999999977256e-04 -4.085220829684476e-05
25 28 -6.524515430157586e-04 -3.495165843597840e-17
26 28 -6.249999999973545e-04 -3.198942293010360e-05
27 28 -6.605748474599014e-04 -2.269422473339104e-17
28 28 -6.250000000007371e-04 -2.177587609104112e-05
29 28 -6.655558782049531e-04 -3.776861830113082e-18
30 28 -6.250000000057833e-04 -1.098207370389654e-05
31 28 -6.678931711604211e-04 1.246555177767625e-17
32 28 -6.250000000068807e-04 -1.130355913602253e-17
33 28 -6.678931711604190e-04 1.783043605941138e-17
34 28 -6.250000000057953e-04 1.098207370388765e-05
35 28 -6.655558782049459e-04 9.182275050204223e-18
36 28 -6.250000000007632e-04 2.177587609106756e-05
37 28 -6.605748474598856e-04 -1.157666448187419e-17
38 28 -6.249999999973904e-04 3.198942293017225e-05
39 28 -6.524515430157274e-04 -3.634894145605178e-17
0 29 -6.249999999973366e-04 5.657537169828446e-05
1 29 -6.396403930382562e-04 -5.437492568593872e-17
2 29 -6.249999999948902e-04 6.409995351607114e-05
3 29 -6.175710044707938e-04 -5.960961890293053e-17
4 29 -6.249999999987545e-04 6.523436573510528e-05
5 29 -5.918609349248982e-04 -4.942640458330173e-17
6 29 -6.249999999997372e-04 5.744506263841916e-05
7 29 -5.666874596372032e-04 -2.659185403670523e-17
8 29 -6.249999999984925e-04 3.981183584409555e-05
9 29 -5.479248261051112e-04 2.080398761762141e-18
10 29 -6.250000000043212e-04 1.428502038800865e-05
11 29 -5.409392323461216e-04 2.679353211540853e-17
12 29 -6.250000000042929e-04 -1.428502038804840e-05
13 29 -5.479248261051756e-04 3.880748714133911e-17
14 29 -6.249999999984171e-04 -3.981183584410972e-05
15 29 -5.666874596373123e-04 3.434391784486953e-17
16 29 -6.249999999996341e-04 -5.744506263839068e-05
17 29 -5.918609349250225e-04 1.551760171175312e-17
18 29 -6.249999999986529e-04 -6.523436573503243e-05
19 29 -6.175710044709021e-04 -1.012870343184723e-17
20 29 -6.249999999948129e-04 -6.409995351596731e-05
21 29 -6.396403930383236e-04 -3.410839199927538e-17
22 29 -6.249999999972944e-04 -5.657537169817250e-05
23 29 -6.562802416300410e-04 -4.780494565922685e-17
24 29 -6.249999999981290e-04 -4.539803973298042e-05
25 29 -6.675526441292022e-04 -4.708379087385586e-17
26 29 -6.249999999966911e-04 -3.265078214805642e-05
27 29 -6.744297065313301e-04 -3.388491442301758e-17
28 29 -6.249999999987648e-04 -1.952836835334426e-05
29 29 -6.780212017915417e-04 -1.454806587806318e-17
30 29 -6.249999999996809e-04 -6.484089203346609e-06
31 29 -6.791239430932270e-04 2.499267346167341e-18
32 29 -6.249999999996724e-04 6.484089203360957e-06
33 29 -6.780212017915636e-04 9.417960846030849e-18
34 29 -6.249999999987461e-04 1.952836835337897e-05
35 29 -6.744297065313612e-04 2.563302285073425e-18
36 29 -6.249999999966793e-04 3.265078214812318e-05
37 29 -6.675526441292193e-04 -1.494884088239604e-17
38 29 -6.249999999981377e-04 4.539803973307764e-05
39 29 -6.562802416300212e-04 -3.700654414706079e-17
0 30 -6.250000000023693e-04 7.846513241731980e-05
1 30 -6.368285618889063e-04 -4.466428280473998e-17
2 30 -6.249999999960794e-04 8.796007690077094e-05
3 30 -6.039189876487661e-04 -5.391183846364445e-17
4 30 -6.250000000004285e-04 8.703980129742929e-05
5 30 -5.657748192170269e-04 -4.979365587935957e-17
6 30 -6.249999999990380e-04 7.145206217341172e-05
7 30 -5.306476136095416e-04 -3.435505130528954e-17
8 30 -6.249999999972410e-04 4.066944408271846e-05
9 30 -5.092112574830408e-04 -1.247002912996847e-17
10 30 -6.249999999977160e-04 8.662578581973693e-18
11 30 -5.092112574830905e-04 6.883165639448761e-18
12 30 -6.249999999971596e-04 -4.066944408269318e-05
13 30 -5.306476136096688e-04 1.620269236599720e-17
14 30 -6.249999999988986e-04 -7.145206217336671e-05
15 30 -5.657748192171941e-04 1.218821029370312e-17
16 30 -6.250000000002754e-04 -8.703980129735874e-05
17 30 -6.039189876489231e-04 -3.294723363558317e-18
18 30 -6.249999999959563e-04 -8.796007690067939e-05
19 30 -6.368285618890115e-04 -2.516557049392565e-17
20 30 -6.250000000023047e-04 -7.846513241721787e-05
21 30 -6.609147221864871e-04 -4.448344589739210e-17
22 30 -6.250000000028705e-04 -6.350667416636089e-05
23 30 -6.763729140202944e-04 -5.440183380424086e-17
24 30 -6.249999999997248e-04 -4.681377916279661e-05
25 30 -6.852066121534142e-04 -5.115335441221173e-17
26 30 -6.249999999986187e-04 -3.039920661472140e-05
27 30 -6.896670554546013e-04 -3.622218649324151e-17
28 30 -6.249999999941219e-04 -1.487818236387311e-05
29 30 -6.914574563284542e-04 -1.498581637080716e-17
30 30 -6.249999999967735e-04 1.640706286198671e-17
31 30 -6.914574563284799e-04 3.905434264486313e-18
32 30 -6.249999999940801e-04 1.487818236391267e-05
33 30 -6.896670554546660e-04 1.368291351897014e-17
34 30 -6.249999999985576e-04 3.039920661477908e-05
35 30 -6.852066121534830e-04 1.036558610353656e-17
36 30 -6.249999999996777e-04 4.681377916287629e-05
37 30 -6.763729140203303e-04 -4.958293916936425e-18
38 30 -6.250000000028716e-04 6.350667416645755e-05
39 30 -6.609147221864561e-04 -2.564704513597277e-17
0 31 -6.250000000068588e-04 1.100953619820656e-04
1 31 -6.313986977286745e-04 -3.003366963795006e-17
2 31 -6.250000000025483e-04 1.228258464516056e-04
3 31 -5.800799076733862e-04 -4.668437893157840e-17
4 31 -6.250000000029505e-04 1.173213938816338e-04
5 31 -5.214540117847219e-04 -5.032229719185433e-17
6 31 -6.249999999963160e-04 8.642483529291633e-05
7 31 -4.728333074362095e-04 -4.222397651478708e-17
8 31 -6.249999999941035e-04 3.204291081112163e-05
9 31 -4.537113079389784e-04 -2.652470228739168e-17
10 31 -6.249999999940526e-04 -3.204291081104639e-05
11 31 -4.728333074363175e-04 -1.006451944123031e-17
12 31 -6.249999999961771e-04 -8.642483529284006e-05
13 31 -5.214540117848995e-04 5.250863140015330e-19
14 31 -6.250000000027690e-04 -1.173213938815562e-04
15 31 -5.800799076735770e-04 1.876652653393724e-19
16 31 -6.250000000023842e-04 -1.228258464515276e-04
17 31 -6.313986977288178e-04 -1.023002682908369e-17
18 31 -6.250000000067620e-04 -1.100953619819899e-04
19 31 -6.675275662548509e-04 -2.698944693172233e-17
20 31 -6.250000000040431e-04 -8.855335625022835e-05
21 31 -6.888386562808770e-04 -4.252734691777878e-17
22 31 -6.250000000024482e-04 -6.523436573497433e-05
23 31 -6.994446077425294e-04 -4.962264593938105e-17
24 31 -6.250000000023244e-04 -4.369360657452826e-05
25 31 -7.037727450349412e-04 -4.461891029692168e-17
26 31 -6.250000000002845e-04 -2.483052108505669e-05
27 31 -7.051146109007586e-04 -2.773708614220824e-17
28 31 -6.249999999974622e-04 -8.026908925508713e-06
29 31 -7.053604704180086e-04 -4.631616372312988e-18
30 31 -6.249999999974269e-04 8.026908925548590e-06
31 31 -7.051146109008289e-04 1.735679688811789e-17
32 31 -6.250000000001938e-04 2.483052108510136e-05
33 31 -7.037727450350513e-04 3.034289634361650e-17
34 31 -6.250000000022208e-04 4.369360657458100e-05
35 31 -6.994446077426287e-04 2.963411414057568e-17
36 31 -6.250000000023829e-04 6.523436573503626e-05
37 31 -6.888386562809124e-04 1.582154313575401e-17
38 31 -6.250000000040538e-04 8.855335625029835e-05
39 31 -6.675275662547945e-04 -6.817228263976441e-18
0 32 -6.250000000042813e-04 1.582097310972026e-04
1 32 -6.214308018058592e-04 -1.531151826619156e-17
2 32 -6.250000000037620e-04 1.763287135627430e-04
3 32 -5.365021278517797e-04 -3.834222804761544e-17
4 32 -6.250000000025288e-04 1.598571045125149e-04
5 32 -4.428862949290886e-04 -4.901641096509363e-17
6 32 -6.249999999976644e-04 9.720609629933197e-05
7 32 -3.790893588942046e-04 -4.574840926140804e-17
8 32 -6.249999999996474e-04 5.716057160469421e-17
9 32 -3.790893588942615e-04 -3.184979729288757e-17
10 32 -6.249999999975586e-04 -9.720609629922421e-05
11 32 -4.428862949292379e-04 -1.373015127259580e-17
12 32 -6.250000000023511e-04 -1.598571045124248e-04
13 32 -5.365021278519720e-04 1.181654785255939e-18
14 32 -6.250000000035808e-04 -1.763287135626754e-04
15 32 -6.214308018060237e-04 6.001043115432913e-18
16 32 -6.250000000041571e-04 -1.582097310971581e-04
17 32 -6.786063610810644e-04 -5.973262222138389e-19
18 32 -6.250000000049417e-04 -1.245580287721839e-04
19 32 -7.085783983396322e-04 -1.462654417262812e-17
20 32 -6.250000000026424e-04 -8.946057442231415e-05
21 32 -7.201937291412498e-04 -2.916665353646744e-17
22 32 -6.250000000049447e-04 -5.937820383888802e-05
23 32 -7.222829897988340e-04 -3.638502009699095e-17
24 32 -6.249999999995870e-04 -3.550556300963797e-05
25 32 -7.209205941539796e-04 -3.059781742617054e-17
26 32 -6.250000000007802e-04 -1.647965901956123e-05
27 32 -7.195093440212008e-04 -1.285889247928210e-17
28 32 -6.250000000064947e-04 1.797079617909417e-17
29 32 -7.195093440212473e-04 1.267178872499222e-17
30 32 -6.250000000006918e-04 1.647965901959483e-05
31 32 -7.209205941541041e-04 3.819841044311829e-17
32 32 -6.249999999994497e-04 3.550556300966485e-05
33 32 -7.222829897989836e-04 5.411935263324519e-17
34 32 -6.250000000048141e-04 5.937820383890859e-05
35 32 -7.201937291413616e-04 5.529653374714394e-17
36 32 -6.250000000025765e-04 8.946057442233412e-05
37 32 -7.085783983396571e-04 4.030046675732955e-17
38 32 -6.250000000049730e-04 1.245580287722120e-04
39 32 -6.786063610809817e-04 1.462850417529712e-17
0 33 -6.249999999991869e-04 2.363840479682923e-04
1 33 -6.023405853053670e-04 -2.207704818111796e-18
2 33 -6.249999999996259e-04 2.633741574707245e-04
3 33 -4.508211655964053e-04 -2.852265737224191e-17
4 33 -6.249999999983545e-04 2.184874305637316e-04
5 33 -2.966177980176140e-04 -4.192979462091510e-17
6 33 -6.250000000057956e-04 8.642429662287563e-05
7 33 -2.293980861405376e-04 -3.885056571577753e-17
8 33 -6.250000000057405e-04 -8.642429662275188e-05
9 33 -2.966177980177080e-04 -2.228831227378994e-17
10 33 -6.249999999982141e-04 -2.184874305636324e-04
11 33 -4.508211655965625e-04 1.136330244590930e-18
12 33 -6.249999999994553e-04 -2.633741574706646e-04
13 33 -6.023405853055244e-04 1.967287058258613e-17
14 33 -6.249999999990513e-04 -2.363840479682767e-04
15 33 -6.996571311959266e-04 2.684704236939732e-17
16 33 -6.249999999975882e-04 -1.790663878385745e-04
17 33 -7.430455711546998e-04 2.151678598643889e-17
18 33 -6.249999999958444e-04 -1.219627610488159e-04
19 33 -7.532585061317251e-04 5.839614375114004e-18
20 33 -6.249999999999823e-04 -7.707673088620088e-05
21 33 -7.487592165441069e-04 -1.106677807541759e-17
22 33 -6.249999999979741e-04 -4.529838240268124e-05
23 33 -7.406070461852432e-04 -2.040627531488028e-17
24 33 -6.250000000016794e-04 -2.335300513527065e-05
25 33 -7.342368289790670e-04 -1.592023577397209e-17
26 33 -6.250000000030078e-04 -7.161955970081243e-06
27 33 -7.319142156427692e-04 2.685229623450939e-18
28 33 -6.250000000029529e-04 7.161955970109825e-06
29 33 -7.342368289791734e-04 3.103767234074196e-17
30 33 -6.250000000015371e-04 2.335300513528491e-05
31 33 -7.406070461854137e-04 5.943983718135566e-17
32 33 -6.249999999977971e-04 4.529838240267241e-05
33 33 -7.487592165442794e-04 7.766069172914971e-17
34 33 -6.249999999998379e-04 7.707673088617205e-05
35 33 -7.532585061318366e-04 7.903407566476942e-17
36 33 -6.249999999957831e-04 1.219627610487822e-04
37 33 -7.430455711547075e-04 6.176501710839263e-17
38 33 -6.249999999976334e-04 1.790663878385565e-04
39 33 -6.996571311958329e-04 3.214613997946217e-17
0 34 -6.249999999975144e-04 3.744012692520768e-04
1 34 -5.615554063971898e-04 1.024523113465827e-17
2 34 -6.250000000013836e-04 4.147863789656541e-04
3 34 -2.650247810684096e-04 -1.645282908761434e-17
4 34 -6.250000000014641e-04 2.892765495018478e-04
5 34 -1.248710149067065e-05 -2.745722384850965e-17
6 34 -6.250000000079002e-04 5.548309956584835e-17
7 34 -1.248710149070994e-05 -2.054403296922256e-17
8 34 -6.250000000013752e-04 -2.892765495017531e-04
9 34 -2.650247810685115e-04 2.517379657375349e-18
10 34 -6.250000000012534e-04 -4.147863789656030e-04
11 34 -5.615554063973168e-04 2.962387511905920e-17
12 34 -6.249999999973949e-04 -3.744012692520830e-04
13 34 -7.440768789882111e-04 5.093265973358589e-17
14 34 -6.249999999932481e-04 -2.669240285924342e-04
15 34 -8.084425888632622e-04 5.617515256335266e-17
16 34 -6.249999999990800e-04 -1.663597295440497e-04
17 34 -8.097304413066241e-04 4.594584643893952e-17
18 34 -6.249999999958215e-04 -9.525511483664645e-05
19 34 -7.892436803220725e-04 2.462802456720679e-17
20 34 -6.249999999957693e-04 -5.110534876717002e-05
21 34 -7.669693476799770e-04 3.005388375860242e-18
22 34 -6.249999999992435e-04 -2.537144278566508e-05
23 34 -7.504732999525952e-04 -1.006102653205176e-17
24 34 -6.250000000009217e-04 -1.030102762456419e-05
25 34 -7.419964739169981e-04 -6.627170734986001e-18
26 34 -6.250000000020466e-04 1.676568403121951e-17
27 34 -7.419964739170579e-04 1.354772515569680e-17
28 34 -6.250000000008111e-04 1.030102762458459e-05
29 34 -7.504732999527515e-04 4.415048660657487e-17
30 34 -6.249999999990582e-04 2.537144278565167e-05
31 34 -7.669693476801756e-04 7.458368179379177e-17
32 34 -6.249999999955741e-04 5.110534876711658e-05
33 34 -7.892436803222490e-04 9.363861501655238e-17
34 34 -6.249999999956784e-04 9.525511483656475e-05
35 34 -8.097304413067235e-04 9.437162560353578e-17
36 34 -6.249999999990289e-04 1.663597295439660e-04
37 34 -8.084425888632610e-04 7.611591820235675e-17
38 34 -6.249999999932982e-04 2.669240285923782e-04
39 34 -7.440768789881217e-04 4.414643676767624e-17
0 35 -6.250000000003519e-04 6.460088330154670e-04
1 35 -4.575969934620961e-04 1.857021557873578e-17
2 35 -6.250000000023257e-04 6.971700339892037e-04
3 35 1.889297785655711e-04 -2.914624483677078e-18
4 35 -6.250000000002679e-04 3.187911568663259e-04
5 35 5.396753792134767e-04 -6.552024998305017e-18
6 35 -6.250000000002305e-04 -3.187911568662495e-04
7 35 1.889297785655278e-04 9.021036610052154e-18
8 35 -6.250000000022423e-04 -6.971700339891629e-04
9 35 -4.575969934621720e-04 3.663657571507516e-17
10 35 -6.250000000002692e-04 -6.460088330154820e-04
11 35 -8.494720339559808e-04 6.432302158229809e-17
12 35 -6.249999999969908e-04 -4.189301694974745e-04
13 35 -9.429935282331498e-04 8.071313595966861e-17
14 35 -6.250000000019567e-04 -2.264025674496199e-04
15 35 -9.111519823013039e-04 7.997856033791602e-17
16 35 -6.249999999975404e-04 -1.085475175055459e-04
17 35 -8.532403190696411e-04 6.144541856081241e-17
18 35 -6.249999999971068e-04 -4.647860126197115e-05
19 35 -8.035042512119582e-04 3.268671698692969e-17
20 35 -6.249999999987585e-04 -1.715182043211360e-05
21 35 -7.692285918757733e-04 5.458238693873425e-18
22 35 -6.249999999979069e-04 -5.019072349045885e-06
23 35 -7.498015110893267e-04 -1.016038682257612e-17
24 35 -6.249999999977215e-04 -9.006895180798378e-07
25 35 -7.435565139181121e-04 -6.523324418474527e-18
26 35 -6.249999999976637e-04 9.006895181233438e-07
27 35 -7.498015110894354e-04 1.530546289418407e-17
28 35 -6.249999999977544e-04 5.019072349056530e-06
29 35 -7.692285918759543e-04 4.788216485464352e-17
30 35 -6.249999999985553e-04 1.715182043207128e-05
31 35 -8.035042512121566e-04 7.944943588984113e-17
32 35 -6.249999999969145e-04 4.647860126187668e-05
33 35 -8.532403190698023e-04 9.839576245414507e-17
34 35 -6.249999999974090e-04 1.085475175054226e-04
35 35 -9.111519823013876e-04 9.919597339857745e-17
36 35 -6.250000000019123e-04 2.264025674495028e-04
37 35 -9.429935282331455e-04 8.076224417683624e-17
38 35 -6.249999999970239e-04 4.189301694973971e-04
39 35 -8.494720339559154e-04 5.123283414061631e-17
0 36 -6.250000000016144e-04 1.269065770997346e-03
1 36 -1.135712923546637e-04 2.266841141830295e-17
2 36 -6.249999999973290e-04 1.245091514583719e-03
3 36 1.442583460556792e-03 1.136293609655291e-17
4 36 -6.249999999956010e-04 2.472949850571289e-17
5 36 1.442583460556789e-03 1.708500661166763e-17
6 36 -6.249999999972787e-04 -1.245091514583688e-03
7 36 -1.135712923546832e-04 3.814203607708504e-17
8 36 -6.250000000015682e-04 -1.269065770997363e-03
9 36 -1.144888225562096e-03 6.480868799906851e-17
10 36 -6.249999999997811e-04 -7.016993753888741e-04
11 36 -1.245721171105637e-03 8.835020195194114e-17
12 36 -6.249999999993792e-04 -2.981449432920660e-04
13 36 -1.099096514182738e-03 9.801438204948315e-17
14 36 -6.250000000029174e-04 -9.950901626026077e-05
15 36 -9.534085021578050e-04 8.754012944727646e-17
16 36 -6.250000000034248e-04 -1.728007568111099e-05
17 36 -8.524030571150704e-04 6.006936795233353e-17
18 36 -6.249999999999063e-04 1.046826964883077e-05
19 36 -7.899405112173662e-04 2.553181908899976e-17
20 36 -6.249999999975624e-04 1.459527291761687e-05
21 36 -7.546826301114529e-04 -4.812064783862447e-18
22 36 -6.250000000020715e-04 9.015273357590994e-06
23 36 -7.388715567602861e-04 -2.011200356762931e-17
24 36 -6.250000000044394e-04 3.648014002784369e-17
25 36 -7.388715567603337e-04 -1.463945841888228e-17
26 36 -6.250000000019765e-04 -9.015273357537812e-06
27 36 -7.546826301115797e-04 9.332111141249667e-18
28 36 -6.249999999973965e-04 -1.459527291761638e-05
29 36 -7.899405112175379e-04 4.273323056971086e-17
30 36 -6.249999999997152e-04 -1.046826964889582e-05
31 36 -8.524030571152412e-04 7.433953391076694e-17
32 36 -6.250000000032578e-04 1.728007568099216e-05
33 36 -9.534085021579370e-04 9.219848944156071e-17
34 36 -6.250000000028093e-04 9.950901626012019e-05
35 36 -1.099096514182808e-03 9.246295462198546e-17
36 36 -6.249999999993379e-04 2.981449432919412e-04
37 36 -1.245721171105649e-03 7.461033735153934e-17
38 36 -6.249999999998007e-04 7.016993753887975e-04
39 36 -1.144888225562071e-03 4.934742654006523e-17
0 37 -6.249999999990722e-04 3.074589858412214e-03
1 37 1.499058038609595e-03 2.652942589399186e-17
2 37 -6.249999999961845e-04 2.110932267235780e-03
3 37 5.098825398745999e-03 2.324331767746008e-17
4 37 -6.249999999961757e-04 -2.110932267235749e-03
5 37 1.499058038609596e-03 3.140964766053306e-17
6 37 -6.249999999990564e-04 -3.074589858412217e-03
7 37 -2.209513812846202e-03 5.670058026022375e-17
8 37 -6.250000000013400e-04 -1.249835010596526e-03
9 37 -1.993454049638575e-03 7.834790200255167e-17
10 37 -6.250000000015465e-04 -3.282115249390403e-04
11 37 -1.444422675045504e-03 9.415188276181538e-17
12 37 -6.250000000013365e-04 -1.411700621618984e-05
13 37 -1.096881226254762e-03 9.488643625142568e-17
14 37 -6.250000000036018e-04 6.743801258118910e-05
15 37 -9.076779140167669e-04 7.620296889185682e-17
16 37 -6.250000000065350e-04 7.294839871744187e-05
17 37 -8.066468449976811e-04 4.375839732775394e-17
18 37 -6.250000000010476e-04 5.617644363491576e-05
19 37 -7.531776920041234e-04 7.488939317033801e-18
20 37 -6.249999999978686e-04 3.408254364083798e-05
21 37 -7.270759177251756e-04 -2.174250136563354e-17
22 37 -6.250000000013755e-04 1.133358544497932e-05
23 37 -7.192412109340077e-04 -3.416473821000580e-17
24 37 -6.250000000013388e-04 -1.133358544488253e-05
25 37 -7.270759177252366e-04 -2.620885192133532e-17
26 37 -6.249999999977680e-04 -3.408254364078011e-05
27 37 -7.531776920042299e-04 -1.354678364079719e-18
28 37 -6.250000000009078e-04 -5.617644363492165e-05
29 37 -8.066468449978081e-04 3.106331406866987e-17
30 37 -6.250000000063892e-04 -7.294839871751433e-05
31 37 -9.076779140168900e-04 5.968282123244815e-17
32 37 -6.250000000034800e-04 -6.743801258130671e-05
33 37 -1.096881226254855e-03 7.564830217735655e-17
34 37 -6.250000000012561e-04 1.411700621606179e-05
35 37 -1.444422675045563e-03 7.584514616228228e-17
36 37 -6.250000000015105e-04 3.282115249389369e-04
37 37 -1.993454049638588e-03 6.079795596856896e-17
38 37 -6.250000000013377e-04 1.249835010596471e-03
39 37 -2.209513812846215e-03 4.150573332855244e-17
0 38 -6.249999999998972e-04 1.045684449765559e-02
1 38 1.235483469706935e-02 2.161141495685112e-17
2 38 -6.250000000005074e-04 2.604392549920204e-17
3 38 1.235483469706936e-02 2.444361203272693e-17
4 38 -6.249999999999141e-04 -1.045684449765557e-02
5 38 -7.578810219519247e-03 3.564282107172718e-17
6 38 -6.250000000011475e-04 -2.115770089406416e-03
7 38 -3.925417128610244e-03 5.418018451148578e-17
8 38 -6.250000000032356e-04 -9.673444436851378e-06
9 38 -1.990761284649351e-03 6.953182707138058e-17
10 38 -6.250000000002187e-04 3.042006302969472e-04
11 38 -1.240621804457697e-03 7.974496104504208e-17
12 38 -6.250000000005299e-04 2.695248043200210e-04
13 38 -9.360599476617631e-04 7.329757996865564e-17
14 38 -6.250000000026705e-04 1.930609706006641e-04
15 38 -8.006679058996112e-04 5.226268446897020e-17
16 38 -6.250000000038319e-04 1.278267715164758e-04
17 38 -7.360139897194203e-04 2.009529894229421e-17
18 38 -6.250000000040434e-04 7.713740537486158e-05
19 38 -7.047062582445653e-04 -1.252899780402842e-17
20 38 -6.250000000022656e-04 3.623728112042803e-05
21 38 -6.917761583157797e-04 -3.699407347662113e-17
22 38 -6.250000000028615e-04 6.180563743106816e-17
23 38 -6.917761583157898e-04 -4.516780198526276e-17
24 38 -6.250000000022312e-04 -3.623728112032239e-05
25 38 -7.047062582445955e-04 -3.596654806105508e-17
26 38 -6.250000000039794e-04 -7.713740537480457e-05
27 38 -7.360139897194651e-04 -1.300050195386393e-17
28 38 -6.250000000037504e-04 -1.278267715164798e-04
29 38 -8.006679058996642e-04 1.586995375331450e-17
30 38 -6.250000000025893e-04 -1.930609706007229e-04
31 38 -9.360599476618203e-04 4.000846642672108e-17
32 38 -6.250000000004541e-04 -2.695248043201077e-04
33 38 -1.240621804457749e-03 5.293870025445456e-17
34 38 -6.250000000001600e-04 -3.042006302970320e-04
35 38 -1.990761284649395e-03 5.242978357841830e-17
36 38 -6.250000000031923e-04 9.673444436799122e-06
37 38 -3.925417128610275e-03 4.400260854980720e-17
38 38 -6.250000000011401e-04 2.115770089406405e-03
39 38 -7.578810219519286e-03 2.948023699816021e-17
0 39 -6.250000000008565e-04 5.543490979466482e-02
1 39 1.083709149744262e-01 1.727687864805643e-17
2 39 -6.250000000008466e-04 -5.543490979466480e-02
3 39 -4.561581470691662e-02 1.859914079489701e-17
4 39 -6.250000000005212e-04 -4.864976212173836e-06
5 39 -7.576008404425218e-03 2.557469558931925e-17
6 39 -6.250000000040225e-04 2.101187250879722e-03
7 39 -2.203955000580002e-03 3.338187965449069e-17
8 39 -6.250000000008548e-04 1.230388077142151e-03
9 39 -1.136697049570284e-03 4.467362427383200e-17
10 39 -6.249999999963126e-04 6.772928759044884e-04
11 39 -8.389086435552000e-04 5.011290250414041e-17
12 39 -6.249999999968011e-04 3.892733427501934e-04
13 39 -7.316021917852496e-04 4.423765091664987e-17
14 39 -6.249999999976490e-04 2.313544937287709e-04
15 39 -6.860065472176114e-04 2.546729614706522e-17
16 39 -6.250000000015272e-04 1.362829170397846e-04
17 39 -6.648786899567753e-04 1.574541955155179e-19
18 39 -6.250000000033083e-04 7.221847529673931e-05
19 39 -6.553151017285882e-04 -2.537971073449603e-17
20 39 -6.249999999904217e-04 2.265167695277085e-05
21 39 -6.525423029446388e-04 -4.324177527971810e-17
22 39 -6.249999999904273e-04 -2.265167695264609e-05
23 39 -6.553151017285618e-04 -4.866537732914323e-17
24 39 -6.250000000033205e-04 -7.221847529664089e-05
25 39 -6.648786899567319e-04 -4.050778894810779e-17
26 39 -6.250000000015358e-04 -1.362829170397290e-04
27 39 -6.860065472175680e-04 -2.300754760526219e-17
28 39 -6.249999999976483e-04 -2.313544937287604e-04
29 39 -7.316021917852221e-04 -8.198331575801706e-19
30 39 -6.249999999967834e-04 -3.892733427502154e-04
31 39 -8.389086435551937e-04 1.802801916395147e-17
32 39 -6.249999999962714e-04 -6.772928759045198e-04
33 39 -1.136697049570304e-03 2.994221375086827e-17
34 39 -6.250000000008020e-04 -1.230388077142169e-03
35 39 -2.203955000580029e-03 2.704011849630008e-17
36 39 -6.250000000039769e-04 -2.101187250879711e-03
37 39 -7.576008404425261e-03 2.145000317147587e-17
38 39 -6.250000000005033e-04 4.864976212224289e-06
39 39 -4.561581470691663e-02 4.303620657680010e-18
