0 0 7.499999999999996e-01 -1.990897246013635e-16
1 0 1.089996477716911e-01 1.218106644814271e-16
2 0 3.072194500080039e-15 -5.542684599686445e-02
3 0 1.298629689378827e-02 2.471573189562912e-17
4 0 1.560743038140748e-15 -1.044099395244553e-02
5 0 2.133173359960036e-03 -6.586026318288329e-17
6 0 5.933521952397738e-15 -3.051464670855398e-03
7 0 5.231203365298188e-04 -1.029168500076943e-16
8 0 9.668338466426966e-15 -1.239322668202960e-03
9 0 1.815836215996611e-04 -8.537359618291491e-17
10 0 2.400748211896957e-15 -6.102985513632868e-04
11 0 8.000819775862260e-05 -2.483136931827892e-17
12 0 8.509662990174148e-15 -3.331420243004552e-04
13 0 4.148361033345502e-05 4.396364309058009e-17
14 0 1.758564942946339e-14 -1.894385827900880e-04
15 0 2.453880890022877e-05 9.311408556486464e-17
16 0 2.966122406796618e-15 -1.044336552784190e-04
17 0 1.666858755260371e-05 1.167006561785041e-16
18 0 4.377712002333248e-15 -4.669197422536830e-05
19 0 1.347881194691713e-05 1.182176957081559e-16
20 0 2.090375059453976e-15 -1.243264781348930e-16
21 0 1.347881194718573e-05 1.030300615330120e-16
22 0 3.888941208898135e-15 4.669197422512807e-05
23 0 1.666858755330467e-05 7.238113471355030e-17
24 0 2.180179044091342e-15 1.044336552782107e-04
25 0 2.453880890108908e-05 2.647547348235759e-17
26 0 1.681479654207932e-14 1.894385827899484e-04
27 0 4.148361033414889e-05 -2.383006460603927e-17
28 0 8.068162946026637e-15 3.331420243004115e-04
29 0 8.000819775888800e-05 -5.647671564019938e-17
30 0 2.482457770547490e-15 6.102985513633220e-04
31 0 1.815836215994258e-04 -4.937020476803061e-17
32 0 1.028645964959355e-14 1.239322668203003e-03
33 0 5.231203365292014e-04 5.927027466902130e-18
34 0 6.888451278664000e-15 3.051464670855354e-03
35 0 2.133173359959286e-03 7.920356338806350e-17
36 0 2.508085166020809e-15 1.044099395244530e-02
37 0 1.298629689378772e-02 1.351664920312617e-16
38 0 3.639696646679135e-15 5.542684599686414e-02
39 0 1.089996477716911e-01 1.694660706280734e-16
0 1 -2.566458853297926e-15 5.543657997932168e-02
1 1 1.299191215769433e-02 8.755304191152338e-17
2 1 4.497198882111113e-15 9.729952424807654e-06
3 1 5.738235648512152e-03 1.376998882702655e-17
4 1 4.089077314611508e-15 -2.093556475902519e-03
5 1 2.084080720735040e-03 -6.883955783274324e-17
6 1 -1.989274926102259e-15 -1.220679226353173e-03
7 1 8.323656629382094e-04 -1.208309803568414e-16
8 1 -3.120360054611876e-16 -6.664071671404555e-04
9 1 3.803420186984660e-04 -1.224238398872066e-16
10 1 -1.900949451209993e-15 -3.782561406984484e-04
11 1 1.966727269282237e-04 -7.740004297613870e-17
12 1 4.831842118860723e-15 -2.213013651262916e-04
13 1 1.136163696326788e-04 -5.575115830390202e-18
14 1 8.913056296575568e-15 -1.282265434475113e-04
15 1 7.361952141307998e-05 6.511249690736364e-17
16 1 5.235916122042907e-15 -6.700914387496120e-05
17 1 5.504873324587646e-05 1.129075858626593e-16
18 1 -2.324053912028912e-15 -2.084995117311121e-05
19 1 4.959198670605735e-05 1.273502977021268e-16
20 1 -2.546453985994255e-15 2.084995117282125e-05
21 1 5.504873324627062e-05 1.082465807738257e-16
22 1 4.666503926947671e-15 6.700914387472204e-05
23 1 7.361952141370885e-05 6.290529687989094e-17
24 1 8.233507520782838e-15 1.282265434473679e-04
25 1 1.136163696332849e-04 6.283409700597436e-18
26 1 4.324963802951452e-15 2.213013651262654e-04
27 1 1.966727269285802e-04 -4.447966585333606e-17
28 1 -2.032171647911428e-15 3.782561406985215e-04
29 1 3.803420186984586e-04 -6.866979695912968e-17
30 1 -6.045302994103647e-18 6.664071671405600e-04
31 1 8.323656629378851e-04 -5.578629466576071e-17
32 1 -1.344921990001874e-15 1.220679226353216e-03
33 1 2.084080720734560e-03 -5.547094514616022e-18
34 1 4.847427740968892e-15 2.093556475902409e-03
35 1 5.738235648511703e-03 6.085105545688435e-17
36 1 5.105117036402353e-15 -9.729952425081296e-06
37 1 1.299191215769413e-02 1.180246810288643e-16
38 1 -2.225346244013533e-15 -5.543657997932206e-02
39 1 -4.498137910627369e-02 1.333053698736630e-16
0 2 -1.064187908398076e-15 1.046047400748078e-02
1 2 2.144368986625870e-03 6.221571321937196e-17
2 2 4.974621687938050e-15 2.122722152951441e-03
3 2 2.089581772241753e-03 4.334252450304166e-19
4 2 1.706372176819096e-15 1.934688887583007e-05
5 2 1.188007544227359e-03 -8.597536813172772e-17
6 2 -7.874600537098740e-15 -2.926712648941483e-04
7 2 6.370597358665637e-04 -1.571910622356904e-16
8 2 -8.391288911875557e-15 -2.572151513428507e-04
9 2 3.543621671000899e-04 -1.756474701802436e-16
10 2 -7.955326075460346e-15 -1.811725849148316e-04
11 2 2.102239980388234e-04 -1.321213770269498e-16
12 2 -9.176290033369626e-15 -1.175723146118215e-04
13 2 1.351595521879392e-04 -4.845447250956483e-17
14 2 -3.458782812013691e-15 -6.960419901391340e-05
15 2 9.668507691369976e-05 3.687796873592871e-17
16 2 -6.125746989412802e-15 -3.224854009952389e-05
17 2 8.024841493277525e-05 8.945711315454741e-17
18 2 -6.267256339346050e-15 -1.237299268830845e-16
19 2 8.024841493288147e-05 9.537152258287620e-17
20 2 -6.379378316881146e-15 3.224854009931279e-05
21 2 9.668507691397004e-05 6.354351314480450e-17
22 2 -3.843085110456548e-15 6.960419901380078e-05
23 2 1.351595521882472e-04 1.464770855842085e-17
24 2 -9.515451170287067e-15 1.175723146118351e-04
25 2 2.102239980390391e-04 -3.274269760080439e-17
26 2 -8.105289024135416e-15 1.811725849149520e-04
27 2 3.543621671001484e-04 -6.873691763884447e-17
28 2 -8.301524677543740e-15 2.572151513430175e-04
29 2 6.370597358664965e-04 -8.755391808947204e-17
30 2 -7.588996807551232e-15 2.926712648942795e-04
31 2 1.188007544227236e-03 -8.516552260846978e-17
32 2 2.079204805053421e-15 -1.934688887580516e-05
33 2 2.089581772241653e-03 -5.976123220864148e-17
34 2 5.308288842077633e-15 -2.122722152951554e-03
35 2 2.144368986625826e-03 -9.531730786582719e-18
36 2 -8.534528076643748e-16 -1.046047400748102e-02
37 2 -6.935697248188874e-03 4.429467814985560e-17
38 2 -1.124411841540178e-14 -1.325534278888852e-16
39 2 -6.935697248188865e-03 7.422723917232796e-17
0 3 -3.492125067838382e-15 3.080765451573169e-03
1 3 5.397765319527070e-04 5.693752959976656e-17
2 3 3.449706081857419e-15 1.259573093261925e-03
3 3 8.430212013551219e-04 -2.903231651919706e-18
4 3 -8.350765770666109e-15 3.406930541806436e-04
5 3 6.419361722492317e-04 -1.030503928030229e-16
6 3 -8.455389873770617e-15 2.823401243324181e-05
7 3 4.253448499855727e-04 -1.889964888783492e-16
8 3 -1.064965669200916e-14 -5.301776284892780e-05
9 3 2.765296731298254e-04 -2.097809458989276e-16
10 3 1.576378478909229e-15 -5.967277483771427e-05
11 3 1.850034992754910e-04 -1.564814899707362e-16
12 3 -1.118597851283805e-15 -4.545642033303216e-05
13 3 1.318088479042308e-04 -6.406025842801629e-17
14 3 -1.241878318421524e-15 -2.711223172386624e-05
15 3 1.042253918184773e-04 1.569153350215412e-17
16 3 -8.089299785377273e-15 -8.915714826604052e-06
17 3 9.569088599801791e-05 4.781959352357617e-17
18 3 -8.110946007782215e-15 8.915714826471226e-06
19 3 1.042253918184453e-04 3.329956506359350e-17
20 3 -1.277290973175269e-15 2.711223172380933e-05
21 3 1.318088479041581e-04 -1.371033554109219e-18
22 3 -1.118000203551303e-15 4.545642033309027e-05
23 3 1.850034992753774e-04 -3.177270303707928e-17
24 3 1.633084799233387e-15 5.967277483786893e-05
25 3 2.765296731297183e-04 -5.250085921558946e-17
26 3 -1.056134166591114e-14 5.301776284912406e-05
27 3 4.253448499855542e-04 -7.296497332257514e-17
28 3 -8.396256887811695e-15 -2.823401243306940e-05
29 3 6.419361722493755e-04 -1.033001773423550e-16
30 3 -8.362706327293594e-15 -3.406930541805407e-04
31 3 8.430212013554093e-04 -1.334270096949815e-16
32 3 3.361884954564025e-15 -1.259573093261907e-03
33 3 5.397765319530369e-04 -1.364715618708082e-16
34 3 -3.591254740424599e-15 -3.080765451573218e-03
35 3 -1.557594942458949e-03 -9.289880555245150e-17
36 3 -1.083442267989749e-14 -2.113046508611759e-03
37 3 -3.275793336518971e-03 -2.016090826902945e-17
38 3 -1.079106235514091e-14 2.113046508611675e-03
39 3 -1.557594942459171e-03 4.401538821335517e-17
0 4 6.773641946207761e-16 1.278690845888161e-03
1 4 2.034189436841559e-04 8.514427899375329e-17
2 4 6.777405403238668e-15 7.152201661127506e-04
3 4 3.954062437847697e-04 1.449737920234578e-17
4 4 7.698414687041952e-16 3.144554292883201e-04
5 4 3.627774583034460e-04 -1.027740521390579e-16
6 4 -6.901834069972898e-15 1.171597702098471e-04
7 4 2.794038932966335e-04 -1.896271803542338e-16
8 4 6.929676885674525e-16 3.456015135838890e-05
9 4 2.048396310747333e-04 -1.971195883567445e-16
10 4 4.277461833443951e-15 4.622282310371012e-06
11 4 1.514592932906327e-04 -1.327093492303025e-16
12 4 1.751782528290034e-15 -3.399284113022219e-06
13 4 1.183202739278462e-04 -4.817152677932194e-17
14 4 -1.443995618221837e-16 -3.049231952616098e-06
15 4 1.025988512495828e-04 9.374541585584819e-19
16 4 6.175701917655514e-16 -2.036313732532190e-17
17 4 1.025988512494493e-04 -2.006621902275207e-18
18 4 4.638491584352076e-17 3.049231952612846e-06
19 4 1.183202739274860e-04 -3.020602742174502e-17
20 4 2.091060407789796e-15 3.399284113106491e-06
21 4 1.514592932901523e-04 -4.556597341927881e-17
22 4 4.668901598267636e-15 -4.622282310208057e-06
23 4 2.048396310743020e-04 -3.632784802873894e-17
24 4 9.961051966449300e-16 -3.456015135820484e-05
25 4 2.794038932964378e-04 -2.560908561741522e-17
26 4 -6.827680777993893e-15 -1.171597702097040e-04
27 4 3.627774583036127e-04 -4.749501195267905e-17
28 4 5.509353191473083e-16 -3.144554292882400e-04
29 4 3.954062437852889e-04 -1.106267295040931e-16
30 4 6.322568040226746e-15 -7.152201661127098e-04
31 4 2.034189436848490e-04 -1.807275749016433e-16
32 4 1.697153380256854e-16 -1.278690845888118e-03
33 4 -4.841367697136152e-04 -2.006747185043576e-16
34 4 -2.435646316052812e-15 -1.250086101237201e-03
35 4 -1.334087818890958e-03 -1.431571375568216e-16
36 4 -4.642387410182732e-15 4.486071397350170e-17
37 4 -1.334087818891186e-03 -3.226385747133261e-17
38 4 -2.106293850172106e-15 1.250086101237278e-03
39 4 -4.841367697142036e-04 6.461487449241286e-17
0 5 8.836555534355027e-15 6.603387798494228e-04
1 5 1.064889929872171e-04 1.332195642107592e-16
2 5 9.899169008499454e-15 4.375697941957861e-04
3 5 2.147946940915481e-04 4.172181948373892e-17
4 5 7.922928457753824e-16 2.478557786039124e-04
5 5 2.197788964294278e-04 -7.918764954813788e-17
6 5 -1.315306085139895e-15 1.308710124149731e-04
7 5 1.871528508641987e-04 -1.472869041609110e-16
8 5 7.598630391593109e-15 6.739838091638430e-05
9 5 1.494885765695201e-04 -1.326607591468771e-16
10 5 5.299040457890858e-15 3.430364086502583e-05
11 5 1.192949310020162e-04 -6.781260972169697e-17
12 5 3.503990520651433e-15 1.629625615778957e-05
13 5 1.005343282990186e-04 -1.510650669289099e-17
14 5 -7.078149010093521e-17 4.835582778606139e-06
15 5 9.422337619035290e-05 -1.350650343025987e-17
16 5 1.220582892657245e-16 -4.835582778582858e-06
17 5 1.005343282986003e-04 -4.685482577443094e-17
18 5 4.025587645918352e-15 -1.629625615771095e-05
19 5 1.192949310013174e-04 -6.475924122012560e-17
20 5 5.982189459775941e-15 -3.430364086488998e-05
21 5 1.494885765687805e-04 -3.739274933527181e-17
22 5 8.205088793290089e-15 -6.739838091624762e-05
23 5 1.871528508637013e-04 1.846620278487783e-17
24 5 -1.024249558257933e-15 -1.308710124149068e-04
25 5 2.197788964293965e-04 4.547837564240948e-17
26 5 6.226858292291060e-16 -2.478557786039359e-04
27 5 2.147946940920389e-04 -1.150242815949883e-18
28 5 9.302941296035483e-15 -4.375697941958465e-04
29 5 1.064889929880762e-04 -1.095945076180551e-16
30 5 8.030366200649892e-15 -6.603387798494318e-04
31 5 -1.800425382773761e-04 -2.097814664644269e-16
32 5 -2.548388843827297e-15 -7.061614833072288e-04
33 5 -5.762907942658816e-04 -2.252038365125777e-16
34 5 4.753587925224357e-15 -3.218523180340745e-04
35 5 -7.766232515118180e-04 -1.327695976676698e-16
36 5 5.018790731396504e-15 3.218523180342691e-04
37 5 -5.762907942664516e-04 1.495211085768811e-17
38 5 -1.868887149615272e-15 7.061614833073316e-04
39 5 -1.800425382782748e-04 1.267259686475040e-16
0 6 6.727638691805700e-15 3.951081764632967e-04
1 6 7.172897114825558e-05 1.727291753524891e-16
2 6 2.127182604593626e-15 2.924404348536272e-04
3 6 1.325876018927240e-04 6.677510110873943e-17
4 6 2.509385760762210e-15 1.946382306701108e-04
5 6 1.419568801205031e-04 -3.686107440068704e-17
6 6 1.974516683967648e-15 1.236137627287671e-04
7 6 1.274492276939727e-04 -7.266416440842499e-17
8 6 3.803376199493436e-15 7.641943581666643e-05
9 6 1.067355254877439e-04 -3.918562207753853e-17
10 6 7.135009966044540e-15 4.448477411117456e-05
11 6 8.923158840456745e-05 6.859911032055025e-18
12 6 3.057335512396408e-16 2.060205525028162e-05
13 6 7.953694902651993e-05 9.801419010012619e-18
14 6 -2.018279327314088e-15 8.006882644325341e-18
15 6 7.953694902626533e-05 -3.463522374590874e-17
16 6 7.769789837236773e-16 -2.060205525024114e-05
17 6 8.923158840389250e-05 -7.543839177197202e-17
18 6 7.920007807729598e-15 -4.448477411109092e-05
19 6 1.067355254868837e-04 -5.741383475366040e-17
20 6 4.624734884090956e-15 -7.641943581658946e-05
21 6 1.274492276932402e-04 2.585676981062522e-17
22 6 2.528285047111696e-15 -1.236137627287790e-04
23 6 1.419568801201894e-04 1.151079875949023e-16
24 6 2.573135455263631e-15 -1.946382306702538e-04
25 6 1.325876018929729e-04 1.316122633680743e-16
26 6 1.646942973435785e-15 -2.924404348538488e-04
27 6 7.172897114899694e-05 4.195363646704259e-17
28 6 5.876167162579343e-15 -3.951081764634697e-04
29 6 -6.637235654941291e-05 -1.067126848001583e-16
30 6 1.966500356641689e-15 -4.292822131266464e-04
31 6 -2.633632458036458e-04 -2.136041219041638e-16
32 6 7.851554575603991e-17 -2.967186417070658e-04
33 6 -4.194911413974416e-04 -1.982806998486617e-16
34 6 1.781900448859140e-15 1.259546353150169e-16
35 6 -4.194911413977505e-04 -6.625825077136948e-17
36 6 6.389791849021640e-16 2.967186417072385e-04
37 6 -2.633632458044458e-04 9.923183419647967e-17
38 6 2.852524481426752e-15 4.292822131266366e-04
39 6 -6.637235655036955e-05 1.953219174191542e-16
0 7 -1.509864159278817e-15 2.656771441440939e-04
1 7 5.722571969484724e-05 1.733380511740620e-16
2 7 2.031106017394497e-15 2.137934850412668e-04
3 7 9.004044985006300e-05 7.221281654120623e-17
4 7 -4.662118571764020e-15 1.592549103673842e-04
5 7 9.473225401413537e-05 6.090644033887444e-18
6 7 7.246639237551283e-15 1.131006062127404e-04
7 7 8.462927908814751e-05 9.242647408406791e-18
8 7 1.931500148809393e-15 7.561545004654090e-05
9 7 7.031955016347923e-05 4.662118684635487e-17
10 7 -3.346345468021576e-15 4.367180652855852e-05
11 7 5.896824644809302e-05 5.552688388434193e-17
12 7 -1.521180084529727e-16 1.432391193675102e-05
13 7 5.472720579448898e-05 5.728885831944809e-18
14 7 9.261372289934640e-17 -1.432391193675969e-05
15 7 5.896824644764815e-05 -6.541313306177830e-17
16 7 -2.698585773520479e-15 -4.367180652853409e-05
17 7 7.031955016274987e-05 -8.634257370617761e-17
18 7 2.749177544427536e-15 -7.561545004651103e-05
19 7 8.462927908739955e-05 -1.485190586683994e-17
20 7 7.935734377023734e-15 -1.131006062127890e-04
21 7 9.473225401365134e-05 1.147976751807640e-16
22 7 -4.358190896576820e-15 -1.592549103675855e-04
23 7 9.004044985003270e-05 2.106176944890023e-16
24 7 1.828575257267423e-15 -2.137934850416037e-04
25 7 5.722571969528792e-05 1.919773197149628e-16
26 7 -2.147111615207604e-15 -2.656771441444411e-04
27 7 -1.435082520364244e-05 5.789293544196682e-17
28 7 6.461332621676863e-16 -2.853406926093672e-04
29 7 -1.186954941530767e-04 -1.069179051253424e-16
30 7 1.176586034142248e-15 -2.320255048310018e-04
31 7 -2.192871501766414e-04 -1.909685744851605e-16
32 7 1.857688134826087e-15 -9.099033093393056e-05
33 7 -2.618912652221266e-04 -1.354581136355537e-16
34 7 2.120656812635463e-15 9.099033093415174e-05
35 7 -2.192871501771129e-04 2.037928530759194e-17
36 7 1.858781398061771e-15 2.320255048310466e-04
37 7 -1.186954941538343e-04 1.717263180699307e-16
38 7 1.472433617637841e-15 2.853406926091740e-04
39 7 -1.435082520438728e-05 2.272459559094007e-16
0 8 -4.439044145064982e-15 1.990619393958937e-04
1 8 4.992677507198952e-05 1.240124522529733e-16
2 8 -3.788507962297882e-15 1.716882508272817e-04
3 8 6.381346828784530e-05 5.405379475761553e-17
4 8 -1.042333358816326e-14 1.386951267055131e-04
5 8 6.050421905218307e-05 3.846410301428535e-17
6 8 -1.006854132566639e-15 1.050049516146046e-04
7 8 4.803489808404801e-05 7.090031839910503e-17
8 8 -4.078374471948418e-17 7.101112601812374e-05
9 8 3.431776346117827e-05 9.349021177341358e-17
10 8 -9.736666772945291e-15 3.599352178716315e-05
11 8 2.567642187571919e-05 5.471701613115616e-17
12 8 4.058138623309983e-16 -2.077233436103011e-17
13 8 2.567642187555775e-05 -3.432537885076226e-17
14 8 -9.372983334548117e-15 -3.599352178718363e-05
15 8 3.431776346075621e-05 -1.043170284088723e-16
16 8 5.472639832882423e-16 -7.101112601811619e-05
17 8 4.803489808353175e-05 -8.303291470790306e-17
18 8 -4.150163847267286e-16 -1.050049516146340e-04
19 8 6.050421905176984e-05 3.874020429333659e-17
20 8 -1.004419844929254e-14 -1.386951267056748e-04
21 8 6.381346828768561e-05 1.873950611386706e-16
22 8 -3.752285085726594e-15 -1.716882508276124e-04
23 8 4.992677507213174e-05 2.593045838631100e-16
24 8 -4.743780190976293e-15 -1.990619393963123e-04
25 8 1.342134541330679e-05 1.976333235153582e-16
26 8 -4.979252085010617e-15 -2.083181364944410e-04
27 8 -4.341313677835089e-05 3.742966768995985e-17
28 8 -3.224270217164604e-15 -1.816329806030090e-04
29 8 -1.053862504143386e-04 -1.145827568770266e-16
30 8 -1.553781659888268e-15 -1.081881700049708e-04
31 8 -1.468955040923672e-04 -1.571881368506296e-16
32 8 -5.626320410822633e-15 1.158675226757459e-16
33 8 -1.468955040925042e-04 -7.014287639273727e-17
34 8 -1.223986262371190e-15 1.081881700050986e-04
35 8 -1.053862504147012e-04 7.675209625324629e-17
36 8 -2.697584067689911e-15 1.816329806028945e-04
37 8 -4.341313677880676e-05 1.834648783299842e-16
38 8 -4.458749889344708e-15 2.083181364941022e-04
39 8 1.342134541292989e-05 1.917099014293884e-16
0 9 -4.317489715729242e-15 1.666707336781462e-04
1 9 4.473067647352941e-05 4.200651048654827e-17
2 9 -9.669847213499435e-15 1.526533097670261e-04
3 9 4.294643529735475e-05 2.268531303778854e-17
4 9 -1.985676195940651e-15 1.304687314704617e-04
5 9 2.886897955811786e-05 5.385127284368160e-17
6 9 -9.653797518611110e-16 1.011386692113380e-04
7 9 9.569597192536104e-06 9.708349952537084e-17
8 9 -4.773832183622420e-17 6.464235692853234e-05
9 9 -6.662133001263591e-06 8.873165578579669e-17
10 9 -6.304835420384076e-15 2.231192930517341e-05
11 9 -1.296897330161953e-05 8.748814837189153e-18
12 9 -6.209500175836791e-15 -2.231192930520993e-05
13 9 -6.662133001370931e-06 -9.544585023194240e-17
14 9 1.953516140550346e-16 -6.464235692852536e-05
15 9 9.569597192382694e-06 -1.399747330905091e-16
16 9 -6.797609173083250e-16 -1.011386692113126e-04
17 9 2.886897955799876e-05 -7.430254118546071e-17
18 9 -1.771500614221821e-15 -1.304687314705045e-04
19 9 4.294643529731575e-05 7.297432335908843e-17
20 9 -9.594342412795456e-15 -1.526533097672198e-04
21 9 4.473067647356376e-05 2.091571198514183e-16
22 9 -4.378291647980697e-15 -1.666707336784804e-04
23 9 3.032899071788445e-05 2.422194207430942e-16
24 9 3.285920116580933e-16 -1.682238861876693e-04
25 9 8.105489806723996e-07 1.478683376631286e-16
26 9 -5.284919914637107e-15 -1.499721760294981e-04
27 9 -3.627814526801383e-05 -8.148726107451863e-18
28 9 -2.235858743293406e-15 -1.059532036495385e-04
29 9 -6.774807202530467e-05 -1.216116309057692e-16
30 9 -6.567132220217673e-15 -3.852700001386429e-05
31 9 -8.016478260636411e-05 -1.260727137717440e-16
32 9 -6.523865668508886e-15 3.852700001406530e-05
33 9 -6.774807202529632e-05 -3.524621498328163e-17
34 9 -2.120813396319387e-15 1.059532036495648e-04
35 9 -3.627814526802280e-05 7.248493873180936e-17
36 9 -5.129184671286990e-15 1.499721760292911e-04
37 9 8.105489806299215e-07 1.215152940327840e-16
38 9 4.713247805623618e-16 1.682238861873178e-04
39 9 3.032899071782203e-05 9.583489286664658e-17
0 10 -9.675745130390093e-17 1.569302648374473e-04
1 10 3.910701417211528e-05 -3.570241891535307e-17
2 10 -4.272468778783806e-15 1.514667510650360e-04
3 10 2.065425423829247e-05 -2.314935022357181e-18
4 10 -3.403106327978006e-15 1.338535804596174e-04
5 10 -8.495526510348901e-06 5.805908778591481e-17
6 10 3.169213204045668e-15 1.018512687881148e-04
7 10 -3.864639845827590e-05 9.045819887081353e-17
8 10 -8.019743861469157e-16 5.554762644793276e-05
9 10 -5.792120876740353e-05 4.825538941043198e-17
10 10 2.385984265466051e-15 -1.257022158104688e-17
11 10 -5.792120876734833e-05 -5.498662233429602e-17
12 10 -8.382635538580715e-16 -5.554762644792464e-05
13 10 -3.864639845811001e-05 -1.507145384040191e-16
14 10 3.087201161944614e-15 -1.018512687880436e-04
15 10 -8.495526510092075e-06 -1.628826475785074e-16
16 10 -3.526505414268386e-15 -1.338535804595316e-04
17 10 2.065425423857122e-05 -7.027171740959902e-17
18 10 -4.394586416167069e-15 -1.514667510650289e-04
19 10 3.910701417229815e-05 7.310413061313079e-17
20 10 -1.373444338493379e-16 -1.569302648375739e-04
21 10 4.226137532506781e-05 1.758226081275357e-16
22 10 4.185996068276464e-15 -1.514667510652119e-04
23 10 3.082322303683414e-05 1.732455381906999e-16
24 10 3.479647144934002e-15 -1.338535804597807e-04
25 10 9.981016747248885e-06 7.335085623714844e-17
26 10 -2.976663193215741e-15 -1.018512687882067e-04
27 10 -1.191297809319869e-05 -5.153237842307401e-17
28 10 1.020016617831149e-15 -5.554762644792351e-05
29 10 -2.585077168565393e-05 -1.220272535412854e-16
30 10 -2.247353512252219e-15 1.138840340215832e-16
31 10 -2.585077168550339e-05 -1.066083468209592e-16
32 10 8.297503202346779e-16 5.554762644807548e-05
33 10 -1.191297809282294e-05 -4.226602001266195e-17
34 10 -3.259512165347164e-15 1.018512687881806e-04
35 10 9.981016747662254e-06 9.290586058117752e-18
36 10 3.238294500651422e-15 1.338535804595991e-04
37 10 3.082322303709743e-05 1.121051772731041e-17
38 10 4.081177288188279e-15 1.514667510649956e-04
39 10 4.226137532509238e-05 -2.021365198685109e-17
0 11 4.261604326740290e-15 1.666707336783308e-04
1 11 3.122570374051423e-05 -7.546808144491372e-17
2 11 -3.521588031249101e-16 1.682238861875094e-04
3 11 -9.727080790189641e-06 -4.637890535101353e-18
4 11 5.358782060560844e-15 1.499721760294018e-04
5 11 -6.169251081423534e-05 6.149759460077393e-17
6 11 2.376288919247465e-15 1.059532036495392e-04
7 11 -1.066766088395317e-04 7.130770711709935e-17
8 11 6.713006904972669e-15 3.852700001394696e-05
9 11 -1.246519302510946e-04 5.058475898300742e-18
10 11 6.591850376357488e-15 -3.852700001395098e-05
11 11 -1.066766088392370e-04 -1.007417923315543e-16
12 11 2.044656781741322e-15 -1.059532036494710e-04
13 11 -6.169251081370791e-05 -1.754793708459185e-16
14 11 4.891937435011369e-15 -1.499721760292508e-04
15 11 -9.727080789574187e-06 -1.645114310695565e-16
16 11 -8.058908040196155e-16 -1.682238861873406e-04
17 11 3.122570374100393e-05 -7.232956067327746e-17
18 11 4.007800474009087e-15 -1.666707336782298e-04
19 11 5.282363995661255e-05 4.372430105527971e-17
20 11 9.500757081076279e-15 -1.526533097671571e-04
21 11 5.575470756000931e-05 1.107814101395633e-16
22 11 2.017357594868882e-15 -1.304687314706163e-04
23 11 4.580269890011700e-05 9.341135264580612e-17
24 11 1.164555342480919e-15 -1.011386692114767e-04
25 11 3.064075291023610e-05 1.525819818680154e-17
26 11 3.104176850360220e-16 -6.464235692860490e-05
27 11 1.777735079003376e-05 -6.583526108541962e-17
28 11 6.511321964593110e-15 -2.231192930514400e-05
29 11 1.279462349198152e-05 -1.051619827929704e-16
30 11 6.283126176985555e-15 2.231192930534016e-05
31 11 1.777735079054073e-05 -9.810762035737772e-17
32 11 -2.693368049446807e-16 6.464235692871012e-05
33 11 3.064075291100479e-05 -7.707159099015368e-17
34 11 5.027742247569955e-16 1.011386692114717e-04
35 11 4.580269890079587e-05 -7.545710150696377e-17
36 11 1.556805028916774e-15 1.304687314705656e-04
37 11 5.575470756031876e-05 -9.588962333952977e-17
38 11 9.406194978518435e-15 1.526533097671567e-04
39 11 5.282363995646552e-05 -1.067760117501332e-16
0 12 4.710736844255021e-15 1.990619393961881e-04
1 12 1.876541330858705e-05 -6.273796734689229e-17
2 12 4.954165849194845e-15 2.083181364943613e-04
3 12 -5.881981870953397e-05 2.006391583096694e-17
4 12 3.239852832114311e-15 1.816329806030190e-04
5 12 -1.477896315816843e-04 7.417111048946598e-17
6 12 1.622075023293880e-15 1.081881700050537e-04
7 12 -2.093579731624715e-04 6.368182315159457e-17
8 12 5.716814242335819e-15 -2.037402954242775e-17
9 12 -2.093579731622669e-04 -1.070143341023780e-17
10 12 1.259994392271937e-15 -1.081881700050493e-04
11 12 -1.477896315811126e-04 -1.038366149283346e-16
12 12 2.601045342769723e-15 -1.816329806029053e-04
13 12 -5.881981870874373e-05 -1.606558542923752e-16
14 12 4.224924107332297e-15 -2.083181364941507e-04
15 12 1.876541330935398e-05 -1.468857700935564e-16
16 12 4.150019215889820e-15 -1.990619393959503e-04
17 12 6.573098154160297e-05 -7.706361374859268e-17
18 12 3.577858391748956e-15 -1.716882508273397e-04
19 12 8.286205739552597e-05 3.872959765083175e-18
20 12 1.039284975828287e-14 -1.386951267055892e-04
21 12 7.995525071862079e-05 5.063281620347400e-17
22 12 1.165480017780903e-15 -1.050049516147074e-04
23 12 6.766124244203570e-05 4.553497939441161e-17
24 12 3.004063807647694e-16 -7.101112601822933e-05
25 12 5.453518669861764e-05 5.624389790279124e-18
26 12 9.973597471358983e-15 -3.599352178721672e-05
27 12 4.645729137609473e-05 -3.820929788290667e-17
28 12 -2.810025229758279e-16 6.832900207845240e-17
29 12 4.645729137643187e-05 -6.846166548549017e-17
30 12 9.378139293799977e-15 3.599352178733314e-05
31 12 5.453518669946828e-05 -8.726046187296403e-17
32 12 -6.120188253661867e-16 7.101112601830740e-05
33 12 6.766124244300011e-05 -1.090880548136084e-16
34 12 3.441206307430727e-16 1.050049516147758e-04
35 12 7.995525071927520e-05 -1.366050759238707e-16
36 12 9.996019708782872e-15 1.386951267057019e-04
37 12 8.286205739562372e-05 -1.506706993405534e-16
38 12 3.719626229570754e-15 1.716882508275291e-04
39 12 6.573098154115807e-05 -1.283017578867475e-16
0 13 2.109333441713054e-15 2.656771441443925e-04
1 13 -2.998070206655894e-06 -1.182053359557034e-17
2 13 -7.416053318157133e-16 2.853406926093973e-04
3 13 -1.494770321732706e-04 6.200760495713460e-17
4 13 -1.240249695047801e-15 2.320255048311006e-04
5 13 -3.007138457968748e-04 9.925189454280818e-17
6 13 -1.838849752575667e-15 9.099033093402866e-05
7 13 -3.669578493443841e-04 7.986998369294904e-17
8 13 -2.041884067396722e-15 -9.099033093412556e-05
9 13 -3.007138457964756e-04 1.452619303281287e-17
10 13 -1.808524098165247e-15 -2.320255048311085e-04
11 13 -1.494770321725645e-04 -6.403822114834245e-17
12 13 -1.529691163061314e-15 -2.853406926092760e-04
13 13 -2.998070205830712e-06 -1.156718287093254e-16
14 13 1.350828363684484e-15 -2.656771441441658e-04
15 13 8.718076424544127e-05 -1.199281059188570e-16
16 13 -2.200173132187655e-15 -2.137934850412726e-04
17 13 1.215283106203088e-04 -8.120139517111777e-17
18 13 4.598809092607190e-15 -1.592549103673545e-04
19 13 1.213794539382934e-04 -2.334396827712364e-17
20 13 -7.150390086950523e-15 -1.131006062127348e-04
21 13 1.062713440774692e-04 2.651254876933566e-17
22 13 -1.724712617810381e-15 -7.561545004659601e-05
23 13 8.876222134433499e-05 5.117404293058842e-17
24 13 3.553269495514508e-15 -4.367180652864713e-05
25 13 7.591226129472480e-05 4.902737846387763e-17
26 13 2.674780813852172e-16 -1.432391193679959e-05
27 13 7.126703461383986e-05 2.397910502623138e-17
28 13 -7.774250661817208e-17 1.432391193680770e-05
29 13 7.591226129536584e-05 -1.627683317500713e-17
30 13 2.680335796827390e-15 4.367180652867468e-05
31 13 8.876222134530750e-05 -6.459162996463609e-17
32 13 -2.717885804457656e-15 7.561545004667136e-05
33 13 1.062713440783212e-04 -1.106012287124447e-16
34 13 -7.830957395474031e-15 1.131006062128838e-04
35 13 1.213794539386653e-04 -1.391493439774495e-16
36 13 4.481765238495635e-15 1.592549103675791e-04
37 13 1.215283106200885e-04 -1.339427410281845e-16
38 13 -1.767287654258292e-15 2.137934850415345e-04
39 13 8.718076424477398e-05 -8.704470292256978e-17
0 14 -6.007459677387587e-15 3.951081764635163e-04
1 14 -4.664196729196687e-05 4.449325796853155e-17
2 14 -2.164477417058776e-15 4.292822131267612e-04
3 14 -3.398988594474657e-04 9.942610892801986e-17
4 14 -2.026492263683727e-16 2.967186417071832e-04
5 14 -5.908017290646697e-04 1.291582729928700e-16
6 14 -1.767407291606414e-15 -9.371036514207023e-17
7 14 -5.908017290645217e-04 1.181391554589876e-16
8 14 -5.200854989502219e-16 -2.967186417073286e-04
9 14 -3.398988594470428e-04 6.818257652673458e-17
10 14 -2.746781073374081e-15 -4.292822131267988e-04
11 14 -4.664196729135244e-05 -1.527615740588493e-18
12 14 -6.702107098872319e-15 -3.951081764634223e-04
13 14 1.310042193981292e-04 -6.604616590556781e-17
14 14 -2.170129549655995e-15 -2.924404348536340e-04
15 14 1.890537308027342e-04 -9.778511181398543e-17
16 14 -2.544047551748481e-15 -1.946382306700051e-04
17 14 1.829628758036698e-04 -8.263705025021358e-17
18 14 -1.926282321582878e-15 -1.236137627286323e-04
19 14 1.546968850338035e-04 -2.688404326833230e-17
20 14 -3.677613045977259e-15 -7.641943581660226e-05
21 14 1.251730110068131e-04 4.371705853082229e-17
22 14 -7.007133462515400e-15 -4.448477411121780e-05
23 14 1.030202825585585e-04 9.995714354234570e-17
24 14 -2.592313756985533e-16 -2.060205525038267e-05
25 14 9.143155117429086e-05 1.185058581632968e-16
26 14 1.969208920226566e-15 -7.688829399040828e-17
27 14 9.143155117457302e-05 9.289248757986133e-17
28 14 -8.416329421115839e-16 2.060205525026332e-05
29 14 1.030202825592653e-04 3.662752404199227e-17
30 14 -7.885991896532731e-15 4.448477411118888e-05
31 14 1.251730110075920e-04 -2.628826703914743e-17
32 14 -4.443836526671821e-15 7.641943581669042e-05
33 14 1.546968850342919e-04 -7.260117747718530e-17
34 14 -2.263022976584557e-15 1.236137627288196e-04
35 14 1.829628758036774e-04 -8.782793121041254e-17
36 14 -2.361771591795813e-15 1.946382306702350e-04
37 14 1.890537308023127e-04 -6.761537823289640e-17
38 14 -1.606188562854749e-15 2.924404348538302e-04
39 14 1.310042193974908e-04 -1.863363753021531e-17
0 15 -8.288856585756257e-15 6.603387798495493e-04
1 15 -1.535867881055381e-04 7.184661074449779e-17
2 15 2.271338627000596e-15 7.061614833073627e-04
3 15 -7.981717942902565e-04 1.154308407678588e-16
4 15 -4.884014656565339e-15 3.218523180341331e-04
5 15 -1.148266296435692e-03 1.520402116430793e-16
6 15 -4.960159807826655e-15 -3.218523180343544e-04
7 15 -7.981717942901538e-04 1.587056946154958e-16
8 15 2.041394023116730e-15 -7.061614833075288e-04
9 15 -1.535867881053171e-04 1.222545809966218e-16
10 15 -8.662301153859595e-15 -6.603387798496126e-04
11 15 2.351047267992950e-04 4.778584249145835e-17
12 15 -9.793594494684478e-15 -4.375697941958454e-04
13 15 3.243261320537225e-04 -3.702328335061736e-17
14 15 -7.449590870934577e-16 -2.478557786037971e-04
15 15 2.873200826835339e-04 -8.986479383397498e-17
16 15 1.359836200313435e-15 -1.308710124147484e-04
17 15 2.237987917394836e-04 -8.016482333727682e-17
18 15 -7.536783955004483e-15 -6.739838091618334e-05
19 15 1.685958336340274e-04 -1.145794225527765e-17
20 15 -5.260550917300599e-15 -3.430364086495819e-05
21 15 1.296914993987602e-04 8.154823826588778e-17
22 15 -3.555112793060323e-15 -1.629625615786468e-05
23 15 1.071511511559747e-04 1.537439647164510e-16
24 15 -8.363308073628330e-17 -4.835582778746183e-06
25 15 9.980702622782203e-05 1.725644859098986e-16
26 15 -3.043950845068240e-16 4.835582778477105e-06
27 15 1.071511511562966e-04 1.383785501953631e-16
28 15 -4.099270392708593e-15 1.629625615768932e-05
29 15 1.296914993992210e-04 7.632788907366231e-17
30 15 -5.849879523531859e-15 3.430364086492645e-05
31 15 1.685958336343752e-04 1.951240999946219e-17
32 15 -7.896656006048300e-15 6.739838091628230e-05
33 15 2.237987917395529e-04 -1.185158756278852e-17
34 15 1.356686463776950e-15 1.308710124149106e-04
35 15 2.873200826833254e-04 -1.531971266664314e-17
36 15 -4.493040364626066e-16 2.478557786039358e-04
37 15 3.243261320533697e-04 1.894873104188151e-18
38 15 -9.375637921661625e-15 4.375697941958956e-04
39 15 2.351047267989642e-04 3.174673688794391e-17
0 16 -5.139622757354149e-16 1.278690845888250e-03
1 16 -5.006517267336627e-04 5.262928942475144e-17
2 16 2.163006430523951e-15 1.250086101237287e-03
3 16 -2.055825365942127e-03 1.012158122618262e-16
4 16 4.571785518987639e-15 -9.567704228633170e-17
5 16 -2.055825365942190e-03 1.544657495165000e-16
6 16 2.240160909239579e-15 -1.250086101237463e-03
7 16 -5.006517267338199e-04 1.808617856501676e-16
8 16 -4.506566290763231e-16 -1.278690845888394e-03
9 16 5.287388923245653e-04 1.492069054960168e-16
10 16 -6.561976551564856e-15 -7.152201661128831e-04
11 16 6.267878724677191e-04 6.106863461085790e-17
12 16 -6.250647835440032e-16 -3.144554292882592e-04
13 16 4.766861601913937e-04 -3.837154480253951e-17
14 16 6.984026784020724e-15 -1.171597702096115e-04
15 16 3.270928054836610e-04 -9.621193432810529e-17
16 16 -6.551233240309915e-16 -3.456015135810091e-05
17 16 2.221242678217382e-04 -7.882497954434401e-17
18 16 -4.297079793470086e-15 -4.622282310179277e-06
19 16 1.560905468203424e-04 4.195244527752619e-18
20 16 -1.876495076611957e-15 3.399284113038545e-06
21 16 1.181181712175162e-04 1.050096361152597e-16
22 16 -1.006971679764550e-16 3.049231952483911e-06
23 16 1.008383763607208e-04 1.716073557297505e-16
24 16 -9.231126872894318e-16 -1.613005006919574e-16
25 16 1.008383763607553e-04 1.797463263280820e-16
26 16 -2.732727344351627e-16 -3.049231952751415e-06
27 16 1.181181712175840e-04 1.424264828100748e-16
28 16 -2.106126635363445e-15 -3.399284113170768e-06
29 16 1.560905468203513e-04 9.286611557934916e-17
30 16 -4.440756792528888e-15 4.622282310190250e-06
31 16 2.221242678216360e-04 5.851645648814384e-17
32 16 -6.423705619655570e-16 3.456015135819491e-05
33 16 3.270928054834830e-04 4.356612238890461e-17
34 16 7.101356907786058e-15 1.171597702096995e-04
35 16 4.766861601912481e-04 3.680615182904771e-17
36 16 -5.145686893869332e-16 3.144554292882761e-04
37 16 6.267878724677080e-04 2.933824978018907e-17
38 16 -6.542291810761762e-15 7.152201661128099e-04
39 16 5.287388923246915e-04 2.994468098860229e-17
0 17 3.255408876955221e-15 3.080765451573314e-03
1 17 -2.116307734661906e-03 8.202428077310274e-19
2 17 1.063922645416583e-14 2.113046508611760e-03
3 17 -5.715729277608377e-03 6.130439761064433e-17
4 17 1.081649933319714e-14 -2.113046508611816e-03
5 17 -2.116307734662230e-03 1.342577955026616e-16
6 17 3.670033535947160e-15 -3.080765451573394e-03
7 17 1.591242430270556e-03 1.742830915957772e-16
8 17 -3.213562098179201e-15 -1.259573093262107e-03
9 17 1.373536839277402e-03 1.367536543369772e-16
10 17 8.553236179819343e-15 -3.406930541806672e-04
11 17 8.223344841321174e-04 4.243595082383277e-17
12 17 8.586626468056844e-15 -2.823401243307382e-05
13 17 4.722555843384920e-04 -5.980791354669002e-17
14 17 1.070379774312781e-14 5.301776284921345e-05
15 17 2.803719461037016e-04 -1.094972960722965e-16
16 17 -1.606198079529353e-15 5.967277483797572e-05
17 17 1.767956831745371e-04 -8.246038274725545e-17
18 17 9.793635469142352e-16 4.545642033315023e-05
19 17 1.212178256741809e-04 6.100847262659769e-19
20 17 9.758817587043244e-16 2.711223172380791e-05
21 17 9.371962790054628e-05 8.751089375460663e-17
22 17 7.733355110338299e-15 8.915714826429570e-06
23 17 8.539590530479305e-05 1.348695151083344e-16
24 17 7.772839044635556e-15 -8.915714826665415e-06
25 17 9.371962790034773e-05 1.347353349160859e-16
26 17 1.102500980917100e-15 -2.711223172395398e-05
27 17 1.212178256738213e-04 1.094239297179388e-16
28 17 1.188546471885245e-15 -4.545642033317351e-05
29 17 1.767956831741075e-04 8.763380823040115e-17
30 17 -1.371870853830188e-15 -5.967277483791466e-05
31 17 2.803719461033443e-04 7.770021009601374e-17
32 17 1.085180168194067e-14 -5.301776284914830e-05
33 17 4.722555843383614e-04 6.650431409606813e-17
34 17 8.528340227523236e-15 2.823401243308117e-05
35 17 8.223344841322968e-04 3.929094499478648e-17
36 17 8.251970119172619e-15 3.406930541806067e-04
37 17 1.373536839277841e-03 5.920439935768123e-19
38 17 -3.664825938270106e-15 1.259573093262017e-03
39 17 1.591242430271062e-03 -2.276700689826755e-17
0 18 6.409375122898041e-16 1.046047400748105e-02
1 18 -1.297505473224547e-02 -6.818856760744378e-17
2 18 1.116676631099502e-14 6.410740094576786e-17
3 18 -1.297505473224574e-02 1.069974277003609e-17
4 18 1.136376956666384e-15 -1.046047400748095e-02
5 18 6.958172264269383e-03 1.072500650849406e-16
6 18 -4.804785377084093e-15 -2.122722152951609e-03
7 18 3.303966047151207e-03 1.430762886840797e-16
8 18 -1.508579183450376e-15 -1.934688887591329e-05
9 18 1.368151309304506e-03 1.027575681337934e-16
10 18 8.022366471455867e-15 2.926712648942150e-04
11 18 6.165891391779246e-04 1.081268371462571e-17
12 18 8.469528468047145e-15 2.572151513430497e-04
13 18 3.104589709221589e-04 -7.958620335153740e-17
14 18 7.953480155317680e-15 1.811725849150685e-04
15 18 1.735043648759615e-04 -1.183968504430113e-16
16 18 9.082162616059401e-15 1.175723146119863e-04
17 18 1.074651477500145e-04 -9.237123751926066e-17
18 18 3.255475156757790e-15 6.960419901393967e-05
19 18 7.511777719282890e-05 -2.941637601075691e-17
20 18 5.827835484361713e-15 3.224854009942155e-05
21 18 6.162971163927476e-05 2.795007347647694e-17
22 18 5.940340322865556e-15 -4.252547278843641e-17
23 18 6.162971163906609e-05 5.613702745388143e-17
24 18 6.131076921298588e-15 -3.224854009947230e-05
25 18 7.511777719226419e-05 6.064641510615334e-17
26 18 3.770145147425402e-15 -6.960419901391592e-05
27 18 1.074651477492817e-04 6.187364738970179e-17
28 18 9.629047294745882e-15 -1.175723146119063e-04
29 18 1.735043648753177e-04 7.085221016836360e-17
30 18 8.316976258023056e-15 -1.811725849149932e-04
31 18 3.104589709218479e-04 7.417117480784550e-17
32 18 8.466227712858308e-15 -2.572151513430305e-04
33 18 6.165891391780792e-04 5.241743363754802e-17
34 18 7.585806732232858e-15 -2.926712648942516e-04
35 18 1.368151309305076e-03 -3.108203937150846e-18
36 18 -2.259188455583765e-15 1.934688887587378e-05
37 18 3.303966047151979e-03 -6.524882836041176e-17
38 18 -5.591690987970172e-15 2.122722152951630e-03
39 18 6.958172264270020e-03 -9.238206055213840e-17
0 19 2.216910151742323e-15 5.543657997932206e-02
1 19 -1.089940278542927e-01 -1.027955799020799e-16
2 19 2.495897038533642e-15 -5.543657997932176e-02
3 19 4.499261894105187e-02 -1.299435159822646e-17
4 19 -4.447949318351171e-15 -9.729952424900841e-06
5 19 6.952568634077796e-03 7.949682879910000e-17
6 19 -3.967010906003535e-15 2.093556475902444e-03
7 19 1.580124805732710e-03 1.133976935544100e-16
8 19 2.099982774753102e-15 1.220679226353169e-03
9 19 5.123565403478625e-04 7.936443397448988e-17
10 19 3.771000870794012e-16 6.664071671405328e-04
11 19 2.139779460168310e-04 1.350968172298631e-19
12 19 1.918168105326950e-15 3.782561406985789e-04
13 19 1.060548449964671e-04 -7.649604841833103e-17
14 19 -4.864957494781273e-15 2.213013651264112e-04
15 19 5.987959626708468e-05 -1.131755161224310e-16
16 19 -9.006736456500450e-15 1.282265434475680e-04
17 19 3.827563927604124e-05 -1.069976688169211e-16
18 19 -5.391510029559599e-15 6.700914387493751e-05
19 19 2.839871091040155e-05 -7.760147701811869e-17
20 19 2.130711507349496e-15 2.084995117302916e-05
21 19 2.551653686769260e-05 -4.848157897186931e-17
22 19 2.365581609562995e-15 -2.084995117292054e-05
23 19 2.839871090988816e-05 -2.643914134787676e-17
24 19 -4.770763720344673e-15 -6.700914387480654e-05
25 19 3.827563927520048e-05 -2.985750365783636e-18
26 19 -8.229249257299372e-15 -1.282265434474260e-04
27 19 5.987959626622976e-05 2.784059737995697e-17
28 19 -4.235462238404140e-15 -2.213013651263019e-04
29 19 1.060548449959141e-04 5.731910668518060e-17
30 19 2.136923075698137e-15 -3.782561406985400e-04
31 19 2.139779460167893e-04 5.996064534043159e-17
32 19 5.230275545127812e-17 -6.664071671405576e-04
33 19 5.123565403483423e-04 1.761102549325415e-17
34 19 1.287975289324486e-15 -1.220679226353188e-03
35 19 1.580124805733504e-03 -5.911635049263274e-17
36 19 -4.977546704644873e-15 -2.093556475902370e-03
37 19 6.952568634078609e-03 -1.306187261997682e-16
38 19 -5.245836898156798e-15 9.729952425111713e-06
39 19 4.499261894105244e-02 -1.625776352551054e-16
