0 0 1.622158063794256e-16 5.329659399612285e-17
1 0 3.113412357997979e-01 -1.792438915141489e-01
2 0 2.451063496866980e-01 1.779068823188909e-17
3 0 1.511580395676560e-01 -3.521824120809592e-02
4 0 1.231067834354169e-01 -4.520830513498688e-17
5 0 9.611690195667508e-02 -1.167359621372297e-02
6 0 8.266825993698498e-02 -1.013139543394884e-16
7 0 7.090597488131252e-02 -5.532491809745935e-03
8 0 6.350314612310380e-02 -1.186111361020999e-16
9 0 5.708307757587804e-02 -3.146878665766093e-03
10 0 5.260203865439500e-02 -8.961145924516456e-17
11 0 4.869305814710030e-02 -1.952169655980039e-03
12 0 4.583952459611884e-02 -3.435994525972558e-17
13 0 4.334714932882770e-02 -1.248221240130402e-03
14 0 4.151555938214127e-02 1.194921052699618e-17
15 0 3.993394262270024e-02 -7.789882443230545e-04
16 0 3.881706494679837e-02 2.023438604851512e-17
17 0 3.789069321053417e-02 -4.292630426727806e-04
18 0 3.733005414734367e-02 -7.684966291636912e-18
19 0 3.693042313361584e-02 -1.373115115476215e-04
20 0 3.685439311840479e-02 -4.636794131900889e-17
21 0 3.693042313361590e-02 1.373115115477698e-04
22 0 3.733005414734354e-02 -5.829164544792635e-17
23 0 3.789069321053430e-02 4.292630426728809e-04
24 0 3.881706494679821e-02 -2.214256972272405e-17
25 0 3.993394262270036e-02 7.789882443230810e-04
26 0 4.151555938214114e-02 5.674518998697439e-17
27 0 4.334714932882779e-02 1.248221240130366e-03
28 0 4.583952459611872e-02 1.424335854333881e-16
29 0 4.869305814710043e-02 1.952169655979977e-03
30 0 5.260203865439490e-02 1.903790934903449e-16
31 0 5.708307757587817e-02 3.146878665766050e-03
32 0 6.350314612310369e-02 1.705195218218676e-16
33 0 7.090597488131277e-02 5.532491809745930e-03
34 0 8.266825993698486e-02 8.577346537056460e-17
35 0 9.611690195667529e-02 1.167359621372300e-02
36 0 1.231067834354166e-01 -1.160145546540899e-17
37 0 1.511580395676563e-01 3.521824120809598e-02
38 0 2.451063496866977e-01 -6.131388236986911e-17
39 0 3.113412357997987e-01 1.792438915141490e-01
0 1 1.225483078521204e-01 -2.107411611034679e-01
1 1 1.065100337546701e-01 -1.109927864865587e-01
2 1 1.182046475980423e-01 -6.670427328937031e-02
3 1 9.066398675947732e-02 -5.027213786652476e-02
4 1 8.722839789636522e-02 -2.862977355922658e-02
5 1 7.173960661825263e-02 -2.571309125286317e-02
6 1 6.747141713533331e-02 -1.503683304120164e-02
7 1 5.868431337445872e-02 -1.479135196510885e-02
8 1 5.540287193830144e-02 -8.905127399624129e-03
9 1 5.004896390066337e-02 -9.192773226820290e-03
10 1 4.773190866528237e-02 -5.626812527545903e-03
11 1 4.429304178302808e-02 -5.933823427072771e-03
12 1 4.272786610479049e-02 -3.632573158363906e-03
13 1 4.046855476245731e-02 -3.817231073926710e-03
14 1 3.949051727016141e-02 -2.279274273380435e-03
15 1 3.802937318897315e-02 -2.295167086506862e-03
16 1 3.753787080548922e-02 -1.259737521010487e-03
17 1 3.666903389684521e-02 -1.081163584356576e-03
18 1 3.661656260394246e-02 -4.034990411817834e-04
19 1 3.623154229348167e-02 1.910289762371597e-16
20 1 3.661656260394242e-02 4.034990411814465e-04
21 1 3.666903389684528e-02 1.081163584356932e-03
22 1 3.753787080548916e-02 1.259737521010202e-03
23 1 3.802937318897317e-02 2.295167086507148e-03
24 1 3.949051727016135e-02 2.279274273380224e-03
25 1 4.046855476245732e-02 3.817231073926918e-03
26 1 4.272786610479044e-02 3.632573158363766e-03
27 1 4.429304178302811e-02 5.933823427072926e-03
28 1 4.773190866528230e-02 5.626812527545795e-03
29 1 5.004896390066341e-02 9.192773226820430e-03
30 1 5.540287193830130e-02 8.905127399623998e-03
31 1 5.868431337445883e-02 1.479135196510898e-02
32 1 6.747141713533303e-02 1.503683304120146e-02
33 1 7.173960661825289e-02 2.571309125286336e-02
34 1 8.722839789636491e-02 2.862977355922639e-02
35 1 9.066398675947772e-02 5.027213786652494e-02
36 1 1.182046475980420e-01 6.670427328937008e-02
37 1 1.065100337546706e-01 1.109927864865587e-01
38 1 1.225483078521200e-01 2.107411611034678e-01
39 1 2.727340154854719e-16 2.169839959326881e-01
0 2 6.151445578786741e-02 -1.035424098828047e-01
1 2 5.855055651386366e-02 -7.352314260054241e-02
2 2 6.972359092977855e-02 -5.731229519072237e-02
3 2 5.990878214574544e-02 -4.451196943736388e-02
4 2 6.219568834263959e-02 -3.272523983406611e-02
5 2 5.415768059185488e-02 -2.749700022471492e-02
6 2 5.383013857461552e-02 -1.996085745429454e-02
7 2 4.817057667880049e-02 -1.766587661073205e-02
8 2 4.727858247709846e-02 -1.280626137468355e-02
9 2 4.336971584472959e-02 -1.166653903623670e-02
10 2 4.254056822098726e-02 -8.416913232579593e-03
11 2 3.983080871437682e-02 -7.726006329325164e-03
12 2 3.924911849403104e-02 -5.472438916671945e-03
13 2 3.737701293682146e-02 -4.921180116200058e-03
14 2 3.709562388770727e-02 -3.310896044240296e-03
15 2 3.583700170447532e-02 -2.743176457558991e-03
16 2 3.587740197698033e-02 -1.564755767262612e-03
17 2 3.509516984999467e-02 -8.820634078523647e-04
18 2 3.548309297150814e-02 -2.398498912270111e-16
19 2 3.509516984999466e-02 8.820634078528251e-04
20 2 3.587740197698030e-02 1.564755767262162e-03
21 2 3.583700170447529e-02 2.743176457559399e-03
22 2 3.709562388770726e-02 3.310896044239921e-03
23 2 3.737701293682141e-02 4.921180116200376e-03
24 2 3.924911849403109e-02 5.472438916671643e-03
25 2 3.983080871437679e-02 7.726006329325421e-03
26 2 4.254056822098726e-02 8.416913232579329e-03
27 2 4.336971584472960e-02 1.166653903623693e-02
28 2 4.727858247709844e-02 1.280626137468329e-02
29 2 4.817057667880047e-02 1.766587661073231e-02
30 2 5.383013857461551e-02 1.996085745429426e-02
31 2 5.415768059185503e-02 2.749700022471521e-02
32 2 6.219568834263944e-02 3.272523983406580e-02
33 2 5.990878214574564e-02 4.451196943736414e-02
34 2 6.972359092977831e-02 5.731229519072206e-02
35 2 5.855055651386411e-02 7.352314260054267e-02
36 2 6.151445578786696e-02 1.035424098828045e-01
37 2 2.734638388720671e-02 1.107153097973643e-01
38 2 -2.466901987132862e-16 1.334591223451783e-01
39 2 -2.734638388720625e-02 1.107153097973641e-01
0 3 4.120272014904613e-02 -6.694381131883248e-02
1 3 4.051005559416940e-02 -5.313471849538641e-02
2 3 4.799563580470502e-02 -4.532826326004170e-02
3 3 4.383080679685769e-02 -3.693172618415803e-02
4 3 4.692494971504587e-02 -3.008341649890817e-02
5 3 4.261199793701370e-02 -2.536798589805891e-02
6 3 4.370732183927559e-02 -2.020826657727457e-02
7 3 4.015078842408740e-02 -1.747960931343935e-02
8 3 4.045868562413943e-02 -1.371959105676310e-02
9 3 3.772411556742503e-02 -1.200114531001011e-02
10 3 3.779724796057812e-02 -9.243802361432187e-03
11 3 3.575241139179665e-02 -8.016119012496740e-03
12 3 3.584288751994996e-02 -5.951174430032128e-03
13 3 3.434392785884167e-02 -4.929380737395014e-03
14 3 3.457594725962848e-02 -3.337995357089588e-03
15 3 3.350749249537811e-02 -2.350103813062627e-03
16 3 3.395531433361076e-02 -1.076406640063445e-03
17 3 3.323077885979998e-02 1.862610999787073e-16
18 3 3.395531433361079e-02 1.076406640063017e-03
19 3 3.350749249537811e-02 2.350103813062966e-03
20 3 3.457594725962853e-02 3.337995357089220e-03
21 3 3.434392785884162e-02 4.929380737395275e-03
22 3 3.584288751994998e-02 5.951174430031844e-03
23 3 3.575241139179653e-02 8.016119012496926e-03
24 3 3.779724796057819e-02 9.243802361431967e-03
25 3 3.772411556742489e-02 1.200114531001024e-02
26 3 4.045868562413955e-02 1.371959105676290e-02
27 3 4.015078842408722e-02 1.747960931343951e-02
28 3 4.370732183927565e-02 2.020826657727434e-02
29 3 4.261199793701365e-02 2.536798589805914e-02
30 3 4.692494971504588e-02 3.008341649890787e-02
31 3 4.383080679685772e-02 3.693172618415833e-02
32 3 4.799563580470496e-02 4.532826326004142e-02
33 3 4.051005559416947e-02 5.313471849538672e-02
34 3 4.120272014904598e-02 6.694381131883224e-02
35 3 2.636409694189393e-02 7.151193352007171e-02
36 3 1.740746819819342e-02 8.609379604926978e-02
37 3 8.350989671966527e-17 8.056469044697037e-02
38 3 -1.740746819819368e-02 8.609379604926984e-02
39 3 -2.636409694189379e-02 7.151193352007161e-02
0 4 3.144006872329456e-02 -4.871754167098755e-02
1 4 3.131890198273069e-02 -4.066262747350542e-02
2 4 3.648679696841646e-02 -3.618727504674690e-02
3 4 3.447742252962167e-02 -3.041605557592513e-02
4 4 3.733411676061886e-02 -2.609059682102205e-02
5 4 3.488471260085185e-02 -2.221764747937808e-02
6 4 3.641745788413347e-02 -1.858887625796533e-02
7 4 3.414361191570849e-02 -1.595846154621213e-02
8 4 3.501093536276995e-02 -1.305342653663090e-02
9 4 3.309735711386105e-02 -1.116013662234622e-02
10 4 3.368129254159703e-02 -8.849269995912342e-03
11 4 3.214124615946070e-02 -7.358864959707506e-03
12 4 3.265809497616116e-02 -5.492643904859451e-03
13 4 3.144840246512268e-02 -4.186840065357631e-03
14 4 3.202636086336177e-02 -2.632095356096483e-03
15 4 3.108967423402707e-02 -1.359162210220854e-03
16 4 3.181376859657273e-02 -1.220307818918254e-16
17 4 3.108967423402704e-02 1.359162210220994e-03
18 4 3.202636086336179e-02 2.632095356096278e-03
19 4 3.144840246512265e-02 4.186840065357697e-03
20 4 3.265809497616126e-02 5.492643904859332e-03
21 4 3.214124615946061e-02 7.358864959707471e-03
22 4 3.368129254159713e-02 8.849269995912306e-03
23 4 3.309735711386096e-02 1.116013662234614e-02
24 4 3.501093536277011e-02 1.305342653663089e-02
25 4 3.414361191570839e-02 1.595846154621205e-02
26 4 3.641745788413361e-02 1.858887625796527e-02
27 4 3.488471260085165e-02 2.221764747937809e-02
28 4 3.733411676061912e-02 2.609059682102189e-02
29 4 3.447742252962149e-02 3.041605557592530e-02
30 4 3.648679696841657e-02 3.618727504674662e-02
31 4 3.131890198273052e-02 4.066262747350567e-02
32 4 3.144006872329465e-02 4.871754167098730e-02
33 4 2.308718918391258e-02 5.166691175669814e-02
34 4 1.913510145042594e-02 6.066856185918332e-02
35 4 8.690396472201616e-03 5.946682802346581e-02
36 4 3.287556682979088e-17 6.585507484034775e-02
37 4 -8.690396472201795e-03 5.946682802346574e-02
38 4 -1.913510145042588e-02 6.066856185918350e-02
39 4 -2.308718918391275e-02 5.166691175669795e-02
0 5 2.569251338094687e-02 -3.757905787806039e-02
1 5 2.574974285891086e-02 -3.221295176629294e-02
2 5 2.953349742586454e-02 -2.932477415147457e-02
3 5 2.846837300134567e-02 -2.510339465417063e-02
4 5 3.093467673096683e-02 -2.215097239376204e-02
5 5 2.945608179733439e-02 -1.898037788846847e-02
6 5 3.105901098703854e-02 -1.631040416234373e-02
7 5 2.954861599069920e-02 -1.391185266363881e-02
8 5 3.065191717914234e-02 -1.160861538537303e-02
9 5 2.927414165808423e-02 -9.714376242015176e-03
10 5 3.012667225099178e-02 -7.745957357147022e-03
11 5 2.893123646907513e-02 -6.146337078640618e-03
12 5 2.969540942144600e-02 -4.439370932890102e-03
13 5 2.867683757395385e-02 -2.977191593134804e-03
14 5 2.945963059274109e-02 -1.446155301692151e-03
15 5 2.858485977586253e-02 -3.866375739877127e-17
16 5 2.945963059274112e-02 1.446155301692164e-03
17 5 2.867683757395382e-02 2.977191593134679e-03
18 5 2.969540942144604e-02 4.439370932890203e-03
19 5 2.893123646907505e-02 6.146337078640382e-03
20 5 3.012667225099184e-02 7.745957357147225e-03
21 5 2.927414165808414e-02 9.714376242014849e-03
22 5 3.065191717914245e-02 1.160861538537330e-02
23 5 2.954861599069912e-02 1.391185266363847e-02
24 5 3.105901098703870e-02 1.631040416234396e-02
25 5 2.945608179733429e-02 1.898037788846819e-02
26 5 3.093467673096702e-02 2.215097239376215e-02
27 5 2.846837300134547e-02 2.510339465417051e-02
28 5 2.953349742586482e-02 2.932477415147451e-02
29 5 2.574974285891059e-02 3.221295176629306e-02
30 5 2.569251338094718e-02 3.757905787806022e-02
31 5 2.025819493288954e-02 3.961340106258934e-02
32 5 1.812764458622201e-02 4.559828066307702e-02
33 5 1.138148917961630e-02 4.561196196516570e-02
34 5 6.632707045812200e-03 5.080286661256634e-02
35 5 -2.215015723424934e-16 4.797864242838111e-02
36 5 -6.632707045811826e-03 5.080286661256642e-02
37 5 -1.138148917961672e-02 4.561196196516557e-02
38 5 -1.812764458622166e-02 4.559828066307717e-02
39 5 -2.025819493288988e-02 3.961340106258920e-02
0 6 2.186779894903910e-02 -2.993555100879122e-02
1 6 2.197321616753626e-02 -2.604512964106849e-02
2 6 2.488508176517682e-02 -2.400519176049298e-02
3 6 2.426906205379217e-02 -2.074820557391064e-02
4 6 2.637889556296014e-02 -1.858599120928342e-02
5 6 2.542211522161235e-02 -1.594270541349607e-02
6 6 2.696018320227004e-02 -1.387454319104626e-02
7 6 2.589838823760334e-02 -1.171505826928902e-02
8 6 2.707340873019135e-02 -9.818091069161202e-03
9 6 2.602800597782137e-02 -7.994007858471354e-03
10 6 2.699991065743668e-02 -6.267752854693274e-03
11 6 2.601878498001801e-02 -4.646741753156937e-03
12 6 2.690178718798012e-02 -3.051620822854465e-03
13 6 2.598806751960014e-02 -1.524068451422314e-03
14 6 2.686082689432271e-02 8.343242413680479e-17
15 6 2.598806751960014e-02 1.524068451422104e-03
16 6 2.690178718798013e-02 3.051620822854684e-03
17 6 2.601878498001799e-02 4.646741753156634e-03
18 6 2.699991065743672e-02 6.267752854693616e-03
19 6 2.602800597782137e-02 7.994007858470915e-03
20 6 2.707340873019142e-02 9.818091069161655e-03
21 6 2.589838823760333e-02 1.171505826928851e-02
22 6 2.696018320227009e-02 1.387454319104676e-02
23 6 2.542211522161236e-02 1.594270541349561e-02
24 6 2.637889556296020e-02 1.858599120928381e-02
25 6 2.426906205379212e-02 2.074820557391032e-02
26 6 2.488508176517698e-02 2.400519176049319e-02
27 6 2.197321616753611e-02 2.604512964106838e-02
28 6 2.186779894903935e-02 2.993555100879124e-02
29 6 1.800234853932443e-02 3.143710219052202e-02
30 6 1.669927363283350e-02 3.571092472729716e-02
31 6 1.200949785286310e-02 3.608885122334565e-02
32 6 9.166203284059735e-03 4.011073123035728e-02
33 6 4.243656635876073e-03 3.885713729650388e-02
34 6 2.627771558615944e-16 4.178168446984152e-02
35 6 -4.243656635876576e-03 3.885713729650384e-02
36 6 -9.166203284059237e-03 4.011073123035736e-02
37 6 -1.200949785286351e-02 3.608885122334553e-02
38 6 -1.669927363283311e-02 3.571092472729728e-02
39 6 -1.800234853932473e-02 3.143710219052195e-02
0 7 1.908560258723082e-02 -2.429060529469851e-02
1 7 1.918301953889403e-02 -2.129706111460544e-02
2 7 2.151001933496471e-02 -1.974325650496996e-02
3 7 2.111156659599292e-02 -1.712056473167150e-02
4 7 2.292440135733233e-02 -1.543157924308539e-02
5 7 2.224897665425682e-02 -1.318017335399557e-02
6 7 2.367346539697087e-02 -1.149257807701970e-02
7 7 2.286847392315900e-02 -9.547234084108777e-03
8 7 2.402830369435294e-02 -7.919099549682486e-03
9 7 2.317701059900966e-02 -6.194299723607393e-03
10 7 2.417388265966398e-02 -4.632377396416559e-03
11 7 2.331155174063503e-02 -3.044545813658526e-03
12 7 2.422106290224828e-02 -1.524068451421160e-03
13 7 2.334830352752402e-02 -7.323354568631593e-17
14 7 2.422106290224832e-02 1.524068451421344e-03
15 7 2.331155174063500e-02 3.044545813658324e-03
16 7 2.417388265966407e-02 4.632377396416853e-03
17 7 2.317701059900964e-02 6.194299723607053e-03
18 7 2.402830369435299e-02 7.919099549682933e-03
19 7 2.286847392315899e-02 9.547234084108309e-03
20 7 2.367346539697088e-02 1.149257807702024e-02
21 7 2.224897665425694e-02 1.318017335399506e-02
22 7 2.292440135733226e-02 1.543157924308592e-02
23 7 2.111156659599306e-02 1.712056473167106e-02
24 7 2.151001933496463e-02 1.974325650497033e-02
25 7 1.918301953889415e-02 2.129706111460518e-02
26 7 1.908560258723086e-02 2.429060529469870e-02
27 7 1.616675101293438e-02 2.547206254692206e-02
28 7 1.531082490218046e-02 2.870275224073158e-02
29 7 1.185668841083550e-02 2.919021690290076e-02
30 7 1.003065669458283e-02 3.233917534274838e-02
31 7 6.314609418676395e-03 3.182328792237143e-02
32 7 3.506937744945815e-03 3.443145556659952e-02
33 7 -1.964615497170144e-16 3.278294294325187e-02
34 7 -3.506937744945364e-03 3.443145556659959e-02
35 7 -6.314609418676725e-03 3.182328792237136e-02
36 7 -1.003065669458248e-02 3.233917534274846e-02
37 7 -1.185668841083566e-02 2.919021690290068e-02
38 7 -1.531082490218028e-02 2.870275224073160e-02
39 7 -1.616675101293436e-02 2.547206254692214e-02
0 8 1.690726939009978e-02 -1.990866431356546e-02
1 8 1.696797775334798e-02 -1.750136073850198e-02
2 8 1.887886534696059e-02 -1.623750720870214e-02
3 8 1.857824835403657e-02 -1.405388219553728e-02
4 8 2.014497929985933e-02 -1.265559926750937e-02
5 8 1.961506759313438e-02 -1.070159542987723e-02
6 8 2.090951609782521e-02 -9.256556141625714e-03
7 8 2.024339447713720e-02 -7.498269869399585e-03
8 8 2.133963862405307e-02 -6.047241759161235e-03
9 8 2.059185249530446e-02 -4.434998962833268e-03
10 8 2.155259289190593e-02 -2.984480940683550e-03
11 8 2.074529132233814e-02 -1.467165990932528e-03
12 8 2.161622487736091e-02 7.361673389751098e-18
13 8 2.074529132233809e-02 1.467165990932561e-03
14 8 2.155259289190600e-02 2.984480940683621e-03
15 8 2.059185249530436e-02 4.434998962833205e-03
16 8 2.133963862405321e-02 6.047241759161446e-03
17 8 2.024339447713712e-02 7.498269869399382e-03
18 8 2.090951609782522e-02 9.256556141626061e-03
19 8 1.961506759313446e-02 1.070159542987692e-02
20 8 2.014497929985920e-02 1.265559926750979e-02
21 8 1.857824835403680e-02 1.405388219553696e-02
22 8 1.887886534696035e-02 1.623750720870250e-02
23 8 1.696797775334833e-02 1.750136073850176e-02
24 8 1.690726939009951e-02 1.990866431356568e-02
25 8 1.460954364974035e-02 2.089504345554139e-02
26 8 1.403262118191259e-02 2.344821593962727e-02
27 8 1.137568977129130e-02 2.396782197688003e-02
28 8 1.014899636751678e-02 2.649204113121049e-02
29 8 7.271233869952638e-03 2.635217555735074e-02
30 8 5.351704235988547e-03 2.858714716028825e-02
31 8 2.506579742542183e-03 2.766840361090099e-02
32 8 1.246450715474180e-16 2.933853962978396e-02
33 8 -2.506579742542314e-03 2.766840361090096e-02
34 8 -5.351704235988359e-03 2.858714716028831e-02
35 8 -7.271233869952640e-03 2.635217555735070e-02
36 8 -1.014899636751676e-02 2.649204113121053e-02
37 8 -1.137568977129112e-02 2.396782197688001e-02
38 8 -1.403262118191276e-02 2.344821593962723e-02
39 8 -1.460954364974001e-02 2.089504345554150e-02
0 9 1.508979772075498e-02 -1.638746925077751e-02
1 9 1.509796527658485e-02 -1.438598163956642e-02
2 9 1.669672497874955e-02 -1.329847467230850e-02
3 9 1.642793625088728e-02 -1.143361727961703e-02
4 9 1.778690262130186e-02 -1.021690026232251e-02
5 9 1.732337589931849e-02 -8.496395796609470e-03
6 9 1.848380695041611e-02 -7.207917934055221e-03
7 9 1.788458635291088e-02 -5.615095219353277e-03
8 9 1.888972945017172e-02 -4.283018592488751e-03
9 9 1.818928047980138e-02 -2.790617160030027e-03
10 9 1.907501883792933e-02 -1.420179444600051e-03
11 9 1.828546836842524e-02 1.352962394290560e-16
12 9 1.907501883792941e-02 1.420179444599846e-03
13 9 1.818928047980124e-02 2.790617160030258e-03
14 9 1.888972945017189e-02 4.283018592488637e-03
15 9 1.788458635291071e-02 5.615095219353414e-03
16 9 1.848380695041624e-02 7.207917934055239e-03
17 9 1.732337589931843e-02 8.496395796609496e-03
18 9 1.778690262130180e-02 1.021690026232264e-02
19 9 1.642793625088744e-02 1.143361727961700e-02
20 9 1.669672497874927e-02 1.329847467230865e-02
21 9 1.509796527658525e-02 1.438598163956636e-02
22 9 1.508979772075457e-02 1.638746925077761e-02
23 9 1.322752310484394e-02 1.725563129408362e-02
24 9 1.284671016876272e-02 1.934493168260521e-02
25 9 1.073630071711975e-02 1.987632306223526e-02
26 9 9.896323675700428e-03 2.195030097493173e-02
27 9 7.613620967192646e-03 2.202111033631346e-02
28 9 6.271847514747454e-03 2.392465512893027e-02
29 9 3.960214909159586e-03 2.344221259475025e-02
30 9 2.151787094127973e-03 2.499701616248896e-02
31 9 3.381642823353703e-17 2.394139903681611e-02
32 9 -2.151787094127988e-03 2.499701616248899e-02
33 9 -3.960214909159449e-03 2.344221259475020e-02
34 9 -6.271847514747593e-03 2.392465512893038e-02
35 9 -7.613620967192342e-03 2.202111033631337e-02
36 9 -9.896323675700746e-03 2.195030097493176e-02
37 9 -1.073630071711928e-02 1.987632306223519e-02
38 9 -1.284671016876317e-02 1.934493168260517e-02
39 9 -1.322752310484343e-02 1.725563129408363e-02
0 10 1.348941841013522e-02 -1.348977443742861e-02
1 10 1.343665338962685e-02 -1.178312806723219e-02
2 10 1.479038647347704e-02 -1.080359760711505e-02
3 10 1.451630699261234e-02 -9.180720548898062e-03
4 10 1.569600192747339e-02 -8.079255951337808e-03
5 10 1.525296372921380e-02 -6.549076432530292e-03
6 10 1.628105298167030e-02 -5.364534897395416e-03
7 10 1.570665103669376e-02 -3.921213094713482e-03
8 10 1.660626641506334e-02 -2.673756579024518e-03
9 10 1.592183330314170e-02 -1.305229692342826e-03
10 10 1.671028055515106e-02 -1.949490480056418e-16
11 10 1.592183330314158e-02 1.305229692343222e-03
12 10 1.660626641506353e-02 2.673756579024155e-03
13 10 1.570665103669346e-02 3.921213094713844e-03
14 10 1.628105298167057e-02 5.364534897395127e-03
15 10 1.525296372921354e-02 6.549076432530601e-03
16 10 1.569600192747354e-02 8.079255951337598e-03
17 10 1.451630699261229e-02 9.180720548898316e-03
18 10 1.479038647347693e-02 1.080359760711491e-02
19 10 1.343665338962709e-02 1.178312806723239e-02
20 10 1.348941841013485e-02 1.348977443742850e-02
21 10 1.194945280678191e-02 1.428827026242050e-02
22 10 1.171979802983057e-02 1.604546319004424e-02
23 10 1.000389842549746e-02 1.658680860621529e-02
24 10 9.434451014280991e-03 1.832947642665316e-02
25 10 7.587528384152414e-03 1.853152270434862e-02
26 10 6.643315806983551e-03 2.016248554055410e-02
27 10 4.750758151458514e-03 1.995660612232923e-02
28 10 3.438957908146037e-03 2.135893980412491e-02
29 10 1.619096723793872e-03 2.071358090479756e-02
30 10 -6.637261227296224e-17 2.177579908932544e-02
31 10 -1.619096723793714e-03 2.071358090479753e-02
32 10 -3.438957908146239e-03 2.135893980412499e-02
33 10 -4.750758151458229e-03 1.995660612232914e-02
34 10 -6.643315806983921e-03 2.016248554055423e-02
35 10 -7.587528384151952e-03 1.853152270434848e-02
36 10 -9.434451014281491e-03 1.832947642665328e-02
37 10 -1.000389842549692e-02 1.658680860621514e-02
38 10 -1.171979802983109e-02 1.604546319004433e-02
39 10 -1.194945280678143e-02 1.428827026242034e-02
0 11 1.201796125913973e-02 -1.106689242671762e-02
1 11 1.190095978174244e-02 -9.583554254161679e-03
2 11 1.305530964406035e-02 -8.670287892592637e-03
3 11 1.275595290487496e-02 -7.238551463250417e-03
4 11 1.377855289389354e-02 -6.212297114564476e-03
5 11 1.333090918884978e-02 -4.842482472367702e-03
6 11 1.423196025299908e-02 -3.730963212909365e-03
7 11 1.366033316624918e-02 -2.424777591660432e-03
8 11 1.444955641246608e-02 -1.243843326754185e-03
9 11 1.376743346454750e-02 1.717306028511026e-16
10 11 1.444955641246621e-02 1.243843326753789e-03
11 11 1.366033316624893e-02 2.424777591660787e-03
12 11 1.423196025299940e-02 3.730963212908971e-03
13 11 1.333090918884941e-02 4.842482472368084e-03
14 11 1.377855289389386e-02 6.212297114564094e-03
15 11 1.275595290487468e-02 7.238551463250817e-03
16 11 1.305530964406048e-02 8.670287892592275e-03
17 11 1.190095978174242e-02 9.583554254162080e-03
18 11 1.201796125913956e-02 1.106689242671730e-02
19 11 1.072729922917042e-02 1.182662441873702e-02
20 11 1.062184199888613e-02 1.333674947760837e-02
21 11 9.203377414991977e-03 1.389144754868737e-02
22 11 8.836568866180282e-03 1.538437786517886e-02
23 11 7.319208125102080e-03 1.567765676551288e-02
24 11 6.663989538216974e-03 1.708929930659600e-02
25 11 5.101383918510757e-03 1.707063133348458e-02
26 11 4.154325190778929e-03 1.832224160208884e-02
27 11 2.622704005925482e-03 1.796057886027627e-02
28 11 1.412471842227424e-03 1.897144130136426e-02
29 11 7.927379764108757e-18 1.826710790981645e-02
30 11 -1.412471842227518e-03 1.897144130136429e-02
31 11 -2.622704005925390e-03 1.796057886027624e-02
32 11 -4.154325190779152e-03 1.832224160208890e-02
33 11 -5.101383918510488e-03 1.707063133348450e-02
34 11 -6.663989538217376e-03 1.708929930659612e-02
35 11 -7.319208125101655e-03 1.567765676551273e-02
36 11 -8.836568866180766e-03 1.538437786517903e-02
37 11 -9.203377414991528e-03 1.389144754868714e-02
38 11 -1.062184199888654e-02 1.333674947760862e-02
39 11 -1.072729922917015e-02 1.182662441873671e-02
0 12 1.062075811748454e-02 -9.020107387041836e-03
1 12 1.044006152076620e-02 -7.711790107411878e-03
2 12 1.142819719288670e-02 -6.839576868779199e-03
3 12 1.109451621604070e-02 -5.563684964132991e-03
4 12 1.197879536424511e-02 -4.589163864370523e-03
5 12 1.151503808001889e-02 -3.357591287913493e-03
6 12 1.229753745066413e-02 -2.302183495348973e-03
7 12 1.172013392425302e-02 -1.122149002628506e-03
8 12 1.240173738845725e-02 -9.998879130066794e-17
9 12 1.172013392425286e-02 1.122149002628614e-03
10 12 1.229753745066442e-02 2.302183495348742e-03
11 12 1.151503808001850e-02 3.357591287913678e-03
12 12 1.197879536424553e-02 4.589163864370219e-03
13 12 1.109451621604029e-02 5.563684964133289e-03
14 12 1.142819719288703e-02 6.839576868778826e-03
15 12 1.044006152076596e-02 7.711790107412252e-03
16 12 1.062075811748463e-02 9.020107387041456e-03
17 12 9.529484653405116e-03 9.760510919441107e-03
18 12 9.530052910810998e-03 1.108083775851959e-02
19 12 8.343867328504832e-03 1.165283546048120e-02
20 12 8.137252517248488e-03 1.295315118776596e-02
21 12 6.876538574909946e-03 1.331648977876290e-02
22 12 6.442080098622911e-03 1.455212760241348e-02
23 12 5.142522032539279e-03 1.466904062158795e-02
24 12 4.473196252430181e-03 1.578508680268907e-02
25 12 3.185582811865035e-03 1.562838292684735e-02
26 12 2.294019796652881e-03 1.656619685719515e-02
27 12 1.079402429914673e-03 1.612716396436346e-02
28 12 7.777178899211078e-17 1.683402915407195e-02
29 12 -1.079402429914904e-03 1.612716396436346e-02
30 12 -2.294019796652809e-03 1.656619685719513e-02
31 12 -3.185582811865115e-03 1.562838292684740e-02
32 12 -4.473196252430295e-03 1.578508680268909e-02
33 12 -5.142522032539146e-03 1.466904062158795e-02
34 12 -6.442080098623195e-03 1.455212760241358e-02
35 12 -6.876538574909675e-03 1.331648977876277e-02
36 12 -8.137252517248807e-03 1.295315118776618e-02
37 12 -8.343867328504598e-03 1.165283546048092e-02
38 12 -9.530052910811167e-03 1.108083775851991e-02
39 12 -9.529484653405088e-03 9.760510919440753e-03
0 13 9.264299726176071e-03 -7.279609742830446e-03
1 13 9.023447530661682e-03 -6.111914896000199e-03
2 13 9.871467411430969e-03 -5.265995211287779e-03
3 13 9.501688071032703e-03 -4.119779557862955e-03
4 13 1.026505698358775e-02 -3.183967283331771e-03
5 13 9.782647913698475e-03 -2.072674138821138e-03
6 13 1.045811830224226e-02 -1.065163284722263e-03
7 13 9.875216996756421e-03 -1.295026907983407e-16
8 13 1.045811830224243e-02 1.065163284722384e-03
9 13 9.782647913698204e-03 2.072674138820951e-03
10 13 1.026505698358814e-02 3.183967283331778e-03
11 13 9.501688071032304e-03 4.119779557862951e-03
12 13 9.871467411431379e-03 5.265995211287624e-03
13 13 9.023447530661319e-03 6.111914896000372e-03
14 13 9.264299726176343e-03 7.279609742830171e-03
15 13 8.336008037866058e-03 8.012524147505098e-03
16 13 8.428727971836414e-03 9.183439632824060e-03
17 13 7.428712022396925e-03 9.775737128361267e-03
18 13 7.353775600300078e-03 1.092468643917147e-02
19 13 6.297792076179694e-03 1.134620296891193e-02
20 13 6.039195628703645e-03 1.244012798371698e-02
21 13 4.952464472140563e-03 1.266175530741567e-02
22 13 4.502277788947760e-03 1.366072246855018e-02
23 13 3.419954292702338e-03 1.365932761751439e-02
24 13 2.782485101354972e-03 1.451993297928951e-02
25 13 1.747530191601193e-03 1.428355516384516e-02
26 13 9.416403931207129e-04 1.496444930364506e-02
27 13 -2.692322041756632e-16 1.449619496101805e-02
28 13 -9.416403931202844e-04 1.496444930364500e-02
29 13 -1.747530191601636e-03 1.428355516384529e-02
30 13 -2.782485101354707e-03 1.451993297928939e-02
31 13 -3.419954292702556e-03 1.365932761751455e-02
32 13 -4.502277788947726e-03 1.366072246855010e-02
33 13 -4.952464472140547e-03 1.266175530741576e-02
34 13 -6.039195628703782e-03 1.244012798371702e-02
35 13 -6.297792076179567e-03 1.134620296891186e-02
36 13 -7.353775600300210e-03 1.092468643917167e-02
37 13 -7.428712022396890e-03 9.775737128361054e-03
38 13 -8.428727971836384e-03 9.183439632824338e-03
39 13 -8.336008037866219e-03 8.012524147504838e-03
0 14 7.928714122680683e-03 -5.792347878526093e-03
1 14 7.633537427937436e-03 -4.739102831451856e-03
2 14 8.363741078967812e-03 -3.911305629887338e-03
3 14 7.960941257816352e-03 -2.873709228850445e-03
4 14 8.620682293976625e-03 -1.969992214365059e-03
5 14 8.122869152327456e-03 -9.628157556603652e-04
6 14 8.705577394540059e-03 2.443162637862574e-16
7 14 8.122869152327338e-03 9.628157556598081e-04
8 14 8.620682293976884e-03 1.969992214365461e-03
9 14 7.960941257816040e-03 2.873709228850062e-03
10 14 8.363741078968185e-03 3.911305629887527e-03
11 14 7.633537427937093e-03 4.739102831451726e-03
12 14 7.928714122681006e-03 5.792347878526058e-03
13 14 7.134873910293102e-03 6.524607767616931e-03
14 14 7.307933540729810e-03 7.576191478517299e-03
15 14 6.459468589687972e-03 8.190584066171073e-03
16 14 6.495547935539808e-03 9.219204990850008e-03
17 14 5.605651448757279e-03 9.691765207632087e-03
18 14 5.491876637673474e-03 1.067135708135031e-02
19 14 4.579518610365704e-03 1.097863493082204e-02
20 14 4.307911129428737e-03 1.187872312306864e-02
21 14 3.398461246150991e-03 1.200083592690337e-02
22 14 2.968798523154982e-03 1.278833632012566e-02
23 14 2.093165001926901e-03 1.271239575848943e-02
24 14 1.514977853825555e-03 1.335480612353019e-02
25 14 7.070766131866972e-04 1.307786575484807e-02
26 14 3.337369155877143e-16 1.354728140414645e-02
27 14 -7.070766131873667e-04 1.307786575484818e-02
28 14 -1.514977853824983e-03 1.335480612353001e-02
29 14 -2.093165001927389e-03 1.271239575848971e-02
30 14 -2.968798523154644e-03 1.278833632012540e-02
31 14 -3.398461246151214e-03 1.200083592690366e-02
32 14 -4.307911129428653e-03 1.187872312306843e-02
33 14 -4.579518610365717e-03 1.097863493082221e-02
34 14 -5.491876637673525e-03 1.067135708135026e-02
35 14 -5.605651448757226e-03 9.691765207632083e-03
36 14 -6.495547935539821e-03 9.219204990850128e-03
37 14 -6.459468589688022e-03 8.190584066170957e-03
38 14 -7.307933540729658e-03 7.576191478517452e-03
39 14 -7.134873910293322e-03 6.524607767616865e-03
0 15 6.602857244984895e-03 -4.514803551554965e-03
1 15 6.260844535444915e-03 -3.554556167359273e-03
2 15 6.893668417130186e-03 -2.740727640249574e-03
3 15 6.464060446465263e-03 -1.793326921957475e-03
4 15 7.037931587409457e-03 -9.187894480094906e-04
5 15 6.531479146915698e-03 -3.730613498169889e-16
6 15 7.037931587409556e-03 9.187894480101796e-04
7 15 6.464060446465095e-03 1.793326921956832e-03
8 15 6.893668417130442e-03 2.740727640250072e-03
9 15 6.260844535444675e-03 3.554556167358886e-03
10 15 6.602857244985153e-03 4.514803551555184e-03
11 15 5.919429262352380e-03 5.250049371014488e-03
12 15 6.161985733771904e-03 6.206181657050339e-03
13 15 5.437352613253671e-03 6.843471293530756e-03
14 15 5.568325754388832e-03 7.776364968987125e-03
15 15 4.814213505572576e-03 8.295398852356847e-03
16 15 4.822648108312298e-03 9.183190344233519e-03
17 15 4.054203888321907e-03 9.564033299175949e-03
18 15 3.932181423744277e-03 1.038220960706768e-02
19 15 3.168538530640214e-03 1.060721687491193e-02
20 15 2.913136774354301e-03 1.132958527761054e-02
21 15 2.177126569139851e-03 1.138568507228333e-02
22 15 1.792002491024777e-03 1.198624794872083e-02
23 15 1.108841098788189e-03 1.186710501555091e-02
24 15 6.049406142944832e-04 1.232258878525298e-02
25 15 -3.146387154491383e-16 1.203007787531480e-02
26 15 -6.049406142938252e-04 1.232258878525284e-02
27 15 -1.108841098788731e-03 1.186710501555119e-02
28 15 -1.792002491024289e-03 1.198624794872049e-02
29 15 -2.177126569140170e-03 1.138568507228374e-02
30 15 -2.913136774354069e-03 1.132958527761016e-02
31 15 -3.168538530640297e-03 1.060721687491231e-02
32 15 -3.932181423744261e-03 1.038220960706741e-02
33 15 -4.054203888321836e-03 9.564033299176143e-03
34 15 -4.822648108312361e-03 9.183190344233445e-03
35 15 -4.814213505572503e-03 8.295398852356856e-03
36 15 -5.568325754388826e-03 7.776364968987173e-03
37 15 -5.437352613253714e-03 6.843471293530731e-03
38 15 -6.161985733771747e-03 6.206181657050330e-03
39 15 -5.919429262352558e-03 5.250049371014601e-03
0 16 5.280978726197151e-03 -3.408668716247605e-03
1 16 4.900720744331984e-03 -2.522524931227243e-03
2 16 5.455819571248671e-03 -1.720806281454411e-03
3 16 5.007507841958302e-03 -8.463554486557695e-04
4 16 5.513910260160517e-03 3.660072164888607e-16
5 16 5.007507841958251e-03 8.463554486551044e-04
6 16 5.455819571248790e-03 1.720806281455034e-03
7 16 4.900720744331859e-03 2.522524931226771e-03
8 16 5.280978726197313e-03 3.408668716247966e-03
9 16 4.686378073758209e-03 4.148623719685073e-03
10 16 4.988055391155580e-03 5.029589787391065e-03
11 16 4.363589013436783e-03 5.689934446453662e-03
12 16 4.576028348699146e-03 6.547792277316988e-03
13 16 3.932541398197798e-03 7.110253257561550e-03
14 16 4.045810859282887e-03 7.925629065938541e-03
15 16 3.396063095191106e-03 8.372285990058190e-03
16 16 3.402146039211855e-03 9.124376351206533e-03
17 16 2.761238139375366e-03 9.438897939271816e-03
18 16 2.655369853477471e-03 1.010602546495344e-02
19 16 2.040682730496076e-03 1.027521408102466e-02
20 16 1.822557225310626e-03 1.083596920174212e-02
21 16 1.253070806852233e-03 1.085134277682861e-02
22 16 9.276039552250571e-04 1.128620198406775e-02
23 16 4.226076016408748e-04 1.114526285555504e-02
24 16 2.335360400441175e-16 1.143840646580232e-02
25 16 -4.226076016412121e-04 1.114526285555520e-02
26 16 -9.276039552246630e-04 1.128620198406746e-02
27 16 -1.253070806852447e-03 1.085134277682901e-02
28 16 -1.822557225310415e-03 1.083596920174167e-02
29 16 -2.040682730496110e-03 1.027521408102510e-02
30 16 -2.655369853477460e-03 1.010602546495304e-02
31 16 -2.761238139375244e-03 9.438897939272124e-03
32 16 -3.402146039211976e-03 9.124376351206324e-03
33 16 -3.396063095190931e-03 8.372285990058292e-03
34 16 -4.045810859283010e-03 7.925629065938512e-03
35 16 -3.932541398197677e-03 7.110253257561499e-03
36 16 -4.576028348699177e-03 6.547792277317028e-03
37 16 -4.363589013436786e-03 5.689934446453639e-03
38 16 -4.988055391155486e-03 5.029589787390964e-03
39 16 -4.686378073758313e-03 4.148623719685262e-03
0 17 3.960448814754662e-03 -2.438305178573291e-03
1 17 3.551189102527724e-03 -1.608636287406566e-03
2 17 4.047979621827691e-03 -8.183467056587579e-04
3 17 3.590089769549127e-03 -2.252024304897901e-16
4 17 4.047979621827711e-03 8.183467056592745e-04
5 17 3.551189102527699e-03 1.608636287406210e-03
6 17 3.960448814754717e-03 2.438305178573622e-03
7 17 3.434344465820863e-03 3.183651042314695e-03
8 17 3.785022917905034e-03 4.007779858281686e-03
9 17 3.239340421186071e-03 4.691026359742656e-03
10 17 3.521459375398179e-03 5.492312663890183e-03
11 17 2.966492311893685e-03 6.096182677172312e-03
12 17 3.170532978217151e-03 6.856675520637104e-03
13 17 2.617537849841755e-03 7.364246285794272e-03
14 17 2.735183926847074e-03 8.065374933240528e-03
15 17 2.196643789805974e-03 8.460886306174836e-03
16 17 2.221682063572402e-03 9.083828691786273e-03
17 17 1.711296801778354e-03 9.353751084263657e-03
18 17 1.640515594676474e-03 9.880183660293801e-03
19 17 1.172825535194986e-03 1.001439073858055e-02
20 17 1.006714683112523e-03 1.042757087481240e-02
21 17 5.963413058603012e-04 1.042039889798509e-02
22 17 3.394087176209278e-04 1.070642862809522e-02
23 17 1.485963901156015e-17 1.055738971210369e-02
24 17 -3.394087176208385e-04 1.070642862809507e-02
25 17 -5.963413058602422e-04 1.042039889798536e-02
26 17 -1.006714683112510e-03 1.042757087481201e-02
27 17 -1.172825535194856e-03 1.001439073858094e-02
28 17 -1.640515594676575e-03 9.880183660293378e-03
29 17 -1.711296801778147e-03 9.353751084263978e-03
30 17 -2.221682063572595e-03 9.083828691785999e-03
31 17 -2.196643789805732e-03 8.460886306174959e-03
32 17 -2.735183926847289e-03 8.065374933240495e-03
33 17 -2.617537849841538e-03 7.364246285794164e-03
34 17 -3.170532978217315e-03 6.856675520637239e-03
35 17 -2.966492311893543e-03 6.096182677172113e-03
36 17 -3.521459375398246e-03 5.492312663890313e-03
37 17 -3.239340421186021e-03 4.691026359742546e-03
38 17 -3.785022917905012e-03 4.007779858281621e-03
39 17 -3.434344465820878e-03 3.183651042314820e-03
0 18 2.640262284072567e-03 -1.569315479590367e-03
1 18 2.211572364162161e-03 -7.790346231295241e-04
2 18 2.669457178893580e-03 1.174732999127176e-16
3 18 2.211572364162181e-03 7.790346231294164e-04
4 18 2.640262284072549e-03 1.569315479590514e-03
5 18 2.162899429319669e-03 2.320251679120298e-03
6 18 2.552629767261676e-03 3.104914030215918e-03
7 18 2.065539023808013e-03 3.810843276720845e-03
8 18 2.406565432693015e-03 4.572888773378698e-03
9 18 1.919699638438804e-03 5.216922996126219e-03
10 18 2.202551183744563e-03 5.939149766332995e-03
11 18 1.726245550266827e-03 6.504712717363864e-03
12 18 1.942164175323120e-03 7.169794417108483e-03
13 18 1.487240953682225e-03 7.641156766455936e-03
14 18 1.628767445458412e-03 8.231945552770367e-03
15 18 1.206485898947603e-03 8.594979771208268e-03
16 18 1.268109521744871e-03 9.095066188238590e-03
17 18 8.899047168430343e-04 9.338137669315792e-03
18 18 8.686602208352389e-04 9.732641540221805e-03
19 18 5.456568493439995e-04 9.847499922052028e-03
20 18 4.415423850181592e-04 1.012400023443598e-02
21 18 1.838870421432377e-04 1.010650738275971e-02
22 18 -1.385773145409807e-16 1.025596358133970e-02
23 18 -1.838870421428673e-04 1.010650738275981e-02
24 18 -4.415423850184354e-04 1.012400023443575e-02
25 18 -5.456568493436546e-04 9.847499922052288e-03
26 18 -8.686602208355126e-04 9.732641540221467e-03
27 18 -8.899047168427325e-04 9.338137669316045e-03
28 18 -1.268109521745139e-03 9.095066188238340e-03
29 18 -1.206485898947350e-03 8.594979771208358e-03
30 18 -1.628767445458655e-03 8.231945552770351e-03
31 18 -1.487240953682014e-03 7.641156766455784e-03
32 18 -1.942164175323326e-03 7.169794417108700e-03
33 18 -1.726245550266654e-03 6.504712717363527e-03
34 18 -2.202551183744718e-03 5.939149766333327e-03
35 18 -1.919699638438667e-03 5.216922996125852e-03
36 18 -2.406565432693115e-03 4.572888773378958e-03
37 18 -2.065539023807912e-03 3.810843276720606e-03
38 18 -2.552629767261731e-03 3.104914030215981e-03
39 18 -2.162899429319605e-03 2.320251679120258e-03
0 19 1.320129630776861e-03 -7.677971150863537e-04
1 19 8.817087509291017e-04 7.026699800616898e-17
2 19 1.320129630776817e-03 7.677971150862754e-04
3 19 8.719747684660113e-04 1.524354395387035e-03
4 19 1.290928690895507e-03 2.286529848017434e-03
5 19 8.427768511113206e-04 3.014990449773227e-03
6 19 1.232550463246652e-03 3.754665043471692e-03
7 19 7.941733369925052e-04 4.438217133264570e-03
8 19 1.145178888643915e-03 5.138511278109144e-03
9 19 7.264071865167856e-04 5.760555812522502e-03
10 19 1.029406252197290e-03 6.404715944905076e-03
11 19 6.400953612088509e-04 6.949211766145327e-03
12 19 8.865432654606184e-04 7.520904784796239e-03
13 19 5.364372720283247e-04 7.972903752070456e-03
14 19 7.189217197977941e-04 8.456704301467183e-03
15 19 4.173918595403149e-04 8.803043048973938e-03
16 19 5.301100861218926e-04 9.185093382895191e-03
17 19 2.857713562575133e-04 9.415161450818872e-03
18 19 3.249690543571212e-04 9.683934900644486e-03
19 19 1.452111397951386e-04 9.790403392843160e-03
20 19 1.095016341957602e-04 9.937461881479237e-03
21 19 2.788208378223502e-16 9.916844988803642e-03
22 19 -1.095016341962742e-04 9.937461881479157e-03
23 19 -1.452111397946383e-04 9.790403392843287e-03
24 19 -3.249690543575520e-04 9.683934900644285e-03
25 19 -2.857713562571565e-04 9.415161450819026e-03
26 19 -5.301100861221959e-04 9.185093382895014e-03
27 19 -4.173918595401195e-04 8.803043048973981e-03
28 19 -7.189217197979811e-04 8.456704301467189e-03
29 19 -5.364372720282391e-04 7.972903752070304e-03
30 19 -8.865432654607415e-04 7.520904784796481e-03
31 19 -6.400953612087903e-04 6.949211766144962e-03
32 19 -1.029406252197403e-03 6.404715944905505e-03
33 19 -7.264071865166845e-04 5.760555812522017e-03
34 19 -1.145178888644051e-03 5.138511278109621e-03
35 19 -7.941733369923509e-04 4.438217133264114e-03
36 19 -1.232550463246799e-03 3.754665043472067e-03
37 19 -8.427768511111566e-04 3.014990449772894e-03
38 19 -1.290928690895625e-03 2.286529848017638e-03
39 19 -8.719747684659039e-04 1.524354395386836e-03
0 20 -1.289153856534405e-16 -1.141592612345045e-16
1 20 -4.384208798491738e-04 7.621771976952434e-04
2 20 -1.944447141011712e-16 1.518734477996236e-03
3 20 -4.286879048941282e-04 2.269672422584457e-03
4 20 -2.011207535903877e-16 3.003752941730794e-03
5 20 -4.092375470254178e-04 3.726603791523031e-03
6 20 -1.478977306417391e-16 4.421393389357167e-03
7 20 -3.801451308771382e-04 5.099386472895501e-03
8 20 -7.033044515894450e-17 5.738254751215698e-03
9 20 -3.416256369315614e-04 6.354883789336522e-03
10 20 -2.054059396932027e-17 6.921680671882788e-03
11 20 -2.941331583087615e-04 7.461057759109951e-03
12 20 -3.650290645095383e-17 7.940587820645693e-03
13 20 -2.384572828919226e-04 8.387973400522528e-03
14 20 -1.175313883877994e-16 8.766628079453127e-03
15 20 -1.757908039494172e-04 9.109102249897711e-03
16 20 -2.237794764483439e-16 9.375585287341212e-03
17 20 -1.077456240122516e-04 9.602782421830163e-03
18 20 -2.953729256561433e-16 9.748827077506961e-03
19 20 -3.630278494805745e-05 9.853624190819768e-03
20 20 -2.869266165581069e-16 9.874583613480507e-03
21 20 3.630278494857515e-05 9.853624190819794e-03
22 20 -1.942469055822448e-16 9.748827077506872e-03
23 20 1.077456240125917e-04 9.602782421830231e-03
24 20 -5.717762387155356e-17 9.375585287341131e-03
25 20 1.757908039494974e-04 9.109102249897714e-03
26 20 6.254899441909953e-17 8.766628079453142e-03
27 20 2.384572828917957e-04 8.387973400522402e-03
28 20 1.160647682188032e-16 7.940587820645894e-03
29 20 2.941331583085782e-04 7.461057759109668e-03
30 20 9.417239330125985e-17 6.921680671883174e-03
31 20 3.416256369314803e-04 6.354883789336113e-03
32 20 3.014747636102120e-17 5.738254751216191e-03
33 20 3.801451308772345e-04 5.099386472895041e-03
34 20 -2.203330540676106e-17 4.421393389357649e-03
35 20 4.092375470256466e-04 3.726603791522612e-03
36 20 -2.039784078853838e-17 3.003752941731177e-03
37 20 4.286879048943581e-04 2.269672422584123e-03
38 20 4.081348326606737e-17 1.518734477996512e-03
39 20 4.384208798492691e-04 7.621771976949744e-04
0 21 -1.320129630777121e-03 7.677971150862092e-04
1 21 -1.748815520650516e-03 1.541213565878391e-03
2 21 -1.290928690895884e-03 2.286529848017421e-03
3 21 -1.690405101413241e-03 3.048695135204862e-03
4 21 -1.232550463246969e-03 3.754665043471742e-03
5 21 -1.593137333077284e-03 4.488661135369914e-03
6 21 -1.145178888644079e-03 5.138511278109222e-03
7 21 -1.457450791740553e-03 5.827397175335406e-03
8 21 -1.029406252197305e-03 6.404715944905138e-03
9 21 -1.284527288386545e-03 7.031693749987009e-03
10 21 -8.865432654605890e-04 7.520904784796254e-03
11 21 -1.076721374885852e-03 8.069680096577807e-03
12 21 -7.189217197978623e-04 8.456704301467168e-03
13 21 -8.379274917774166e-04 8.912053496499459e-03
14 21 -5.301100861221585e-04 9.185093382895155e-03
15 21 -5.737776408126893e-04 9.533599680728623e-03
16 21 -3.249690543575747e-04 9.683934900644500e-03
17 21 -2.915850104264479e-04 9.914803565884544e-03
18 21 -1.095016341962802e-04 9.937461881479323e-03
19 21 1.948556033378182e-16 1.004328658477469e-02
20 21 1.095016341958583e-04 9.937461881479308e-03
21 21 2.915850104267122e-04 9.914803565884549e-03
22 21 3.249690543573684e-04 9.683934900644469e-03
23 21 5.737776408126509e-04 9.533599680728609e-03
24 21 5.301100861222612e-04 9.185093382895179e-03
25 21 8.379274917770711e-04 8.912053496499378e-03
26 21 7.189217197981973e-04 8.456704301467277e-03
27 21 1.076721374885370e-03 8.069680096577655e-03
28 21 8.865432654609536e-04 7.520904784796490e-03
29 21 1.284527288386173e-03 7.031693749986796e-03
30 21 1.029406252197494e-03 6.404715944905463e-03
31 21 1.457450791740467e-03 5.827397175335149e-03
32 21 1.145178888643998e-03 5.138511278109582e-03
33 21 1.593137333077491e-03 4.488661135369647e-03
34 21 1.232550463246689e-03 3.754665043472070e-03
35 21 1.690405101413586e-03 3.048695135204621e-03
36 21 1.290928690895589e-03 2.286529848017695e-03
37 21 1.748815520650770e-03 1.541213565878172e-03
38 21 1.320129630776997e-03 7.677971150864396e-04
39 21 1.768284493085016e-03 -1.039926027650535e-16
0 22 -2.640262284072826e-03 1.569315479590433e-03
1 22 -3.049477665890173e-03 2.370846336279886e-03
2 22 -2.552629767261943e-03 3.104914030215961e-03
3 22 -2.913074636936451e-03 3.895173559590927e-03
4 22 -2.406565432693132e-03 4.572888773378838e-03
5 22 -2.708510790504277e-03 5.334710677678783e-03
6 22 -2.202551183744491e-03 5.939149766333152e-03
7 22 -2.436758570669000e-03 6.655047226775324e-03
8 22 -1.942164175322927e-03 7.169794417108573e-03
9 22 -2.100474197776886e-03 7.822096452806656e-03
10 22 -1.628767445458236e-03 8.231945552770348e-03
11 22 -1.704808830178402e-03 8.803205720548848e-03
12 22 -1.268109521744849e-03 9.095066188238500e-03
13 22 -1.258009017939135e-03 9.568759830720227e-03
14 22 -8.686602208354108e-04 9.732641540221732e-03
15 22 -7.716078967980203e-04 1.009409651954099e-02
16 22 -4.415423850184565e-04 1.012400023443602e-02
17 22 -2.600761160009944e-04 1.036143199761764e-02
18 22 -1.345328422801245e-16 1.025596358133988e-02
19 22 2.600761160011777e-04 1.036143199761761e-02
20 22 4.415423850183261e-04 1.012400023443604e-02
21 22 7.716078967979351e-04 1.009409651954094e-02
22 22 8.686602208356157e-04 9.732641540221784e-03
23 22 1.258009017938676e-03 9.568759830720155e-03
24 22 1.268109521745380e-03 9.095066188238556e-03
25 22 1.704808830177695e-03 8.803205720548804e-03
26 22 1.628767445458891e-03 8.231945552770410e-03
27 22 2.100474197776219e-03 7.822096452806650e-03
28 22 1.942164175323415e-03 7.169794417108635e-03
29 22 2.436758570668654e-03 6.655047226775366e-03
30 22 2.202551183744610e-03 5.939149766333219e-03
31 22 2.708510790504359e-03 5.334710677678824e-03
32 22 2.406565432692884e-03 4.572888773378906e-03
33 22 2.913074636936846e-03 3.895173559590943e-03
34 22 2.552629767261522e-03 3.104914030216040e-03
35 22 3.049477665890601e-03 2.370846336279867e-03
36 22 2.640262284072517e-03 1.569315479590518e-03
37 22 3.117617078747081e-03 7.958903035115149e-04
38 22 2.669457178893729e-03 4.327018676198492e-17
39 22 3.117617078746901e-03 -7.958903035115581e-04
0 23 -3.960448814754903e-03 2.438305178573593e-03
1 23 -4.340481094636535e-03 3.284933231075240e-03
2 23 -3.785022917905096e-03 4.007779858281828e-03
3 23 -4.096435836125054e-03 4.843194841960764e-03
4 23 -3.521459375398028e-03 5.492312663890414e-03
5 23 -3.754207574509104e-03 6.298790127063136e-03
6 23 -3.170532978216812e-03 6.856675520637287e-03
7 23 -3.315380781078030e-03 7.615595177804280e-03
8 23 -2.735183926846675e-03 8.065374933240561e-03
9 23 -2.784648341459859e-03 8.757356745169512e-03
10 23 -2.221682063572095e-03 9.083828691786148e-03
11 23 -2.171072557216842e-03 9.689287701521382e-03
12 23 -1.640515594676348e-03 9.880183660293607e-03
13 23 -1.488859690848272e-03 1.038031586547815e-02
14 23 -1.006714683112552e-03 1.042757087481228e-02
15 23 -7.573399047837001e-04 1.080566817679009e-02
16 23 -3.394087176209928e-04 1.070642862809528e-02
17 23 7.912679491203020e-17 1.094930514107123e-02
18 23 3.394087176208757e-04 1.070642862809532e-02
19 23 7.573399047837002e-04 1.080566817679002e-02
20 23 1.006714683112717e-03 1.042757087481235e-02
21 23 1.488859690847897e-03 1.038031586547804e-02
22 23 1.640515594676902e-03 9.880183660293657e-03
23 23 2.171072557216110e-03 9.689287701521351e-03
24 23 2.221682063572897e-03 9.083828691786117e-03
25 23 2.784648341459027e-03 8.757356745169633e-03
26 23 2.735183926847410e-03 8.065374933240416e-03
27 23 3.315380781077440e-03 7.615595177804546e-03
28 23 3.170532978217182e-03 6.856675520637067e-03
29 23 3.754207574508986e-03 6.298790127063483e-03
30 23 3.521459375397912e-03 5.492312663890170e-03
31 23 4.096435836125395e-03 4.843194841961102e-03
32 23 3.785022917904632e-03 4.007779858281622e-03
33 23 4.340481094637076e-03 3.284933231075484e-03
34 23 3.960448814754411e-03 2.438305178573453e-03
35 23 4.486472562941067e-03 1.659172222429024e-03
36 23 4.047979621827649e-03 8.183467056589981e-04
37 23 4.535035151154419e-03 5.384743293505114e-17
38 23 4.047979621827857e-03 -8.183467056590865e-04
39 23 4.486472562940672e-03 -1.659172222428876e-03
0 24 -5.280978726197357e-03 3.408668716248047e-03
1 24 -5.622217290517929e-03 4.317743086018108e-03
2 24 -4.988055391155414e-03 5.029589787391324e-03
3 24 -5.240123629680164e-03 5.927818370332680e-03
4 24 -4.576028348698755e-03 6.547792277317271e-03
5 24 -4.728035839008231e-03 7.416374467816508e-03
6 24 -4.045810859282366e-03 7.925629065938687e-03
7 24 -4.088160163031331e-03 8.743906047197958e-03
8 24 -3.402146039211374e-03 9.124376351206453e-03
9 24 -3.327993519447207e-03 9.870049371120534e-03
10 24 -2.655369853477142e-03 1.010602546495319e-02
11 24 -2.462115943424464e-03 1.075603867607368e-02
12 24 -1.822557225310471e-03 1.083596920174182e-02
13 24 -1.513012824926006e-03 1.136804428822014e-02
14 24 -9.276039552249818e-04 1.128620198406758e-02
15 24 -5.104829001422910e-04 1.168081524880543e-02
16 24 -1.002391085047433e-16 1.143840646580237e-02
17 24 5.104829001425041e-04 1.168081524880537e-02
18 24 9.276039552249427e-04 1.128620198406769e-02
19 24 1.513012824925920e-03 1.136804428821999e-02
20 24 1.822557225310816e-03 1.083596920174193e-02
21 24 2.462115943423971e-03 1.075603867607358e-02
22 24 2.655369853477846e-03 1.010602546495320e-02
23 24 3.327993519446451e-03 9.870049371120619e-03
24 24 3.402146039212181e-03 9.124376351206271e-03
25 24 4.088160163030647e-03 8.743906047198286e-03
26 24 4.045810859282928e-03 7.925629065938302e-03
27 24 4.728035839007926e-03 7.416374467817018e-03
28 24 4.576028348698825e-03 6.547792277316783e-03
29 24 5.240123629680371e-03 5.927818370333239e-03
30 24 4.988055391155012e-03 5.029589787390849e-03
31 24 5.622217290518483e-03 4.317743086018569e-03
32 24 5.280978726196761e-03 3.408668716247700e-03
33 24 5.875208575415159e-03 2.623469340179674e-03
34 24 5.455819571248483e-03 1.720806281454672e-03
35 24 6.001015811779500e-03 8.798941235375686e-04
36 24 5.513910260160542e-03 -8.061441037091654e-17
37 24 6.001015811779270e-03 -8.798941235374046e-04
38 24 5.455819571248913e-03 -1.720806281454890e-03
39 24 5.875208575414597e-03 -2.623469340179384e-03
0 25 -6.602857244985044e-03 4.514803551555389e-03
1 25 -6.895946866861687e-03 5.504586656694430e-03
2 25 -6.161985733771565e-03 6.206181657050669e-03
3 25 -6.343898371077806e-03 7.186221042440553e-03
4 25 -5.568325754388339e-03 7.776364968987403e-03
5 25 -5.626444514674272e-03 8.725916042053510e-03
6 25 -4.822648108311801e-03 9.183190344233575e-03
7 25 -4.746457982483062e-03 1.007814447920882e-02
8 25 -3.932181423743910e-03 1.038220960706746e-02
9 25 -3.715506129052004e-03 1.119556257754451e-02
10 25 -2.913136774354119e-03 1.132958527761015e-02
11 25 -2.556250939072216e-03 1.203297225255851e-02
12 25 -1.792002491024709e-03 1.198624794872046e-02
13 25 -1.303027571299550e-03 1.255245550963026e-02
14 25 -6.049406142943944e-04 1.232258878525279e-02
15 25 2.352446303084314e-16 1.272860312833845e-02
16 25 6.049406142940488e-04 1.232258878525288e-02
17 25 1.303027571299863e-03 1.255245550963009e-02
18 25 1.792002491024660e-03 1.198624794872066e-02
19 25 2.556250939072147e-03 1.203297225255828e-02
20 25 2.913136774354480e-03 1.132958527761030e-02
21 25 3.715506129051567e-03 1.119556257754442e-02
22 25 3.932181423744538e-03 1.038220960706740e-02
23 25 4.746457982482485e-03 1.007814447920902e-02
24 25 4.822648108312380e-03 9.183190344233228e-03
25 25 5.626444514673899e-03 8.725916042053980e-03
26 25 5.568325754388563e-03 7.776364968986855e-03
27 25 6.343898371077851e-03 7.186221042441156e-03
28 25 6.161985733771315e-03 6.206181657050078e-03
29 25 6.895946866862130e-03 5.504586656694971e-03
30 25 6.602857244984472e-03 4.514803551554928e-03
31 25 7.285107740400197e-03 3.722456075885831e-03
32 25 6.893668417129946e-03 2.740727640249770e-03
33 25 7.515956952202047e-03 1.876617302155249e-03
34 25 7.037931587409432e-03 9.187894480098149e-04
35 25 7.592405817189811e-03 8.484821840730186e-18
36 25 7.037931587409664e-03 -9.187894480099179e-04
37 25 7.515956952201632e-03 -1.876617302155139e-03
38 25 6.893668417130505e-03 -2.740727640250030e-03
39 25 7.285107740399590e-03 -3.722456075885502e-03
0 26 -7.928714122680794e-03 5.792347878526351e-03
1 26 -8.164776492940491e-03 6.883015603709342e-03
2 26 -7.307933540729444e-03 7.576191478517643e-03
3 26 -7.408062883315742e-03 8.659615114014472e-03
4 26 -6.495547935539424e-03 9.219204990850202e-03
5 26 -6.444051849112098e-03 1.027123510163571e-02
6 26 -5.491876637673211e-03 1.067135708135022e-02
7 26 -5.276591719562244e-03 1.166219773571665e-02
8 26 -4.307911129428666e-03 1.187872312306830e-02
9 26 -3.923626670330233e-03 1.277397295061115e-02
10 26 -2.968798523155057e-03 1.278833632012523e-02
11 26 -2.420216495410198e-03 1.355175951328242e-02
12 26 -1.514977853825646e-03 1.335480612352984e-02
13 26 -8.182022682628387e-04 1.395253862657074e-02
14 26 -3.106147707758026e-16 1.354728140414631e-02
15 26 8.182022682634860e-04 1.395253862657061e-02
16 26 1.514977853825176e-03 1.335480612353005e-02
17 26 2.420216495410579e-03 1.355175951328209e-02
18 26 2.968798523154950e-03 1.278833632012553e-02
19 26 3.923626670330233e-03 1.277397295061085e-02
20 26 4.307911129428923e-03 1.187872312306847e-02
21 26 5.276591719561965e-03 1.166219773571658e-02
22 26 5.491876637673618e-03 1.067135708135011e-02
23 26 6.444051849111799e-03 1.027123510163594e-02
24 26 6.495547935539689e-03 9.219204990849805e-03
25 26 7.408062883315674e-03 8.659615114014928e-03
26 26 7.307933540729359e-03 7.576191478517109e-03
27 26 8.164776492940777e-03 6.883015603709811e-03
28 26 7.928714122680368e-03 5.792347878525905e-03
29 26 8.719557676546254e-03 4.990265761773042e-03
30 26 8.363741078967635e-03 3.911305629887398e-03
31 26 9.081759080849598e-03 3.022054308511761e-03
32 26 8.620682293976643e-03 1.969992214365330e-03
33 26 9.260244687592650e-03 1.011829964826701e-03
34 26 8.705577394540210e-03 7.570917805497930e-17
35 26 9.260244687592468e-03 -1.011829964826920e-03
36 26 8.620682293977035e-03 -1.969992214365283e-03
37 26 9.081759080849135e-03 -3.022054308511778e-03
38 26 8.363741078968194e-03 -3.911305629887594e-03
39 26 8.719557676545753e-03 -4.990265761772771e-03
0 27 -9.264299726176161e-03 7.279609742830474e-03
1 27 -9.435184737345429e-03 8.494941724784853e-03
2 27 -8.428727971836228e-03 9.183439632824336e-03
3 27 -8.434021334767228e-03 1.039636116942757e-02
4 27 -7.353775600299987e-03 1.092468643917156e-02
5 27 -7.172732659864077e-03 1.210517606938399e-02
6 27 -6.039195628703749e-03 1.244012798371680e-02
7 27 -5.657175026530136e-03 1.354909523592134e-02
8 27 -4.502277788948026e-03 1.366072246854982e-02
9 27 -3.916019712367948e-03 1.465225038865073e-02
10 27 -2.782485101355287e-03 1.451993297928912e-02
11 27 -2.004171811126832e-03 1.534636735168573e-02
12 27 -9.416403931209468e-04 1.496444930364482e-02
13 27 3.820026011892074e-16 1.558350762991513e-02
14 27 9.416403931202174e-04 1.496444930364497e-02
15 27 2.004171811127478e-03 1.534636735168542e-02
16 27 2.782485101354793e-03 1.451993297928950e-02
17 27 3.916019712368307e-03 1.465225038865030e-02
18 27 4.502277788947876e-03 1.366072246855020e-02
19 27 5.657175026530193e-03 1.354909523592099e-02
20 27 6.039195628703867e-03 1.244012798371698e-02
21 27 7.172732659863958e-03 1.210517606938391e-02
22 27 7.353775600300166e-03 1.092468643917144e-02
23 27 8.434021334767146e-03 1.039636116942776e-02
24 27 8.428727971836237e-03 9.183439632824001e-03
25 27 9.435184737345545e-03 8.494941724785137e-03
26 27 9.264299726175934e-03 7.279609742830145e-03
27 27 1.018600842249198e-02 6.462463322514564e-03
28 27 9.871467411430931e-03 5.265995211287671e-03
29 27 1.070374745569832e-02 4.347018603302861e-03
30 27 1.026505698358789e-02 3.183967283331903e-03
31 27 1.100593997265552e-02 2.184138143121767e-03
32 27 1.045811830224251e-02 1.065163284722546e-03
33 27 1.110516161508689e-02 -2.721950406053191e-16
34 27 1.045811830224267e-02 -1.065163284722126e-03
35 27 1.100593997265527e-02 -2.184138143122189e-03
36 27 1.026505698358827e-02 -3.183967283331705e-03
37 27 1.070374745569794e-02 -4.347018603302989e-03
38 27 9.871467411431356e-03 -5.265995211287779e-03
39 27 1.018600842249168e-02 -6.462463322514392e-03
0 28 -1.062075811748462e-02 9.020107387041697e-03
1 28 -1.071924788810517e-02 1.039022986411302e-02
2 28 -9.530052910811090e-03 1.108083775851976e-02
3 28 -9.424847990887343e-03 1.245696914263477e-02
4 28 -8.137252517248748e-03 1.295315118776593e-02
5 28 -7.799708038334198e-03 1.429519803098727e-02
6 28 -6.442080098623309e-03 1.455212760241328e-02
7 28 -5.854371358717810e-03 1.580577624019466e-02
8 28 -4.473196252430642e-03 1.578508680268878e-02
9 28 -3.636556912100484e-03 1.688653104020387e-02
10 28 -2.294019796653292e-03 1.656619685719493e-02
11 28 -1.234035478613933e-03 1.745161691148711e-02
12 28 -3.512238847303274e-16 1.683402915407192e-02
13 28 1.234035478614537e-03 1.745161691148691e-02
14 28 2.294019796652678e-03 1.656619685719525e-02
15 28 3.636556912100946e-03 1.688653104020344e-02
16 28 4.473196252430255e-03 1.578508680268927e-02
17 28 5.854371358718059e-03 1.580577624019417e-02
18 28 6.442080098623178e-03 1.455212760241368e-02
19 28 7.799708038334260e-03 1.429519803098694e-02
20 28 8.137252517248773e-03 1.295315118776611e-02
21 28 9.424847990887322e-03 1.245696914263470e-02
22 28 9.530052910811122e-03 1.108083775851968e-02
23 28 1.071924788810519e-02 1.039022986411313e-02
24 28 1.062075811748454e-02 9.020107387041518e-03
25 28 1.169899140246120e-02 8.177965274941246e-03
26 28 1.142819719288680e-02 6.839576868778970e-03
27 28 1.239379276992362e-02 5.881572966583984e-03
28 28 1.197879536424535e-02 4.589163864370482e-03
29 28 1.283542681170454e-02 3.541617117314042e-03
30 28 1.229753745066446e-02 2.302183495349127e-03
31 28 1.304930018501628e-02 1.182308864762725e-03
32 28 1.240173738845758e-02 3.451033365916061e-16
33 28 1.304930018501622e-02 -1.182308864763432e-03
34 28 1.229753745066462e-02 -2.302183495348559e-03
35 28 1.283542681170437e-02 -3.541617117314526e-03
36 28 1.197879536424561e-02 -4.589163864370208e-03
37 28 1.239379276992345e-02 -5.881572966584147e-03
38 28 1.142819719288702e-02 -6.839576868778996e-03
39 28 1.169899140246109e-02 -8.177965274941183e-03
0 29 -1.201796125913977e-02 1.106689242671744e-02
1 29 -1.203780180852407e-02 1.263267424946277e-02
2 29 -1.062184199888648e-02 1.333674947760843e-02
3 29 -1.038557621575574e-02 1.492217547244075e-02
4 29 -8.836568866180726e-03 1.538437786517879e-02
5 29 -8.303544978251034e-03 1.693199602535844e-02
6 29 -6.663989538217431e-03 1.708929930659586e-02
7 29 -5.813223484708484e-03 1.851958672005467e-02
8 29 -4.154325190779322e-03 1.832224160208870e-02
9 29 -2.997519627059736e-03 1.954358862913469e-02
10 29 -1.412471842227720e-03 1.897144130136422e-02
11 29 1.391782740278815e-16 1.989808990647062e-02
12 29 1.412471842227312e-03 1.897144130136440e-02
13 29 2.997519627059987e-03 1.954358862913437e-02
14 29 4.154325190778999e-03 1.832224160208913e-02
15 29 5.813223484708667e-03 1.851958672005419e-02
16 29 6.663989538217238e-03 1.708929930659636e-02
17 29 8.303544978251134e-03 1.693199602535802e-02
18 29 8.836568866180651e-03 1.538437786517916e-02
19 29 1.038557621575576e-02 1.492217547244051e-02
20 29 1.062184199888646e-02 1.333674947760854e-02
21 29 1.203780180852405e-02 1.263267424946274e-02
22 29 1.201796125913977e-02 1.106689242671740e-02
23 29 1.328464005466043e-02 1.018246762343079e-02
24 29 1.305530964406053e-02 8.670287892592372e-03
25 29 1.417507454223484e-02 7.656116148226081e-03
26 29 1.377855289389384e-02 6.212297114564312e-03
27 29 1.476350798491934e-02 5.104257333203800e-03
28 29 1.423196025299944e-02 3.730963212909358e-03
29 29 1.509627250202740e-02 2.550406792905065e-03
30 29 1.444955641246638e-02 1.243843326754324e-03
31 29 1.520370002360955e-02 -3.700728748685257e-16
32 29 1.444955641246641e-02 -1.243843326753598e-03
33 29 1.509627250202741e-02 -2.550406792905697e-03
34 29 1.423196025299950e-02 -3.730963212908842e-03
35 29 1.476350798491933e-02 -5.104257333204167e-03
36 29 1.377855289389391e-02 -6.212297114564091e-03
37 29 1.417507454223484e-02 -7.656116148226178e-03
38 29 1.305530964406056e-02 -8.670287892592382e-03
39 29 1.328464005466044e-02 -1.018246762343076e-02
0 30 -1.348941841013519e-02 1.348977443742853e-02
1 30 -1.342498039606916e-02 1.530996106535775e-02
2 30 -1.171979802983095e-02 1.604546319004423e-02
3 30 -1.132257408248601e-02 1.790625432084616e-02
4 30 -9.434451014281305e-03 1.832947642665313e-02
5 30 -8.645816689489988e-03 2.014298536763271e-02
6 30 -6.643315806983756e-03 2.016248554055405e-02
7 30 -5.441531342604138e-03 2.180664301779684e-02
8 30 -3.438957908146137e-03 2.135893980412490e-02
9 30 -1.859770544318601e-03 2.269906417878786e-02
10 30 5.547741899953617e-19 2.177579908932556e-02
11 30 1.859770544318444e-03 2.269906417878775e-02
12 30 3.438957908146135e-03 2.135893980412518e-02
13 30 5.441531342604029e-03 2.180664301779653e-02
14 30 6.643315806983741e-03 2.016248554055445e-02
15 30 8.645816689489938e-03 2.014298536763235e-02
16 30 9.434451014281298e-03 1.832947642665348e-02
17 30 1.132257408248600e-02 1.790625432084591e-02
18 30 1.171979802983095e-02 1.604546319004441e-02
19 30 1.342498039606914e-02 1.530996106535770e-02
20 30 1.348941841013521e-02 1.348977443742854e-02
21 30 1.498751830569925e-02 1.253424232880459e-02
22 30 1.479038647347719e-02 1.080359760711487e-02
23 30 1.608920638093959e-02 9.703577875040111e-03
24 30 1.569600192747369e-02 8.079255951337591e-03
25 30 1.682030866048186e-02 6.886855816163592e-03
26 30 1.628105298167062e-02 5.364534897395295e-03
27 30 1.726017262313453e-02 4.108975158032374e-03
28 30 1.660626641506356e-02 2.673756579024517e-03
29 30 1.746552738378879e-02 1.365282284124309e-03
30 30 1.671028055515115e-02 3.054207028207802e-16
31 30 1.746552738378880e-02 -1.365282284124818e-03
32 30 1.660626641506351e-02 -2.673756579024005e-03
33 30 1.726017262313463e-02 -4.108975158032723e-03
34 30 1.628105298167054e-02 -5.364534897395009e-03
35 30 1.682030866048197e-02 -6.886855816163720e-03
36 30 1.569600192747361e-02 -8.079255951337558e-03
37 30 1.608920638093969e-02 -9.703577875040061e-03
38 30 1.479038647347714e-02 -1.080359760711493e-02
39 30 1.498751830569930e-02 -1.253424232880451e-02
0 31 -1.508979772075486e-02 1.638746925077759e-02
1 31 -1.493501483597761e-02 1.855067849604294e-02
2 31 -1.284671016876287e-02 1.934493168260517e-02
3 31 -1.224051137938287e-02 2.157972949822077e-02
4 31 -9.896323675700362e-03 2.195030097493171e-02
5 31 -8.753514869479609e-03 2.411370262351409e-02
6 31 -6.271847514747226e-03 2.392465512893030e-02
7 31 -4.579342840553459e-03 2.582093058766646e-02
8 31 -2.151787094127721e-03 2.499701616248900e-02
9 31 -2.670750199941916e-16 2.642606875287108e-02
10 31 2.151787094128122e-03 2.499701616248910e-02
11 31 4.579342840552991e-03 2.582093058766631e-02
12 31 6.271847514747537e-03 2.392465512893054e-02
13 31 8.753514869479293e-03 2.411370262351388e-02
14 31 9.896323675700529e-03 2.195030097493194e-02
15 31 1.224051137938273e-02 2.157972949822062e-02
16 31 1.284671016876292e-02 1.934493168260532e-02
17 31 1.493501483597758e-02 1.855067849604293e-02
18 31 1.508979772075487e-02 1.638746925077756e-02
19 31 1.688139712798928e-02 1.531374152453524e-02
20 31 1.669672497874964e-02 1.329847467230844e-02
21 31 1.820708406602041e-02 1.206303163501021e-02
22 31 1.778690262130209e-02 1.021690026232239e-02
23 31 1.906061265653019e-02 8.898753698628427e-03
24 31 1.848380695041635e-02 7.207917934055083e-03
25 31 1.957327777511665e-02 5.849454683863157e-03
26 31 1.888972945017181e-02 4.283018592488667e-03
27 31 1.984214143248152e-02 2.897594037932655e-03
28 31 1.907501883792926e-02 1.420179444600049e-03
29 31 1.992535033770014e-02 -9.686633498233950e-17
30 31 1.907501883792920e-02 -1.420179444599763e-03
31 31 1.984214143248166e-02 -2.897594037932786e-03
32 31 1.888972945017166e-02 -4.283018592488512e-03
33 31 1.957327777511685e-02 -5.849454683863149e-03
34 31 1.848380695041618e-02 -7.207917934055105e-03
35 31 1.906061265653037e-02 -8.898753698628291e-03
36 31 1.778690262130195e-02 -1.021690026232256e-02
37 31 1.820708406602050e-02 -1.206303163501000e-02
38 31 1.669672497874958e-02 -1.329847467230860e-02
39 31 1.688139712798931e-02 -1.531374152453508e-02
0 32 -1.690726939009958e-02 1.990866431356566e-02
1 32 -1.665310473385773e-02 2.255472237235718e-02
2 32 -1.403262118191233e-02 2.344821593962729e-02
3 32 -1.313304306501847e-02 2.621003380890187e-02
4 32 -1.014899636751625e-02 2.649204113121048e-02
5 32 -8.480843899822081e-03 2.912189346087338e-02
6 32 -5.351704235987941e-03 2.858714716028822e-02
7 32 -2.940396387073117e-03 3.075821149217173e-02
8 32 3.304211742243295e-16 2.933853962978394e-02
9 32 2.940396387072440e-03 3.075821149217173e-02
10 32 5.351704235988522e-03 2.858714716028829e-02
11 32 8.480843899821575e-03 2.912189346087338e-02
12 32 1.014899636751662e-02 2.649204113121057e-02
13 32 1.313304306501820e-02 2.621003380890187e-02
14 32 1.403262118191249e-02 2.344821593962728e-02
15 32 1.665310473385766e-02 2.255472237235729e-02
16 32 1.690726939009959e-02 1.990866431356552e-02
17 32 1.908752129607838e-02 1.863966219492659e-02
18 32 1.887886534696058e-02 1.623750720870217e-02
19 32 2.064626386809662e-02 1.478487342706689e-02
20 32 2.014497929985951e-02 1.265559926750936e-02
21 32 2.157750605685027e-02 1.114300095599403e-02
22 32 2.090951609782541e-02 9.256556141625643e-03
23 32 2.209629299976710e-02 7.746601225705984e-03
24 32 2.133963862405315e-02 6.047241759161152e-03
25 32 2.236013827831608e-02 4.557948166700607e-03
26 32 2.155259289190571e-02 2.984480940683484e-03
27 32 2.246838219683342e-02 1.503903934863902e-03
28 32 2.161622487736049e-02 -2.271032941794623e-17
29 32 2.246838219683352e-02 -1.503903934863754e-03
30 32 2.155259289190557e-02 -2.984480940683569e-03
31 32 2.236013827831628e-02 -4.557948166700397e-03
32 32 2.133963862405292e-02 -6.047241759161336e-03
33 32 2.209629299976730e-02 -7.746601225705699e-03
34 32 2.090951609782522e-02 -9.256556141625931e-03
35 32 2.157750605685041e-02 -1.114300095599370e-02
36 32 2.014497929985943e-02 -1.265559926750966e-02
37 32 2.064626386809663e-02 -1.478487342706659e-02
38 32 1.887886534696061e-02 -1.623750720870241e-02
39 32 1.908752129607834e-02 -1.863966219492639e-02
0 33 -1.908560258723058e-02 2.429060529469866e-02
1 33 -1.871410523993110e-02 2.765143145950440e-02
2 33 -1.531082490217981e-02 2.870275224073158e-02
3 33 -1.395617826767299e-02 3.223872343892396e-02
4 33 -1.003065669458201e-02 3.233917534274831e-02
5 33 -7.522587969137724e-03 3.558975881407419e-02
6 33 -3.506937744945106e-03 3.443145556659941e-02
7 33 -3.048722669870760e-16 3.683240584541932e-02
8 33 3.506937744945739e-03 3.443145556659939e-02
9 33 7.522587969137210e-03 3.558975881407420e-02
10 33 1.003065669458247e-02 3.233917534274824e-02
11 33 1.395617826767270e-02 3.223872343892414e-02
12 33 1.531082490218001e-02 2.870275224073147e-02
13 33 1.871410523993107e-02 2.765143145950457e-02
14 33 1.908560258723056e-02 2.429060529469847e-02
15 33 2.180843258674310e-02 2.269679877652776e-02
16 33 2.151001933496463e-02 1.974325650496998e-02
17 33 2.360091462380070e-02 1.793715857302463e-02
18 33 2.292440135733245e-02 1.543157924308546e-02
19 33 2.452316003782293e-02 1.361264567892680e-02
20 33 2.367346539697110e-02 1.149257807701975e-02
21 33 2.493162271286033e-02 9.752100070623918e-03
22 33 2.402830369435299e-02 7.919099549682491e-03
23 33 2.507460051894934e-02 6.278349778412283e-03
24 33 2.417388265966377e-02 4.632377396416509e-03
25 33 2.510613474675303e-02 3.071785339412414e-03
26 33 2.422106290224777e-02 1.524068451421088e-03
27 33 2.510814618890756e-02 1.680082137585514e-16
28 33 2.422106290224768e-02 -1.524068451421392e-03
29 33 2.510613474675319e-02 -3.071785339412069e-03
30 33 2.417388265966356e-02 -4.632377396416846e-03
31 33 2.507460051894955e-02 -6.278349778411928e-03
32 33 2.402830369435284e-02 -7.919099549682861e-03
33 33 2.493162271286047e-02 -9.752100070623552e-03
34 33 2.367346539697100e-02 -1.149257807702013e-02
35 33 2.452316003782293e-02 -1.361264567892643e-02
36 33 2.292440135733253e-02 -1.543157924308582e-02
37 33 2.360091462380061e-02 -1.793715857302431e-02
38 33 2.151001933496471e-02 -1.974325650497026e-02
39 33 2.180843258674303e-02 -2.269679877652753e-02
0 34 -2.186779894903881e-02 2.993555100879121e-02
1 34 -2.133676211037516e-02 3.442115167313457e-02
2 34 -1.669927363283272e-02 3.571092472729711e-02
3 34 -1.454972732178786e-02 4.043807141703439e-02
4 34 -9.166203284058955e-03 4.011073123035713e-02
5 34 -5.208381938496151e-03 4.414924723001706e-02
6 34 2.098726981902064e-16 4.178168446984128e-02
7 34 5.208381938495845e-03 4.414924723001713e-02
8 34 9.166203284059295e-03 4.011073123035706e-02
9 34 1.454972732178769e-02 4.043807141703448e-02
10 34 1.669927363283286e-02 3.571092472729698e-02
11 34 2.133676211037519e-02 3.442115167313475e-02
12 34 2.186779894903877e-02 2.993555100879101e-02
13 34 2.539711067593268e-02 2.778715868717609e-02
14 34 2.488508176517669e-02 2.400519176049290e-02
15 34 2.739783895082558e-02 2.161065937218273e-02
16 34 2.637889556296023e-02 1.858599120928344e-02
17 34 2.814227100321429e-02 1.627831198853532e-02
18 34 2.696018320227032e-02 1.387454319104637e-02
19 34 2.824038196212823e-02 1.178042905831438e-02
20 34 2.707340873019157e-02 9.818091069161303e-03
21 34 2.807779470165857e-02 7.951573726375722e-03
22 34 2.699991065743662e-02 6.267752854693316e-03
23 34 2.787561967434980e-02 4.590090141644748e-03
24 34 2.690178718797969e-02 3.051620822854422e-03
25 34 2.774992162314042e-02 1.500420014853428e-03
26 34 2.686082689432205e-02 -1.795434033180217e-16
27 34 2.774992162314049e-02 -1.500420014853101e-03
28 34 2.690178718797956e-02 -3.051620822854780e-03
29 34 2.787561967434996e-02 -4.590090141644429e-03
30 34 2.699991065743643e-02 -6.267752854693664e-03
31 34 2.807779470165871e-02 -7.951573726375430e-03
32 34 2.707340873019148e-02 -9.818091069161634e-03
33 34 2.824038196212824e-02 -1.178042905831414e-02
34 34 2.696018320227038e-02 -1.387454319104669e-02
35 34 2.814227100321410e-02 -1.627831198853508e-02
36 34 2.637889556296040e-02 -1.858599120928375e-02
37 34 2.739783895082533e-02 -2.161065937218250e-02
38 34 2.488508176517688e-02 -2.400519176049314e-02
39 34 2.539711067593249e-02 -2.778715868717587e-02
0 35 -2.569251338094664e-02 3.757905787806019e-02
1 35 -2.488809536651111e-02 4.398098009759736e-02
2 35 -1.812764458622141e-02 4.559828066307692e-02
3 35 -1.438635827857500e-02 5.224856724844467e-02
4 35 -6.632707045811790e-03 5.080286661256617e-02
5 35 1.727293798162158e-17 5.563743282510681e-02
6 35 6.632707045811845e-03 5.080286661256616e-02
7 35 1.438635827857509e-02 5.224856724844476e-02
8 35 1.812764458622134e-02 4.559828066307679e-02
9 35 2.488809536651135e-02 4.398098009759754e-02
10 35 2.569251338094644e-02 3.757905787806001e-02
11 35 3.051535579042309e-02 3.443054493857341e-02
12 35 2.953349742586428e-02 2.932477415147433e-02
13 35 3.261016937727406e-02 2.591236590315672e-02
14 35 3.093467673096686e-02 2.215097239376195e-02
15 35 3.282813543796385e-02 1.905216230468586e-02
16 35 3.105901098703889e-02 1.631040416234380e-02
17 35 3.226319500675558e-02 1.367681694406488e-02
18 35 3.065191717914276e-02 1.160861538537318e-02
19 35 3.150424831046764e-02 9.411125941355949e-03
20 35 3.012667225099193e-02 7.745957357147160e-03
21 35 3.084029503121863e-02 5.897347367900893e-03
22 35 2.969540942144583e-02 4.439370932890148e-03
23 35 3.040497142436894e-02 2.841064622904042e-03
24 35 2.945963059274063e-02 1.446155301692079e-03
25 35 3.025473608130704e-02 7.592137162116436e-17
26 35 2.945963059274057e-02 -1.446155301692308e-03
27 35 3.040497142436906e-02 -2.841064622903910e-03
28 35 2.969540942144567e-02 -4.439370932890345e-03
29 35 3.084029503121876e-02 -5.897347367900811e-03
30 35 3.012667225099182e-02 -7.745957357147313e-03
31 35 3.150424831046770e-02 -9.411125941355925e-03
32 35 3.065191717914273e-02 -1.160861538537329e-02
33 35 3.226319500675547e-02 -1.367681694406487e-02
34 35 3.105901098703908e-02 -1.631040416234392e-02
35 35 3.282813543796363e-02 -1.905216230468586e-02
36 35 3.093467673096720e-02 -2.215097239376208e-02
37 35 3.261016937727367e-02 -2.591236590315661e-02
38 35 2.953349742586459e-02 -2.932477415147449e-02
39 35 3.051535579042276e-02 -3.443054493857329e-02
0 36 -3.144006872329433e-02 4.871754167098725e-02
1 36 -2.998711390665851e-02 5.877118792405153e-02
2 36 -1.913510145042571e-02 6.066856185918321e-02
3 36 -1.168483113803240e-02 7.051448399683766e-02
4 36 -1.189708546848105e-16 6.585507484034750e-02
5 36 1.168483113803270e-02 7.051448399683764e-02
6 36 1.913510145042546e-02 6.066856185918318e-02
7 36 2.998711390665881e-02 5.877118792405153e-02
8 36 3.144006872329397e-02 4.871754167098716e-02
9 36 3.855325479125434e-02 4.357635738434883e-02
10 36 3.648679696841604e-02 3.618727504674652e-02
11 36 4.030674242116509e-02 3.090525588604764e-02
12 36 3.733411676061886e-02 2.609059682102184e-02
13 36 3.921583298731776e-02 2.168841423029244e-02
14 36 3.641745788413378e-02 1.858887625796530e-02
15 36 3.733950530240605e-02 1.514640538988694e-02
16 36 3.501093536277043e-02 1.305342653663100e-02
17 36 3.552462802435972e-02 1.039246698161748e-02
18 36 3.368129254159749e-02 8.849269995912502e-03
19 36 3.407919513669868e-02 6.768121569865905e-03
20 36 3.265809497616132e-02 5.492643904859567e-03
21 36 3.309994093978108e-02 3.822108205271028e-03
22 36 3.202636086336156e-02 2.632095356096481e-03
23 36 3.260931519640240e-02 1.236422007760663e-03
24 36 3.181376859657239e-02 -4.847710855683458e-20
25 36 3.260931519640248e-02 -1.236422007760761e-03
26 36 3.202636086336146e-02 -2.632095356096461e-03
27 36 3.309994093978114e-02 -3.822108205271170e-03
28 36 3.265809497616118e-02 -5.492643904859494e-03
29 36 3.407919513669879e-02 -6.768121569866118e-03
30 36 3.368129254159741e-02 -8.849269995912370e-03
31 36 3.552462802435970e-02 -1.039246698161774e-02
32 36 3.501093536277058e-02 -1.305342653663087e-02
33 36 3.733950530240589e-02 -1.514640538988717e-02
34 36 3.641745788413402e-02 -1.858887625796519e-02
35 36 3.921583298731746e-02 -2.168841423029258e-02
36 36 3.733411676061923e-02 -2.609059682102180e-02
37 36 4.030674242116475e-02 -3.090525588604768e-02
38 36 3.648679696841645e-02 -3.618727504674651e-02
39 36 3.855325479125386e-02 -4.357635738434876e-02
0 37 -4.120272014904593e-02 6.694381131883219e-02
1 37 -3.742034578098923e-02 8.525012863932550e-02
2 37 -1.740746819819359e-02 8.609379604926974e-02
3 37 1.637833727214786e-16 1.006651033472321e-01
4 37 1.740746819819321e-02 8.609379604926974e-02
5 37 3.742034578098957e-02 8.525012863932548e-02
6 37 4.120272014904557e-02 6.694381131883223e-02
7 37 5.298979808459407e-02 5.705661017776300e-02
8 37 4.799563580470452e-02 4.532826326004132e-02
9 37 5.263242317815309e-02 3.631356528207910e-02
10 37 4.692494971504563e-02 3.008341649890788e-02
11 37 4.831341840255668e-02 2.351028757783570e-02
12 37 4.370732183927569e-02 2.020826657727438e-02
13 37 4.389702698253833e-02 1.560400832013707e-02
14 37 4.045868562413987e-02 1.371959105676310e-02
15 37 4.030821337550958e-02 1.046456355852460e-02
16 37 3.779724796057871e-02 9.243802361432286e-03
17 37 3.765341101433121e-02 6.887768486006917e-03
18 37 3.584288751995039e-02 5.951174430032261e-03
19 37 3.585264750004558e-02 4.197912437049691e-03
20 37 3.457594725962861e-02 3.337995357089652e-03
21 37 3.481322134994951e-02 1.991781226156795e-03
22 37 3.395531433361064e-02 1.076406640063386e-03
23 37 3.447370618659630e-02 -1.317903978608083e-16
24 37 3.395531433361061e-02 -1.076406640063175e-03
25 37 3.481322134994961e-02 -1.991781226157085e-03
26 37 3.457594725962847e-02 -3.337995357089395e-03
27 37 3.585264750004567e-02 -4.197912437050040e-03
28 37 3.584288751995027e-02 -5.951174430031948e-03
29 37 3.765341101433128e-02 -6.887768486007332e-03
30 37 3.779724796057869e-02 -9.243802361431935e-03
31 37 4.030821337550959e-02 -1.046456355852501e-02
32 37 4.045868562414006e-02 -1.371959105676277e-02
33 37 4.389702698253822e-02 -1.560400832013744e-02
34 37 4.370732183927597e-02 -2.020826657727414e-02
35 37 4.831341840255646e-02 -2.351028757783596e-02
36 37 4.692494971504602e-02 -3.008341649890773e-02
37 37 5.263242317815273e-02 -3.631356528207923e-02
38 37 4.799563580470494e-02 -4.532826326004131e-02
39 37 5.298979808459375e-02 -5.705661017776308e-02
0 38 -6.151445578786714e-02 1.035424098828046e-01
1 38 -4.461880588062671e-02 1.462306974055357e-01
2 38 -1.376798513985678e-16 1.334591223451784e-01
3 38 4.461880588062690e-02 1.462306974055355e-01
4 38 6.151445578786687e-02 1.035424098828046e-01
5 38 8.524152567600519e-02 7.826268898454124e-02
6 38 6.972359092977808e-02 5.731229519072212e-02
7 38 7.410412517449151e-02 4.016573285225063e-02
8 38 6.219568834263924e-02 3.272523983406585e-02
9 38 6.152720019485543e-02 2.266714781422924e-02
10 38 5.383013857461560e-02 1.996085745429429e-02
11 38 5.230128465130661e-02 1.388333393422135e-02
12 38 4.727858247709877e-02 1.280626137468342e-02
13 38 4.590390717613982e-02 8.931045230044453e-03
14 38 4.254056822098776e-02 8.416913232579587e-03
15 38 4.153080175328755e-02 5.825686943441884e-03
16 38 3.924911849403155e-02 5.472438916672029e-03
17 38 3.862498029608444e-02 3.677859425544729e-03
18 38 3.709562388770755e-02 3.310896044240377e-03
19 38 3.684513626343112e-02 2.039835709474286e-03
20 38 3.587740197698036e-02 1.564755767262609e-03
21 38 3.599858201343970e-02 6.544089974028990e-04
22 38 3.548309297150807e-02 1.334237629182215e-16
23 38 3.599858201343978e-02 -6.544089974031771e-04
24 38 3.587740197698028e-02 -1.564755767262317e-03
25 38 3.684513626343125e-02 -2.039835709474611e-03
26 38 3.709562388770740e-02 -3.310896044240026e-03
27 38 3.862498029608456e-02 -3.677859425545118e-03
28 38 3.924911849403141e-02 -5.472438916671618e-03
29 38 4.153080175328763e-02 -5.825686943442317e-03
30 38 4.254056822098767e-02 -8.416913232579166e-03
31 38 4.590390717613979e-02 -8.931045230044867e-03
32 38 4.727858247709885e-02 -1.280626137468303e-02
33 38 5.230128465130660e-02 -1.388333393422170e-02
34 38 5.383013857461574e-02 -1.996085745429404e-02
35 38 6.152720019485525e-02 -2.266714781422949e-02
36 38 6.219568834263953e-02 -3.272523983406572e-02
37 38 7.410412517449134e-02 -4.016573285225068e-02
38 38 6.972359092977834e-02 -5.731229519072209e-02
39 38 8.524152567600500e-02 -7.826268898454132e-02
0 39 -1.225483078521203e-01 2.107411611034680e-01
1 39 -6.943444609946087e-17 3.584905929869934e-01
2 39 1.225483078521202e-01 2.107411611034681e-01
3 39 1.896697697073755e-01 1.084849730696006e-01
4 39 1.182046475980421e-01 6.670427328937018e-02
5 39 1.126463094279365e-01 3.238799176278122e-02
6 39 8.722839789636491e-02 2.862977355922643e-02
7 39 7.958749448541307e-02 1.430639309211018e-02
8 39 6.747141713533321e-02 1.503683304120139e-02
9 39 6.222445527721499e-02 7.823574146873860e-03
10 39 5.540287193830154e-02 8.905127399623911e-03
11 39 5.194169987454580e-02 4.763940516189892e-03
12 39 4.773190866528262e-02 5.626812527545799e-03
13 39 4.544441641965356e-02 3.044738107728417e-03
14 39 4.272786610479080e-02 3.632573158363915e-03
15 39 4.124988223799627e-02 1.948146852792816e-03
16 39 3.949051727016166e-02 2.279274273380492e-03
17 39 3.861800300740251e-02 1.167806124500264e-03
18 39 3.753787080548933e-02 1.259737521010515e-03
19 39 3.716338341366484e-02 5.492460461917314e-04
20 39 3.661656260394248e-02 4.034990411817266e-04
21 39 3.669746285356971e-02 -5.294790909611364e-17
22 39 3.661656260394242e-02 -4.034990411815695e-04
23 39 3.716338341366495e-02 -5.492460461918625e-04
24 39 3.753787080548922e-02 -1.259737521010308e-03
25 39 3.861800300740269e-02 -1.167806124500457e-03
26 39 3.949051727016149e-02 -2.279274273380219e-03
27 39 4.124988223799641e-02 -1.948146852793072e-03
28 39 4.272786610479069e-02 -3.632573158363594e-03
29 39 4.544441641965370e-02 -3.044738107728708e-03
30 39 4.773190866528251e-02 -5.626812527545485e-03
31 39 5.194169987454588e-02 -4.763940516190160e-03
32 39 5.540287193830156e-02 -8.905127399623661e-03
33 39 6.222445527721502e-02 -7.823574146874067e-03
34 39 6.747141713533314e-02 -1.503683304120122e-02
35 39 7.958749448541312e-02 -1.430639309211030e-02
36 39 8.722839789636500e-02 -2.862977355922634e-02
37 39 1.126463094279365e-01 -3.238799176278128e-02
38 39 1.182046475980420e-01 -6.670427328937018e-02
39 39 1.896697697073759e-01 -1.084849730696007e-01
