0 0 7.487500000000002e-01 1.061865951622434e-16
1 0 1.077478020945539e-01 -1.099397903289533e-16
2 0 -1.249999999999605e-03 -5.543323961000609e-02
3 0 1.173461466188394e-02 -1.054036940176543e-16
4 0 -1.250000000000333e-03 -1.045321498782946e-02
5 0 8.818083425451294e-04 -1.073914280380760e-16
6 0 -1.250000000001000e-03 -3.068414265252116e-03
7 0 -7.277943114481392e-04 -1.130501718204678e-16
8 0 -1.250000000000146e-03 -1.259440696105291e-03
9 0 -1.068780775026177e-03 -1.294842218694736e-16
10 0 -1.249999999999848e-03 -6.316788861808827e-04
11 0 -1.169752780078774e-03 -1.306432750655865e-16
12 0 -1.249999999999822e-03 -3.536943620397266e-04
13 0 -1.207679240816302e-03 -1.080276678289862e-16
14 0 -1.249999999999709e-03 -2.070909517936412e-04
15 0 -1.224096190307876e-03 -7.781522509880506e-17
16 0 -1.250000000000061e-03 -1.173575227968359e-04
17 0 -1.231571691710048e-03 -6.680465479289588e-17
18 0 -1.250000000000161e-03 -5.351999028392995e-05
19 0 -1.234550109600800e-03 -8.425838805114225e-17
20 0 -1.250000000000433e-03 1.084725177663578e-16
21 0 -1.234550109600721e-03 -1.094120413093307e-16
22 0 -1.250000000000305e-03 5.351999028413825e-05
23 0 -1.231571691709864e-03 -1.151613583297857e-16
24 0 -1.250000000000237e-03 1.173575227970270e-04
25 0 -1.224096190307718e-03 -9.656859730152345e-17
26 0 -1.249999999999764e-03 2.070909517938209e-04
27 0 -1.207679240816298e-03 -7.585720438206038e-17
28 0 -1.249999999999660e-03 3.536943620399080e-04
29 0 -1.169752780078939e-03 -7.703171654505210e-17
30 0 -1.249999999999537e-03 6.316788861810730e-04
31 0 -1.068780775026365e-03 -9.986843169127291e-17
32 0 -1.249999999999889e-03 1.259440696105488e-03
33 0 -7.277943114481288e-04 -1.246080718799047e-16
34 0 -1.250000000000978e-03 3.068414265252311e-03
35 0 8.818083425454167e-04 -1.428387972318197e-16
36 0 -1.250000000000534e-03 1.045321498782965e-02
37 0 1.173461466188434e-02 -1.526514237191036e-16
38 0 -1.249999999999836e-03 5.543323961000630e-02
39 0 1.077478020945542e-01 -1.242910014512935e-16
0 1 -1.249999999999772e-03 5.543323961000622e-02
1 1 1.173461466188402e-02 -2.091286721361638e-18
2 1 -1.249999999999686e-03 4.247083489881538e-18
3 1 4.481921519863095e-03 -1.563334875691742e-17
4 1 -1.249999999999894e-03 -2.108818025858928e-03
5 1 8.293415551585475e-04 -4.331907189329248e-17
6 1 -1.250000000000424e-03 -1.240096927930883e-03
7 1 -4.203122371579771e-04 -7.048198456798804e-17
8 1 -1.250000000000195e-03 -6.881785846688905e-04
9 1 -8.699484215813865e-04 -7.311699640906985e-17
10 1 -1.249999999999933e-03 -4.002905448010973e-04
11 1 -1.051119363359444e-03 -4.043572501965240e-17
12 1 -1.249999999999184e-03 -2.414076223300795e-04
13 1 -1.131824074407955e-03 1.056735868057307e-17
14 1 -1.249999999999258e-03 -1.443392906327029e-04
15 1 -1.169886896134588e-03 4.393532111722261e-17
16 1 -1.249999999999912e-03 -7.742780671976720e-05
17 1 -1.187183721053561e-03 3.327683384352619e-17
18 1 -1.250000000000325e-03 -2.445340273416536e-05
19 1 -1.192195573647388e-03 -1.103327393247535e-17
20 1 -1.250000000000370e-03 2.445340273424136e-05
21 1 -1.187183721053483e-03 -4.989141970573878e-17
22 1 -1.250000000000021e-03 7.742780671983280e-05
23 1 -1.169886896134460e-03 -5.327163772806568e-17
24 1 -1.249999999999352e-03 1.443392906327619e-04
25 1 -1.131824074407850e-03 -2.873952901237143e-17
26 1 -1.249999999999174e-03 2.414076223301516e-04
27 1 -1.051119363359443e-03 -9.051470730392557e-18
28 1 -1.249999999999766e-03 4.002905448011958e-04
29 1 -8.699484215814905e-04 -1.589759974686237e-17
30 1 -1.249999999999963e-03 6.881785846690092e-04
31 1 -4.203122371580717e-04 -3.958358937677604e-17
32 1 -1.250000000000285e-03 1.240096927931005e-03
33 1 8.293415551586203e-04 -5.330457449918430e-17
34 1 -1.249999999999939e-03 2.108818025859014e-03
35 1 4.481921519863328e-03 -4.509737034737866e-17
36 1 -1.249999999999841e-03 4.479911425464345e-17
37 1 1.173461466188429e-02 -2.084644900058959e-17
38 1 -1.249999999999748e-03 -5.543323961000619e-02
39 1 -4.623901047277530e-02 2.272242990672692e-20
0 2 -1.250000000000439e-03 1.045321498782941e-02
1 2 8.818083425452213e-04 1.004101081859009e-16
2 2 -1.249999999999898e-03 2.108818025858860e-03
3 2 8.293415551585307e-04 6.165666628363292e-17
4 2 -1.250000000000015e-03 -4.231517756775013e-17
5 2 -6.891553801238928e-05 2.695880002911929e-17
6 2 -1.250000000000660e-03 -3.157299956995521e-04
7 2 -6.157759320369696e-04 1.578914772701643e-17
8 2 -1.250000000000264e-03 -2.818344572956149e-04
9 2 -8.939494418289911e-04 3.945856346092194e-17
10 2 -1.250000000000071e-03 -2.049493562925277e-04
11 2 -1.033562221443497e-03 8.840789174513195e-17
12 2 -1.249999999999567e-03 -1.380812284209766e-04
13 2 -1.104600534389167e-03 1.333250672580036e-16
14 2 -1.249999999999834e-03 -8.467061173478493e-05
15 2 -1.140045164940345e-03 1.409891047789110e-16
16 2 -1.250000000000293e-03 -4.022602213552643e-05
17 2 -1.154852890288199e-03 1.030973862835917e-16
18 2 -1.250000000000395e-03 -5.676030375758196e-17
19 2 -1.154852890288200e-03 4.714540423807926e-17
20 2 -1.250000000000308e-03 4.022602213540975e-05
21 2 -1.140045164940319e-03 1.506247273686678e-17
22 2 -1.249999999999887e-03 8.467061173466477e-05
23 2 -1.104600534389072e-03 2.471872191460347e-17
24 2 -1.249999999999641e-03 1.380812284208639e-04
25 2 -1.033562221443363e-03 5.502829883380685e-17
26 2 -1.250000000000100e-03 2.049493562924376e-04
27 2 -8.939494418288999e-04 7.264768636086507e-17
28 2 -1.250000000000194e-03 2.818344572955520e-04
29 2 -6.157759320369648e-04 6.428922924071858e-17
30 2 -1.250000000000533e-03 3.157299956994963e-04
31 2 -6.891553801241289e-05 5.191141537829401e-17
32 2 -1.249999999999935e-03 -4.206450460495570e-17
33 2 8.293415551585703e-04 5.861357854310429e-17
34 2 -1.249999999999918e-03 -2.108818025859007e-03
35 2 8.818083425453221e-04 8.821870014340364e-17
36 2 -1.250000000000486e-03 -1.045321498782964e-02
37 2 -8.199448174764484e-03 1.168412869668715e-16
38 2 -1.249999999999875e-03 -1.139301826604165e-16
39 2 -8.199448174764536e-03 1.219620929426505e-16
0 3 -1.250000000000988e-03 3.068414265252035e-03
1 3 -7.277943114481708e-04 9.604281307618690e-17
2 3 -1.250000000000332e-03 1.240096927930835e-03
3 3 -4.203122371581098e-04 6.083631535012614e-17
4 3 -1.250000000000571e-03 3.157299956994818e-04
5 3 -6.157759320370760e-04 5.078259860494478e-17
6 3 -1.249999999999910e-03 -5.270631894993783e-17
7 3 -8.257540216044391e-04 6.650509365310152e-17
8 3 -1.250000000000066e-03 -8.185826231219216e-05
9 3 -9.675366909484653e-04 9.716779859198180e-17
10 3 -1.250000000000724e-03 -8.622402259585071e-05
11 3 -1.052343223725455e-03 1.285665572499481e-16
12 3 -1.250000000000550e-03 -6.689646693988504e-05
13 3 -1.099941625683517e-03 1.444926710457963e-16
14 3 -1.250000000000198e-03 -4.105285555907483e-05
15 3 -1.123805322093187e-03 1.311016097171170e-16
16 3 -1.250000000000042e-03 -1.375145606477132e-05
17 3 -1.131034669706183e-03 9.372827180741798e-17
18 3 -1.250000000000005e-03 1.375145606456350e-05
19 3 -1.123805322093259e-03 5.750214812075783e-17
20 3 -1.250000000000145e-03 4.105285555886823e-05
21 3 -1.099941625683547e-03 4.998833505501108e-17
22 3 -1.250000000000579e-03 6.689646693967896e-05
23 3 -1.052343223725348e-03 7.391202842681694e-17
24 3 -1.250000000000852e-03 8.622402259564823e-05
25 3 -9.675366909482523e-04 1.025282976560495e-16
26 3 -1.250000000000196e-03 8.185826231200136e-05
27 3 -8.257540216042534e-04 1.096645539418791e-16
28 3 -1.249999999999939e-03 -1.252728123580377e-16
29 3 -6.157759320370151e-04 9.847783523151356e-17
30 3 -1.250000000000489e-03 -3.157299956996656e-04
31 3 -4.203122371581578e-04 9.619220383843598e-17
32 3 -1.250000000000226e-03 -1.240096927931065e-03
33 3 -7.277943114482473e-04 1.186294317579844e-16
34 3 -1.250000000000917e-03 -3.068414265252339e-03
35 3 -2.827785195418642e-03 1.507381797226826e-16
36 3 -1.250000000000120e-03 -2.108818025859126e-03
37 3 -4.546868210058968e-03 1.620001646493034e-16
38 3 -1.250000000000141e-03 2.108818025858768e-03
39 3 -2.827785195418595e-03 1.359892003959221e-16
0 4 -1.250000000000023e-03 1.259440696105312e-03
1 4 -1.068780775026307e-03 -1.096204118158718e-17
2 4 -1.250000000000001e-03 6.881785846689363e-04
3 4 -8.699484215816066e-04 -1.227336269939227e-17
4 4 -1.250000000000068e-03 2.818344572955897e-04
5 4 -8.939494418291919e-04 1.095134678259738e-17
6 4 -1.249999999999957e-03 8.185826231207792e-05
7 4 -9.675366909485629e-04 3.336288030189701e-17
8 4 -1.250000000000133e-03 -6.162846472986674e-17
9 4 -1.032074546139361e-03 4.185211850803099e-17
10 4 -1.250000000000180e-03 -2.555882160816218e-05
11 4 -1.076343723746471e-03 4.256456948833365e-17
12 4 -1.250000000000235e-03 -2.579126172115996e-05
13 4 -1.102511785205106e-03 4.311183568321857e-17
14 4 -1.249999999999870e-03 -1.498131475864115e-05
15 4 -1.114445796736950e-03 4.042205684987719e-17
16 4 -1.249999999999923e-03 -7.072948320300918e-17
17 4 -1.114445796737038e-03 3.198093291503674e-17
18 4 -1.249999999999734e-03 1.498131475850459e-05
19 4 -1.102511785205277e-03 2.814174271809416e-17
20 4 -1.250000000000114e-03 2.579126172102731e-05
21 4 -1.076343723746535e-03 4.109041779352254e-17
22 4 -1.250000000000223e-03 2.555882160802114e-05
23 4 -1.032074546139217e-03 6.435066957996862e-17
24 4 -1.250000000000333e-03 -9.245558044232775e-17
25 4 -9.675366909482872e-04 7.603160598953685e-17
26 4 -1.250000000000159e-03 -8.185826231222907e-05
27 4 -8.939494418289825e-04 6.233189537817104e-17
28 4 -1.250000000000116e-03 -2.818344572957190e-04
29 4 -8.699484215815997e-04 4.396024431511649e-17
30 4 -1.249999999999867e-03 -6.881785846690628e-04
31 4 -1.068780775026484e-03 4.671720862558769e-17
32 4 -1.249999999999820e-03 -1.259440696105482e-03
33 4 -1.761037558788804e-03 7.145040778606378e-17
34 4 -1.250000000000493e-03 -1.240096927931068e-03
35 4 -2.613371259995635e-03 9.090023379450084e-17
36 4 -1.250000000000358e-03 -1.332431460980504e-16
37 4 -2.613371259995542e-03 7.232662093539505e-17
38 4 -1.250000000000636e-03 1.240096927930833e-03
39 4 -1.761037558788586e-03 2.693740440328365e-17
0 5 -1.249999999999719e-03 6.316788861810606e-04
1 5 -1.169752780078899e-03 -1.244378305160408e-16
2 5 -1.249999999999705e-03 4.002905448012435e-04
3 5 -1.051119363359681e-03 -9.020395586510445e-17
4 5 -1.249999999999829e-03 2.049493562925351e-04
5 5 -1.033562221443720e-03 -5.534544491077109e-17
6 5 -1.250000000000576e-03 8.622402259576034e-05
7 5 -1.052343223725560e-03 -5.280757944425746e-17
8 5 -1.250000000000147e-03 2.555882160811225e-05
9 5 -1.076343723746468e-03 -7.343763905929680e-17
10 5 -1.250000000000379e-03 3.842876215172591e-17
11 5 -1.094847437980862e-03 -8.369843391436246e-17
12 5 -1.250000000000234e-03 -6.258111460783551e-06
13 5 -1.105686804990613e-03 -6.918287059290078e-17
14 5 -1.249999999999882e-03 -3.034203745570526e-06
15 5 -1.109190401689445e-03 -4.533421714708036e-17
16 5 -1.249999999999765e-03 3.034203745593410e-06
17 5 -1.105686804990828e-03 -2.884157747571845e-17
18 5 -1.249999999999987e-03 6.258111460821260e-06
19 5 -1.094847437981111e-03 -1.855492217573518e-17
20 5 -1.250000000000218e-03 -1.206193255099181e-18
21 5 -1.076343723746536e-03 -5.897326959420414e-18
22 5 -1.250000000000218e-03 -2.555882160809982e-05
23 5 -1.052343223725381e-03 2.353912105881112e-19
24 5 -1.250000000000812e-03 -8.622402259576351e-05
25 5 -1.033562221443434e-03 -1.656154447102408e-17
26 5 -1.250000000000019e-03 -2.049493562925107e-04
27 5 -1.051119363359537e-03 -5.161414497661085e-17
28 5 -1.249999999999670e-03 -4.002905448011667e-04
29 5 -1.169752780079034e-03 -7.420056995836459e-17
30 5 -1.249999999999460e-03 -6.316788861809681e-04
31 5 -1.463839341104911e-03 -6.555312927092891e-17
32 5 -1.250000000000033e-03 -6.881785846689678e-04
33 5 -1.864654469741370e-03 -3.963952134013699e-17
34 5 -1.250000000000864e-03 -3.157299956995587e-04
35 5 -2.066510865970931e-03 -3.939450278462856e-17
36 5 -1.250000000001001e-03 3.157299956995506e-04
37 5 -1.864654469741104e-03 -7.631908302752112e-17
38 5 -1.250000000000340e-03 6.881785846690141e-04
39 5 -1.463839341104586e-03 -1.201246352586215e-16
0 6 -1.249999999999784e-03 3.536943620399887e-04
1 6 -1.207679240816360e-03 -1.491219669967870e-16
2 6 -1.249999999999003e-03 2.414076223302353e-04
3 6 -1.131824074408138e-03 -1.024496479754480e-16
4 6 -1.249999999999369e-03 1.380812284209661e-04
5 6 -1.104600534389311e-03 -8.454019135824439e-17
6 6 -1.250000000000471e-03 6.689646693981427e-05
7 6 -1.099941625683517e-03 -1.082291307460825e-16
8 6 -1.250000000000284e-03 2.579126172118134e-05
9 6 -1.102511785204993e-03 -1.363688174616231e-16
10 6 -1.250000000000317e-03 6.258111460941796e-06
11 6 -1.105686804990508e-03 -1.326248149585391e-16
12 6 -1.249999999999740e-03 1.038528256834991e-16
13 6 -1.107438603339867e-03 -1.003284519639974e-16
14 6 -1.249999999999378e-03 6.946726247471523e-17
15 6 -1.107438603339997e-03 -7.014845877068691e-17
16 6 -1.249999999999495e-03 5.101957209006751e-17
17 6 -1.105686804990810e-03 -5.873893651045087e-17
18 6 -1.250000000000009e-03 -6.258111460766176e-06
19 6 -1.102511785205252e-03 -5.708668950371290e-17
20 6 -1.250000000000137e-03 -2.579126172101805e-05
21 6 -1.099941625683545e-03 -5.702252072726353e-17
22 6 -1.250000000000577e-03 -6.689646693968106e-05
23 6 -1.104600534389103e-03 -7.045672006902926e-17
24 6 -1.249999999999601e-03 -1.380812284208237e-04
25 6 -1.131824074407892e-03 -1.077820809846306e-16
26 6 -1.249999999999113e-03 -2.414076223300258e-04
27 6 -1.207679240816343e-03 -1.499311004746316e-16
28 6 -1.249999999999605e-03 -3.536943620397112e-04
29 6 -1.357149538583199e-03 -1.611611052356914e-16
30 6 -1.249999999999657e-03 -4.002905448010522e-04
31 6 -1.561660924410770e-03 -1.350570433210061e-16
32 6 -1.250000000000207e-03 -2.818344572955185e-04
33 6 -1.721506868175914e-03 -1.063739234203042e-16
34 6 -1.250000000000184e-03 8.959666779844854e-17
35 6 -1.721506868175733e-03 -1.165994563775236e-16
36 6 -1.250000000000523e-03 2.818344572957335e-04
37 6 -1.561660924410375e-03 -1.564910120588911e-16
38 6 -1.250000000000042e-03 4.002905448013254e-04
39 6 -1.357149538582910e-03 -1.770775469717797e-16
0 7 -1.249999999999750e-03 2.070909517938466e-04
1 7 -1.224096190307881e-03 -6.574401676670197e-17
2 7 -1.249999999999142e-03 1.443392906327648e-04
3 7 -1.169886896134684e-03 -3.518266309347831e-17
4 7 -1.249999999999744e-03 8.467061173470688e-05
5 7 -1.140045164940358e-03 -4.330466149013155e-17
6 7 -1.250000000000254e-03 4.105285555898800e-05
7 7 -1.123805322093045e-03 -7.502001871895278e-17
8 7 -1.250000000000056e-03 1.498131475865963e-05
9 7 -1.114445796736717e-03 -8.905640360974012e-17
10 7 -1.250000000000080e-03 3.034203745692616e-06
11 7 -1.109190401689233e-03 -7.058959761073689e-17
12 7 -1.249999999999493e-03 7.382244121613717e-17
13 7 -1.107438603339882e-03 -4.526199509510404e-17
14 7 -1.249999999999373e-03 4.864276465679490e-17
15 7 -1.109190401689427e-03 -3.974848800686922e-17
16 7 -1.249999999999794e-03 -3.034203745537345e-06
17 7 -1.114445796736993e-03 -5.051107683513505e-17
18 7 -1.249999999999783e-03 -1.498131475848915e-05
19 7 -1.123805322093225e-03 -5.829303852127820e-17
20 7 -1.250000000000176e-03 -4.105285555884199e-05
21 7 -1.140045164940310e-03 -6.233578844960420e-17
22 7 -1.249999999999894e-03 -8.467061173458072e-05
23 7 -1.169886896134455e-03 -8.186290486417996e-17
24 7 -1.249999999999346e-03 -1.443392906325981e-04
25 7 -1.224096190307705e-03 -1.194402249865591e-16
26 7 -1.249999999999753e-03 -2.070909517935998e-04
27 7 -1.312133498157199e-03 -1.463637955332314e-16
28 7 -1.249999999999008e-03 -2.414076223299707e-04
29 7 -1.427831446930134e-03 -1.311736407021988e-16
30 7 -1.249999999999840e-03 -2.049493562923694e-04
31 7 -1.534983881926910e-03 -8.773914933044393e-17
32 7 -1.250000000000024e-03 -8.185826231203187e-05
33 7 -1.579724198832102e-03 -6.092992927076490e-17
34 7 -1.250000000000215e-03 8.185826231220711e-05
35 7 -1.534983881926590e-03 -7.510902196675634e-17
36 7 -1.250000000000242e-03 2.049493562926095e-04
37 7 -1.427831446929777e-03 -1.046061309650425e-16
38 7 -1.249999999999301e-03 2.414076223302543e-04
39 7 -1.312133498157096e-03 -1.024051348131082e-16
0 8 -1.250000000000102e-03 1.173575227969032e-04
1 8 -1.231571691710045e-03 5.753494590634345e-17
2 8 -1.249999999999853e-03 7.742780671971122e-05
3 8 -1.187183721053585e-03 5.992292138332276e-17
4 8 -1.250000000000304e-03 4.022602213538291e-05
5 8 -1.154852890288124e-03 3.792241659880275e-17
6 8 -1.250000000000195e-03 1.375145606464359e-05
7 8 -1.131034669705991e-03 1.880957283269252e-17
8 8 -1.250000000000167e-03 1.982132018697694e-17
9 8 -1.114445796736792e-03 2.331773227119823e-17
10 8 -1.250000000000008e-03 -3.034203745581694e-06
11 8 -1.105686804990593e-03 3.765027800260404e-17
12 8 -1.249999999999668e-03 -1.488955988471701e-17
13 8 -1.105686804990638e-03 3.500182389194967e-17
14 8 -1.249999999999872e-03 3.034203745575427e-06
15 8 -1.114445796736918e-03 1.179876649815021e-17
16 8 -1.249999999999960e-03 1.047791772090406e-17
17 8 -1.131034669706146e-03 -7.726909074813342e-18
18 8 -1.250000000000038e-03 -1.375145606461471e-05
19 8 -1.154852890288186e-03 -6.648662953468379e-18
20 8 -1.250000000000321e-03 -4.022602213538758e-05
21 8 -1.187183721053472e-03 4.408301690629923e-19
22 8 -1.250000000000037e-03 -7.742780671972275e-05
23 8 -1.231571691709830e-03 -9.598910797192580e-18
24 8 -1.250000000000260e-03 -1.173575227968681e-04
25 8 -1.291481740616563e-03 -3.185760659027303e-17
26 8 -1.249999999999301e-03 -1.443392906326314e-04
27 8 -1.364562831689407e-03 -3.467441182628444e-17
28 8 -1.249999999999381e-03 -1.380812284208305e-04
29 8 -1.436498006814727e-03 -2.058176729752303e-18
30 8 -1.250000000000455e-03 -8.622402259572295e-05
31 8 -1.482681846395340e-03 4.103579653684493e-17
32 8 -1.250000000000022e-03 -1.798156972450362e-17
33 8 -1.482681846395192e-03 5.701972301554043e-17
34 8 -1.250000000000738e-03 8.622402259572470e-05
35 8 -1.436498006814434e-03 4.048130773543976e-17
36 8 -1.249999999999684e-03 1.380812284208995e-04
37 8 -1.364562831689251e-03 2.484802801175819e-17
38 8 -1.249999999999375e-03 1.443392906327152e-04
39 8 -1.291481740616664e-03 3.539297383386087e-17
0 9 -1.250000000000147e-03 5.351999028389753e-05
1 9 -1.234550109600818e-03 1.210031240550427e-16
2 9 -1.250000000000284e-03 2.445340273406152e-05
3 9 -1.192195573647403e-03 1.042401659341634e-16
4 9 -1.250000000000426e-03 -9.454998491403384e-17
5 9 -1.154852890288165e-03 8.916635143774954e-17
6 9 -1.250000000000118e-03 -1.375145606471250e-05
7 9 -1.123805322093175e-03 9.223005819024815e-17
8 9 -1.249999999999894e-03 -1.498131475862469e-05
9 9 -1.102511785205149e-03 1.062102346619671e-16
10 9 -1.250000000000160e-03 -6.258111460904656e-06
11 9 -1.094847437980947e-03 1.056953058070433e-16
12 9 -1.250000000000161e-03 6.258111460727854e-06
13 9 -1.102511785205103e-03 8.027363565572517e-17
14 9 -1.249999999999872e-03 1.498131475848531e-05
15 9 -1.123805322093159e-03 5.069683577095689e-17
16 9 -1.250000000000051e-03 1.375145606459775e-05
17 9 -1.154852890288205e-03 4.560916248905345e-17
18 9 -1.250000000000376e-03 -4.162480349494949e-17
19 9 -1.192195573647412e-03 6.703494516606498e-17
20 9 -1.250000000000350e-03 -2.445340273423711e-05
21 9 -1.234550109600714e-03 8.963926434484971e-17
22 9 -1.250000000000316e-03 -5.351999028408118e-05
23 9 -1.282231492544634e-03 9.227101764806191e-17
24 9 -1.250000000000148e-03 -7.742780671980806e-05
25 9 -1.334294739290310e-03 8.317993914981485e-17
26 9 -1.249999999999879e-03 -8.467061173471098e-05
27 9 -1.385137558329195e-03 8.700390604600239e-17
28 9 -1.250000000000311e-03 -6.689646693980723e-05
29 9 -1.423790475614720e-03 1.106018231313708e-16
30 9 -1.249999999999818e-03 -2.555882160819346e-05
31 9 -1.438412668788334e-03 1.338924812669826e-16
32 9 -1.249999999999924e-03 2.555882160795936e-05
33 9 -1.423790475614585e-03 1.373049918309863e-16
34 9 -1.250000000000510e-03 6.689646693961999e-05
35 9 -1.385137558329093e-03 1.272977628190321e-16
36 9 -1.249999999999957e-03 8.467061173456153e-05
37 9 -1.334294739290372e-03 1.218920474157683e-16
38 9 -1.250000000000037e-03 7.742780671964982e-05
39 9 -1.282231492544795e-03 1.248724113383971e-16
0 10 -1.250000000000370e-03 -1.237784457003008e-16
1 10 -1.234550109600769e-03 7.605759177873300e-17
2 10 -1.250000000000296e-03 -2.445340273428551e-05
3 10 -1.187183721053572e-03 6.035572651259153e-17
4 10 -1.250000000000236e-03 -4.022602213549775e-05
5 10 -1.140045164940448e-03 6.594913409680548e-17
6 10 -1.250000000000085e-03 -4.105285555899300e-05
7 10 -1.099941625683666e-03 8.886764623541528e-17
8 10 -1.250000000000097e-03 -2.579126172116638e-05
9 10 -1.076343723746567e-03 1.037995710413252e-16
10 10 -1.250000000000273e-03 -1.112567137795643e-16
11 10 -1.076343723746473e-03 9.309490567983117e-17
12 10 -1.250000000000220e-03 2.579126172096577e-05
13 10 -1.099941625683480e-03 6.496180990782322e-17
14 10 -1.250000000000198e-03 4.105285555883150e-05
15 10 -1.140045164940351e-03 4.823436538726454e-17
16 10 -1.250000000000245e-03 4.022602213534459e-05
17 10 -1.187183721053616e-03 6.191196042570622e-17
18 10 -1.250000000000253e-03 2.445340273409677e-05
19 10 -1.234550109600840e-03 9.763050022156987e-17
20 10 -1.250000000000396e-03 -1.099895054864794e-16
21 10 -1.279568069049308e-03 1.266547637914126e-16
22 10 -1.250000000000584e-03 -2.445340273430501e-05
23 10 -1.321922605003017e-03 1.309129478816406e-16
24 10 -1.250000000000585e-03 -4.022602213553577e-05
25 10 -1.360432207559033e-03 1.173507834745445e-16
26 10 -1.250000000000231e-03 -4.105285555902959e-05
27 10 -1.391247089005698e-03 1.049185238457632e-16
28 10 -1.249999999999940e-03 -2.579126172119281e-05
29 10 -1.408765684355804e-03 1.030318425719760e-16
30 10 -1.249999999999946e-03 -1.335983335623549e-16
31 10 -1.408765684355797e-03 1.090358984305269e-16
32 10 -1.249999999999986e-03 2.579126172093510e-05
33 10 -1.391247089005720e-03 1.146812531989688e-16
34 10 -1.250000000000226e-03 4.105285555878494e-05
35 10 -1.360432207559130e-03 1.170909065642382e-16
36 10 -1.250000000000482e-03 4.022602213528946e-05
37 10 -1.321922605003134e-03 1.138279583852375e-16
38 10 -1.250000000000467e-03 2.445340273405323e-05
39 10 -1.279568069049335e-03 9.926268258245299e-17
0 11 -1.250000000000230e-03 -5.351999028404419e-05
1 11 -1.231571691709939e-03 -3.900964076644992e-17
2 11 -1.249999999999879e-03 -7.742780671976001e-05
3 11 -1.169886896134662e-03 -3.794446780776483e-17
4 11 -1.249999999999665e-03 -8.467061173466203e-05
5 11 -1.104600534389364e-03 -1.096367489018535e-17
6 11 -1.250000000000348e-03 -6.689646693975257e-05
7 11 -1.052343223725601e-03 2.071315823271817e-17
8 11 -1.250000000000083e-03 -2.555882160813200e-05
9 11 -1.032074546139325e-03 3.287300107308581e-17
10 11 -1.250000000000200e-03 2.555882160802108e-05
11 11 -1.052343223725375e-03 1.910371343793995e-17
12 11 -1.250000000000589e-03 6.689646693967800e-05
13 11 -1.104600534389131e-03 -3.945116471981748e-18
14 11 -1.249999999999809e-03 8.467061173462357e-05
15 11 -1.169886896134625e-03 -1.093596033995588e-17
16 11 -1.249999999999827e-03 7.742780671972215e-05
17 11 -1.231571691710106e-03 8.209051523079524e-18
18 11 -1.250000000000093e-03 5.351999028396629e-05
19 11 -1.282231492544862e-03 4.300374184918332e-17
20 11 -1.250000000000473e-03 2.445340273410033e-05
21 11 -1.321922605003105e-03 6.724206993728033e-17
22 11 -1.250000000000753e-03 -9.338898611960780e-17
23 11 -1.353086516571855e-03 6.271267235459893e-17
24 11 -1.250000000000363e-03 -1.375145606472364e-05
25 11 -1.376904737154212e-03 3.405979800510307e-17
26 11 -1.249999999999897e-03 -1.498131475861318e-05
27 11 -1.392451871022723e-03 3.075189395383422e-18
28 11 -1.249999999999937e-03 -6.258111460862439e-06
29 11 -1.397926317346566e-03 -9.916993502769336e-18
30 11 -1.249999999999897e-03 6.258111460773071e-06
31 11 -1.392451871022840e-03 -3.514299895213976e-20
32 11 -1.249999999999779e-03 1.498131475850304e-05
33 11 -1.376904737154399e-03 1.973179004020149e-17
34 11 -1.250000000000207e-03 1.375145606458570e-05
35 11 -1.353086516571995e-03 2.896615956452394e-17
36 11 -1.250000000000659e-03 -5.620349509031668e-17
37 11 -1.321922605003079e-03 1.543979663050895e-17
38 11 -1.250000000000524e-03 -2.445340273422731e-05
39 11 -1.282231492544680e-03 -1.461283516121396e-17
0 12 -1.250000000000188e-03 -1.173575227968275e-04
1 12 -1.224096190307793e-03 -1.327507987045230e-16
2 12 -1.249999999999162e-03 -1.443392906326045e-04
3 12 -1.131824074408095e-03 -1.125137502478008e-16
4 12 -1.249999999999348e-03 -1.380812284208061e-04
5 12 -1.033562221443674e-03 -7.784671705765688e-17
6 12 -1.250000000000590e-03 -8.622402259568562e-05
7 12 -9.675366909484654e-04 -5.120722588609820e-17
8 12 -1.250000000000217e-03 2.408623998791446e-17
9 12 -9.675366909483375e-04 -4.774306215614442e-17
10 12 -1.250000000000822e-03 8.622402259575402e-05
11 12 -1.033562221443409e-03 -6.584106799681887e-17
12 12 -1.249999999999599e-03 1.380812284209207e-04
13 12 -1.131824074407946e-03 -9.007932151812581e-17
14 12 -1.249999999999209e-03 1.443392906327576e-04
15 12 -1.224096190307907e-03 -1.014798873398316e-16
16 12 -1.250000000000006e-03 1.173575227969802e-04
17 12 -1.291481740616825e-03 -8.878868043937610e-17
18 12 -1.249999999999915e-03 7.742780671979461e-05
19 12 -1.334294739290492e-03 -6.163357956456769e-17
20 12 -1.250000000000486e-03 4.022602213542893e-05
21 12 -1.360432207559065e-03 -4.451959355747493e-17
22 12 -1.250000000000378e-03 1.375145606464927e-05
23 12 -1.376904737154163e-03 -5.488673836578467e-17
24 12 -1.250000000000238e-03 2.931892178110862e-17
25 12 -1.387306001612826e-03 -8.685037560140774e-17
26 12 -1.249999999999931e-03 -3.034203745527514e-06
27 12 -1.392561396660746e-03 -1.134653268906007e-16
28 12 -1.249999999999512e-03 7.522836740437602e-17
29 12 -1.392561396660851e-03 -1.130040554461847e-16
30 12 -1.249999999999758e-03 3.034203745654902e-06
31 12 -1.387306001613071e-03 -8.795578661666755e-17
32 12 -1.249999999999997e-03 5.014983985955087e-17
33 12 -1.376904737154376e-03 -6.372423640105213e-17
34 12 -1.250000000000235e-03 -1.375145606459927e-05
35 12 -1.360432207559076e-03 -6.455911228027476e-17
36 12 -1.250000000000552e-03 -4.022602213536343e-05
37 12 -1.334294739290270e-03 -9.171464178909551e-17
38 12 -1.250000000000140e-03 -7.742780671968082e-05
39 12 -1.291481740616540e-03 -1.230692621314748e-16
0 13 -1.249999999999766e-03 -2.070909517936035e-04
1 13 -1.207679240816323e-03 -1.323241244366125e-16
2 13 -1.249999999999018e-03 -2.414076223299995e-04
3 13 -1.051119363359607e-03 -1.068705916557242e-16
4 13 -1.249999999999887e-03 -2.049493562923952e-04
5 13 -8.939494418290718e-04 -8.359828849004769e-17
6 13 -1.250000000000074e-03 -8.185826231204423e-05
7 13 -8.257540216042977e-04 -7.299884147179819e-17
8 13 -1.250000000000190e-03 8.185826231218565e-05
9 13 -8.939494418288916e-04 -8.108884807415995e-17
10 13 -1.250000000000136e-03 2.049493562925696e-04
11 13 -1.051119363359415e-03 -1.051516709865254e-16
12 13 -1.249999999999176e-03 2.414076223302249e-04
13 13 -1.207679240816306e-03 -1.359781037637590e-16
14 13 -1.249999999999690e-03 2.070909517938694e-04
15 13 -1.312133498157268e-03 -1.534960414222152e-16
16 13 -1.249999999999158e-03 1.443392906328387e-04
17 13 -1.364562831689504e-03 -1.470718001934156e-16
18 13 -1.249999999999788e-03 8.467061173477590e-05
19 13 -1.385137558329210e-03 -1.250101656164836e-16
20 13 -1.250000000000269e-03 4.105285555900598e-05
21 13 -1.391247089005588e-03 -1.073034192456284e-16
22 13 -1.250000000000038e-03 1.498131475864192e-05
23 13 -1.392451871022540e-03 -1.095544347347333e-16
24 13 -1.250000000000057e-03 3.034203745694235e-06
25 13 -1.392561396660606e-03 -1.237267381626316e-16
26 13 -1.249999999999479e-03 1.232667742248757e-16
27 13 -1.392561396660742e-03 -1.280616726994700e-16
28 13 -1.249999999999365e-03 1.191931920130679e-16
29 13 -1.392561396660810e-03 -1.114521592951726e-16
30 13 -1.249999999999795e-03 -3.034203745487205e-06
31 13 -1.392451871022790e-03 -8.700165715146456e-17
32 13 -1.249999999999820e-03 -1.498131475846580e-05
33 13 -1.391247089005684e-03 -7.922275760053925e-17
34 13 -1.250000000000261e-03 -4.105285555881882e-05
35 13 -1.385137558329066e-03 -9.673681104702678e-17
36 13 -1.249999999999991e-03 -8.467061173454384e-05
37 13 -1.364562831689221e-03 -1.262570702451922e-16
38 13 -1.249999999999403e-03 -1.443392906325690e-04
39 13 -1.312133498157064e-03 -1.421210998185456e-16
0 14 -1.249999999999729e-03 -3.536943620397711e-04
1 14 -1.169752780078879e-03 -4.110255593661671e-17
2 14 -1.249999999999726e-03 -4.002905448011270e-04
3 14 -8.699484215815165e-04 -2.919231976640077e-17
4 14 -1.250000000000156e-03 -2.818344572955787e-04
5 14 -6.157759320369697e-04 -2.538840776248202e-17
6 14 -1.250000000000004e-03 3.939751212929401e-17
7 14 -6.157759320369139e-04 -3.084021349722100e-17
8 14 -1.250000000000304e-03 2.818344572956660e-04
9 14 -8.699484215813894e-04 -4.350219838953000e-17
10 14 -1.249999999999906e-03 4.002905448012453e-04
11 14 -1.169752780078792e-03 -6.469086973749553e-17
12 14 -1.249999999999797e-03 3.536943620399364e-04
13 14 -1.357149538583009e-03 -9.312594865639767e-17
14 14 -1.249999999999101e-03 2.414076223302439e-04
15 14 -1.427831446930034e-03 -1.110983034956008e-16
16 14 -1.249999999999413e-03 1.380812284210102e-04
17 14 -1.436498006814675e-03 -1.079235605949838e-16
18 14 -1.250000000000368e-03 6.689646693983584e-05
19 14 -1.423790475614632e-03 -8.553144950908197e-17
20 14 -1.250000000000098e-03 2.579126172115268e-05
21 14 -1.408765684355611e-03 -6.135499903713528e-17
22 14 -1.250000000000193e-03 6.258111460891389e-06
23 14 -1.397926317346281e-03 -4.697625082314563e-17
24 14 -1.249999999999773e-03 7.362210693769656e-17
25 14 -1.392561396660579e-03 -4.016248261325537e-17
26 14 -1.249999999999518e-03 6.593479281217952e-17
27 14 -1.392561396660661e-03 -3.052084876003564e-17
28 14 -1.249999999999595e-03 4.929869359876959e-17
29 14 -1.397926317346460e-03 -1.889429785403941e-17
30 14 -1.249999999999977e-03 -6.258111460778016e-06
31 14 -1.408765684355735e-03 -1.668531754031835e-17
32 14 -1.250000000000008e-03 -2.579126172102180e-05
33 14 -1.423790475614596e-03 -3.068799189959735e-17
34 14 -1.250000000000461e-03 -6.689646693966085e-05
35 14 -1.436498006814503e-03 -5.230046280325563e-17
36 14 -1.249999999999587e-03 -1.380812284208002e-04
37 14 -1.427831446929864e-03 -6.427615487198830e-17
38 14 -1.249999999999199e-03 -2.414076223300385e-04
39 14 -1.357149538582962e-03 -5.759309602877636e-17
0 15 -1.249999999999658e-03 -6.316788861810502e-04
1 15 -1.068780775026273e-03 6.854875704399043e-17
2 15 -1.250000000000019e-03 -6.881785846690365e-04
3 15 -4.203122371580443e-04 5.931048783272369e-17
4 15 -1.250000000000601e-03 -3.157299956995976e-04
5 15 -6.891553801237861e-05 4.640339716819936e-17
6 15 -1.250000000000633e-03 3.157299956995170e-04
7 15 -4.203122371580384e-04 4.332574411333147e-17
8 15 -1.250000000000106e-03 6.881785846689539e-04
9 15 -1.068780775026248e-03 4.484619564803018e-17
10 15 -1.249999999999758e-03 6.316788861809823e-04
11 15 -1.463839341104614e-03 3.865260039277659e-17
12 15 -1.249999999999941e-03 4.002905448011812e-04
13 15 -1.561660924410519e-03 2.080517909992221e-17
14 15 -1.250000000000024e-03 2.049493562925121e-04
15 15 -1.534983881926788e-03 4.914579026701693e-18
16 15 -1.250000000000522e-03 8.622402259575652e-05
17 15 -1.482681846395331e-03 3.760409843921933e-18
18 15 -1.249999999999861e-03 2.555882160809445e-05
19 15 -1.438412668788318e-03 2.216206269275744e-17
20 15 -1.250000000000079e-03 -4.394316101478392e-18
21 15 -1.408765684355649e-03 4.827074261397352e-17
22 15 -1.250000000000167e-03 -6.258111460837055e-06
23 15 -1.392451871022548e-03 6.990854789076066e-17
24 15 -1.250000000000080e-03 -3.034203745625776e-06
25 15 -1.387306001612753e-03 8.146307157630875e-17
26 15 -1.250000000000029e-03 3.034203745530942e-06
27 15 -1.392451871022589e-03 8.282091275560766e-17
28 15 -1.250000000000056e-03 6.258111460752769e-06
29 15 -1.408765684355685e-03 7.317550362281339e-17
30 15 -1.250000000000006e-03 -5.075628558544631e-17
31 15 -1.438412668788302e-03 5.445213722986420e-17
32 15 -1.249999999999868e-03 -2.555882160810713e-05
33 15 -1.482681846395272e-03 3.650996666881923e-17
34 15 -1.250000000000572e-03 -8.622402259574130e-05
35 15 -1.534983881926736e-03 3.160373349554148e-17
36 15 -1.250000000000032e-03 -2.049493562925055e-04
37 15 -1.561660924410507e-03 4.509617725934785e-17
38 15 -1.249999999999877e-03 -4.002905448012136e-04
39 15 -1.463839341104638e-03 6.284673293032887e-17
0 16 -1.249999999999999e-03 -1.259440696105530e-03
1 16 -7.277943114481173e-04 1.086033561516747e-16
2 16 -1.250000000000324e-03 -1.240096927931076e-03
3 16 8.293415551585517e-04 8.579624029877231e-17
4 16 -1.249999999999947e-03 -9.844621620378300e-17
5 16 8.293415551584771e-04 7.802845362666317e-17
6 16 -1.250000000000283e-03 1.240096927930860e-03
7 16 -7.277943114482385e-04 9.579631331753873e-17
8 16 -1.249999999999984e-03 1.259440696105288e-03
9 16 -1.761037558788642e-03 1.226957882391839e-16
10 16 -1.250000000000297e-03 6.881785846688635e-04
11 16 -1.864654469741140e-03 1.355041207109861e-16
12 16 -1.250000000000447e-03 2.818344572955034e-04
13 16 -1.721506868175777e-03 1.207665282761903e-16
14 16 -1.250000000000099e-03 8.185826231201873e-05
15 16 -1.579724198832161e-03 9.736855523442734e-17
16 16 -1.249999999999917e-03 -8.451886175479220e-17
17 16 -1.482681846395399e-03 8.516875358213946e-17
18 16 -1.249999999999785e-03 -2.555882160815976e-05
19 16 -1.423790475614743e-03 9.336387190392222e-17
20 16 -1.249999999999991e-03 -2.579126172115210e-05
21 16 -1.391247089005676e-03 1.124888345967052e-16
22 16 -1.249999999999980e-03 -1.498131475865352e-05
23 16 -1.376904737154169e-03 1.269528599512429e-16
24 16 -1.250000000000275e-03 -1.223178608985865e-16
25 16 -1.376904737154129e-03 1.282718371866699e-16
26 16 -1.250000000000003e-03 1.498131475841932e-05
27 16 -1.391247089005575e-03 1.148887797642835e-16
28 16 -1.250000000000031e-03 2.579126172094624e-05
29 16 -1.423790475614639e-03 9.368064613746126e-17
30 16 -1.249999999999817e-03 2.555882160798715e-05
31 16 -1.482681846395354e-03 7.533564445579858e-17
32 16 -1.249999999999896e-03 -7.180206348364681e-17
33 16 -1.579724198832208e-03 7.295150500642233e-17
34 16 -1.250000000000001e-03 -8.185826231219460e-05
35 16 -1.721506868175864e-03 8.911105692815204e-17
36 16 -1.250000000000312e-03 -2.818344572957207e-04
37 16 -1.864654469741180e-03 1.142968719252693e-16
38 16 -1.250000000000218e-03 -6.881785846691093e-04
39 16 -1.761037558788578e-03 1.240855552775148e-16
0 17 -1.250000000000987e-03 -3.068414265252326e-03
1 17 8.818083425452881e-04 4.409485124446522e-17
2 17 -1.249999999999839e-03 -2.108818025859053e-03
3 17 4.481921519863076e-03 2.912458049364769e-17
4 17 -1.249999999999765e-03 2.108818025858879e-03
5 17 8.818083425450462e-04 4.486905945296578e-17
6 17 -1.250000000000826e-03 3.068414265252109e-03
7 17 -2.827785195418777e-03 8.516145958238352e-17
8 17 -1.250000000000547e-03 1.240096927930822e-03
9 17 -2.613371259995597e-03 1.280776833643323e-16
10 17 -1.250000000001017e-03 3.157299956993912e-04
11 17 -2.066510865970850e-03 1.392613259232099e-16
12 17 -1.250000000000249e-03 -1.605505603040796e-16
13 17 -1.721506868175803e-03 1.160857928210820e-16
14 17 -1.250000000000050e-03 -8.185826231225193e-05
15 17 -1.534983881926882e-03 8.148949887516645e-17
16 17 -1.250000000000397e-03 -8.622402259583091e-05
17 17 -1.436498006814820e-03 6.075245410753654e-17
18 17 -1.250000000000204e-03 -6.689646693980439e-05
19 17 -1.385137558329351e-03 6.062255091545029e-17
20 17 -1.250000000000136e-03 -4.105285555898699e-05
21 17 -1.360432207559148e-03 6.958637979323554e-17
22 17 -1.250000000000328e-03 -1.375145606473154e-05
23 17 -1.353086516571861e-03 7.341708141896936e-17
24 17 -1.250000000000397e-03 1.375145606453559e-05
25 17 -1.360432207558981e-03 6.754888152790839e-17
26 17 -1.250000000000297e-03 4.105285555880481e-05
27 17 -1.385137558329131e-03 5.511129641177853e-17
28 17 -1.250000000000345e-03 6.689646693963797e-05
29 17 -1.436498006814695e-03 4.265619688473359e-17
30 17 -1.250000000000406e-03 8.622402259566408e-05
31 17 -1.534983881926935e-03 3.861462747909357e-17
32 17 -1.249999999999895e-03 8.185826231205763e-05
33 17 -1.721506868175971e-03 4.929509887296395e-17
34 17 -1.250000000000023e-03 -8.048424069060307e-17
35 17 -2.066510865970960e-03 7.032048485077600e-17
36 17 -1.250000000000888e-03 -3.157299956996602e-04
37 17 -2.613371259995512e-03 8.232871649596320e-17
38 17 -1.250000000000609e-03 -1.240096927931083e-03
39 17 -2.827785195418518e-03 7.130695983695406e-17
0 18 -1.250000000000451e-03 -1.045321498782957e-02
1 18 1.173461466188409e-02 -6.979352987245100e-17
2 18 -1.249999999999613e-03 4.267489422117554e-18
3 18 1.173461466188391e-02 -6.465335523376919e-17
4 18 -1.250000000000224e-03 1.045321498782955e-02
5 18 -8.199448174764829e-03 -3.871549222789026e-17
6 18 -1.249999999999960e-03 2.108818025858919e-03
7 18 -4.546868210059163e-03 1.158483276425179e-17
8 18 -1.250000000000362e-03 -7.894435157768780e-17
9 18 -2.613371259995572e-03 4.227897439976674e-17
10 18 -1.250000000001047e-03 -3.157299956996513e-04
11 18 -1.864654469741136e-03 3.471036077848281e-17
12 18 -1.250000000000428e-03 -2.818344572957033e-04
13 18 -1.561660924410573e-03 4.000628450750054e-18
14 18 -1.249999999999925e-03 -2.049493562925370e-04
15 18 -1.427831446930138e-03 -2.535204489932366e-17
16 18 -1.249999999999268e-03 -1.380812284208917e-04
17 18 -1.364562831689617e-03 -3.787070233041624e-17
18 18 -1.249999999999660e-03 -8.467061173464702e-05
19 18 -1.334294739290572e-03 -3.790333983986892e-17
20 18 -1.250000000000409e-03 -4.022602213540429e-05
21 18 -1.321922605003148e-03 -3.646381648279164e-17
22 18 -1.250000000000731e-03 -3.401797212838447e-20
23 18 -1.321922605003033e-03 -3.756122397610069e-17
24 18 -1.250000000000592e-03 4.022602213540376e-05
25 18 -1.334294739290313e-03 -3.763404033443982e-17
26 18 -1.249999999999892e-03 8.467061173464311e-05
27 18 -1.364562831689400e-03 -3.465923460692813e-17
28 18 -1.249999999999370e-03 1.380812284208760e-04
29 18 -1.427831446930123e-03 -3.213709637830761e-17
30 18 -1.249999999999797e-03 2.049493562924920e-04
31 18 -1.561660924410757e-03 -3.010440758987754e-17
32 18 -1.250000000000144e-03 2.818344572956168e-04
33 18 -1.864654469741336e-03 -2.674932794499810e-17
34 18 -1.250000000000814e-03 3.157299956995352e-04
35 18 -2.613371259995555e-03 -2.476351362979275e-17
36 18 -1.250000000000367e-03 -3.304648180547920e-17
37 18 -4.546868210058863e-03 -3.220843501704637e-17
38 18 -1.250000000000178e-03 -2.108818025858993e-03
39 18 -8.199448174764442e-03 -5.521250284864865e-17
0 19 -1.249999999999745e-03 -5.543323961000612e-02
1 19 1.077478020945540e-01 -1.553535996324610e-16
2 19 -1.249999999999563e-03 5.543323961000629e-02
3 19 -4.623901047277557e-02 -1.343252190716576e-16
4 19 -1.249999999999626e-03 6.678332956443655e-17
5 19 -8.199448174764814e-03 -1.051266869813830e-16
6 19 -1.250000000000043e-03 -2.108818025858913e-03
7 19 -2.827785195418719e-03 -7.733971922084849e-17
8 19 -1.250000000000667e-03 -1.240096927930930e-03
9 19 -1.761037558788574e-03 -7.644436818966251e-17
10 19 -1.250000000000374e-03 -6.881785846689542e-04
11 19 -1.463839341104590e-03 -9.258767238784080e-17
12 19 -1.249999999999938e-03 -4.002905448011291e-04
13 19 -1.357149538583039e-03 -1.083935702919961e-16
14 19 -1.249999999999048e-03 -2.414076223300479e-04
15 19 -1.312133498157308e-03 -1.102171399520970e-16
16 19 -1.249999999999110e-03 -1.443392906326145e-04
17 19 -1.291481740616841e-03 -1.039320607581649e-16
18 19 -1.249999999999897e-03 -7.742780671966313e-05
19 19 -1.282231492544859e-03 -1.040938090763171e-16
20 19 -1.250000000000473e-03 -2.445340273408828e-05
21 19 -1.279568069049318e-03 -1.123343432098818e-16
22 19 -1.250000000000577e-03 2.445340273427247e-05
23 19 -1.282231492544668e-03 -1.152879076396925e-16
24 19 -1.250000000000129e-03 7.742780671983510e-05
25 19 -1.291481740616598e-03 -1.043801490243870e-16
26 19 -1.249999999999285e-03 1.443392906327678e-04
27 19 -1.312133498157202e-03 -8.795217138144502e-17
28 19 -1.249999999999006e-03 2.414076223301805e-04
29 19 -1.357149538583157e-03 -8.217205526783367e-17
30 19 -1.249999999999672e-03 4.002905448012404e-04
31 19 -1.463839341104832e-03 -9.088646052805721e-17
32 19 -1.250000000000057e-03 6.881785846690481e-04
33 19 -1.761037558788691e-03 -1.065543926053638e-16
34 19 -1.250000000000531e-03 1.240096927931024e-03
35 19 -2.827785195418519e-03 -1.195231542414496e-16
36 19 -1.250000000000188e-03 2.108818025859029e-03
37 19 -8.199448174764373e-03 -1.335677571085941e-16
38 19 -1.249999999999941e-03 7.456825614179093e-17
39 19 -4.623901047277523e-02 -1.376788247722067e-16
