0 0 -8.245153922718641e-17 2.918042899747290e-18
1 0 3.109028149199492e-01 -1.784817143164536e-01
2 0 2.451063496866981e-01 1.518734477996653e-03
3 0 1.507293516627617e-01 -3.294856878551126e-02
4 0 1.231067834354170e-01 3.003752941731422e-03
5 0 9.570766440964922e-02 -7.946992422199881e-03
6 0 8.266825993698503e-02 4.421393389357815e-03
7 0 7.052582975043517e-02 -4.331053368508523e-04
8 0 6.350314612310351e-02 5.738254751216218e-03
9 0 5.674145193894684e-02 3.208005123569980e-03
10 0 5.260203865439431e-02 6.921680671883256e-03
11 0 4.839892498879191e-02 5.508888103129799e-03
12 0 4.583952459611858e-02 7.940587820645974e-03
13 0 4.310869204593611e-02 7.139752160391984e-03
14 0 4.151555938214130e-02 8.766628079453257e-03
15 0 3.975815181875106e-02 8.330114005574431e-03
16 0 3.881706494679826e-02 9.375585287341268e-03
17 0 3.778294758652150e-02 9.173519379157339e-03
18 0 3.733005414734387e-02 9.748827077506900e-03
19 0 3.689412034866691e-02 9.716312679271808e-03
20 0 3.685439311840528e-02 9.874583613480458e-03
21 0 3.696672591856363e-02 9.990935702367173e-03
22 0 3.733005414734378e-02 9.748827077506853e-03
23 0 3.799843883454655e-02 1.003204546450286e-02
24 0 3.881706494679819e-02 9.375585287341177e-03
25 0 4.010973342665024e-02 9.888090494220724e-03
26 0 4.151555938214120e-02 8.766628079453173e-03
27 0 4.358560661172003e-02 9.636194640652872e-03
28 0 4.583952459611860e-02 7.940587820645896e-03
29 0 4.898719130540932e-02 9.413227415089489e-03
30 0 5.260203865439439e-02 6.921680671883209e-03
31 0 5.742470321280994e-02 9.501762455102140e-03
32 0 6.350314612310361e-02 5.738254751216180e-03
33 0 7.128612001218952e-02 1.063187828264131e-02
34 0 8.266825993698519e-02 4.421393389357786e-03
35 0 9.652613950370034e-02 1.540020000524604e-02
36 0 1.231067834354172e-01 3.003752941731381e-03
37 0 1.515867274725503e-01 3.748791363068035e-02
38 0 2.451063496866984e-01 1.518734477996640e-03
39 0 3.117796566796480e-01 1.800060687118438e-01
0 1 1.212281782213434e-01 -2.099733639883816e-01
1 1 1.047612182340191e-01 -1.094515729206802e-01
2 1 1.169137189071467e-01 -6.441774344135255e-02
3 1 8.897358165806372e-02 -4.722344273131986e-02
4 1 8.599584743311851e-02 -2.487510851575438e-02
5 1 7.014646928517541e-02 -2.122443011749334e-02
6 1 6.632623824668930e-02 -9.898321763092027e-03
7 1 5.722686258271835e-02 -8.963954789773642e-03
8 1 5.437346568610358e-02 -2.500411454718812e-03
9 1 4.876443661227692e-02 -2.161079476833616e-03
10 1 4.684536539982113e-02 1.894092257250453e-03
11 1 4.321632040814274e-02 2.135856669504705e-03
12 1 4.200894438499253e-02 4.824131143103496e-03
13 1 3.963062727068041e-02 5.094822422572638e-03
14 1 3.896040718403938e-02 6.905819109515012e-03
15 1 3.745559554816039e-02 7.238432594221605e-03
16 1 3.721290175113208e-02 8.424197379634044e-03
17 1 3.637744888641853e-02 8.833639981527723e-03
18 1 3.650706096974669e-02 9.533962840297439e-03
19 1 3.623154229348113e-02 1.004328658477474e-02
20 1 3.672606423813880e-02 1.034096092266080e-02
21 1 3.696061890727136e-02 1.099596715024149e-02
22 1 3.786283985984661e-02 1.094367242165478e-02
23 1 3.860315082978578e-02 1.182876676723553e-02
24 1 4.002062735628354e-02 1.146436765627551e-02
25 1 4.130648225423481e-02 1.272928457042617e-02
26 1 4.344678782458844e-02 1.208927745983134e-02
27 1 4.536976315791433e-02 1.400350352365066e-02
28 1 4.861845193074270e-02 1.314771731234258e-02
29 1 5.133349118904990e-02 1.622446697680704e-02
30 1 5.643227819049854e-02 1.530984334452946e-02
31 1 6.014176416619887e-02 2.061874914044398e-02
32 1 6.861659602397699e-02 2.017534431931108e-02
33 1 7.333274395132976e-02 3.020175238823287e-02
34 1 8.846094835961192e-02 3.238443860269875e-02
35 1 9.235439186089109e-02 5.332083300172950e-02
36 1 1.194955762889382e-01 6.899080313738791e-02
37 1 1.082588492753213e-01 1.125340000524367e-01
38 1 1.238684374828975e-01 2.115089582185544e-01
39 1 1.768284493085258e-03 2.169839959326878e-01
0 2 5.887419350379486e-02 -1.019730944032141e-01
1 2 5.550107884797305e-02 -7.115229626426219e-02
2 2 6.717096116251696e-02 -5.420738116050634e-02
3 2 5.699570750880896e-02 -4.061679587777287e-02
4 2 5.978912290994676e-02 -2.815235106068734e-02
5 2 5.144916980135092e-02 -2.216228954703626e-02
6 2 5.162758739087094e-02 -1.402170768796156e-02
7 2 4.573381810813171e-02 -1.101082938395700e-02
8 2 4.533641830177475e-02 -5.636466957575094e-03
9 2 4.126924164695297e-02 -3.844442583430294e-03
10 2 4.091180077552840e-02 -1.849676798091510e-04
11 2 3.812599988419891e-02 1.077199391223617e-03
12 2 3.798100897228607e-02 3.622627271566864e-03
13 2 3.611900391888268e-02 4.647579714520000e-03
14 2 3.622696366687226e-02 6.421745495981714e-03
15 2 3.506539380767722e-02 7.350920061982260e-03
16 2 3.543585959196230e-02 8.559244467173642e-03
17 2 3.483509373399320e-02 9.479368589765396e-03
18 2 3.548309297150835e-02 1.025596358133980e-02
19 2 3.535524596599525e-02 1.124349540547048e-02
20 2 3.631894436199872e-02 1.168875600169836e-02
21 2 3.660860960127314e-02 1.283727297710012e-02
22 2 3.796428410854263e-02 1.304353758446194e-02
23 2 3.863502195476037e-02 1.448993994692046e-02
24 2 4.051722801577617e-02 1.456750510491050e-02
25 2 4.153561754455504e-02 1.652921204987425e-02
26 2 4.416933566644582e-02 1.664885878535011e-02
27 2 4.547019004250647e-02 1.948863548904337e-02
28 2 4.922074665242172e-02 1.997605579179213e-02
29 2 5.060733524946906e-02 2.432092383750728e-02
30 2 5.603268975835991e-02 2.590000722062752e-02
31 2 5.686619138235883e-02 3.283171090239341e-02
32 2 6.460225377533227e-02 3.729812860744477e-02
33 2 6.282185678268208e-02 4.840714299695447e-02
34 2 7.227622069704029e-02 6.041720922093817e-02
35 2 6.160003417975480e-02 7.589398893682212e-02
36 2 6.415471807193997e-02 1.051117253623950e-01
37 2 3.046400096595392e-02 1.115112001008755e-01
38 2 2.669457178893539e-03 1.334591223451785e-01
39 2 -2.422876680845914e-02 1.099194194938523e-01
0 3 3.724227133429155e-02 -6.450550614025882e-02
1 3 3.616957449953277e-02 -4.984978526431099e-02
2 3 4.421061288680035e-02 -4.132048340175993e-02
3 3 3.973437096073312e-02 -3.208853134219680e-02
4 3 4.340349033964796e-02 -2.459110383501803e-02
5 3 3.885779036250517e-02 -1.906919577099545e-02
6 3 4.053678886105820e-02 -1.335159105663767e-02
7 3 3.683540764300947e-02 -9.864014135634815e-03
8 3 3.772350169729179e-02 -5.654216123522875e-03
9 3 3.493946722596531e-02 -3.243788564840549e-03
10 3 3.557556589700556e-02 -1.599736696460500e-04
11 3 3.358133883458019e-02 1.673168689024787e-03
12 3 3.420237192527360e-02 3.929009230261713e-03
13 3 3.285506816799316e-02 5.450935128083260e-03
14 3 3.356923257651614e-02 7.089575517723166e-03
15 3 3.275015259059429e-02 8.455564363727497e-03
16 3 3.361590561598998e-02 9.630021988032368e-03
17 3 3.323077885979989e-02 1.094930514107150e-02
18 3 3.429472305123172e-02 1.178283526815867e-02
19 3 3.426483240016201e-02 1.315577198985284e-02
20 3 3.558266194274098e-02 1.376556623190170e-02
21 3 3.583278754968958e-02 1.530969660287327e-02
22 3 3.748340311462656e-02 1.583135809032564e-02
23 3 3.792348394901293e-02 1.770540671401809e-02
24 3 4.001893002415080e-02 1.832763105321840e-02
25 3 4.050876390888452e-02 2.075850205517956e-02
26 3 4.319386955098686e-02 2.178496599000378e-02
27 3 4.346616920516502e-02 2.509520449124378e-02
28 3 4.687785481749293e-02 2.706494209791185e-02
29 3 4.636620551152244e-02 3.166677602512204e-02
30 3 5.044640909044367e-02 3.557572916279831e-02
31 3 4.792724263298273e-02 4.177492102611868e-02
32 3 5.178065872260972e-02 4.933604311832308e-02
33 3 4.485053668880647e-02 5.641965172646158e-02
34 3 4.516316896380071e-02 6.938211649740564e-02
35 3 3.085056950483525e-02 7.317110574250074e-02
36 3 2.145544782002113e-02 8.691214275492874e-02
37 3 4.535035151154831e-03 8.056469044697055e-02
38 3 -1.335948857636616e-02 8.527544934361085e-02
39 3 -2.187762437895257e-02 6.985276129764265e-02
0 4 2.615908999709743e-02 -4.530887295473954e-02
1 4 2.569668469221278e-02 -3.634488438748713e-02
2 4 3.149874157726154e-02 -3.115768525935569e-02
3 4 2.923729889994213e-02 -2.448823720559179e-02
4 4 3.275808841192012e-02 -1.954280454370513e-02
5 4 3.015667676184399e-02 -1.480127301156082e-02
6 4 3.237164702485036e-02 -1.066324719202706e-02
7 4 3.005545175267731e-02 -7.214555499013646e-03
8 4 3.160878932355776e-02 -3.929050185424723e-03
9 4 2.976936359441392e-02 -1.290087251225282e-03
10 4 3.102592268811955e-02 1.256755469040866e-03
11 4 2.967913021603619e-02 3.397173716366287e-03
12 4 3.083553775085072e-02 5.343325296882744e-03
13 4 2.993538964019666e-02 7.181204222862661e-03
14 4 3.109875690813684e-02 8.654106627971518e-03
15 4 3.057919133388476e-02 1.032165303858433e-02
16 4 3.181376859657290e-02 1.143840646580237e-02
17 4 3.160015713417000e-02 1.303997745902628e-02
18 4 3.295396481858667e-02 1.391829734016364e-02
19 4 3.296141529004867e-02 1.555488435357757e-02
20 4 3.448065220147154e-02 1.632861310660078e-02
21 4 3.460336210288466e-02 1.811490363578101e-02
22 4 3.633666239507440e-02 1.895529546086539e-02
23 4 3.642535063330780e-02 2.103018599346686e-02
24 4 3.841308140198209e-02 2.217780288783732e-02
25 4 3.823177207873915e-02 2.470236759341048e-02
26 4 4.046326874341676e-02 2.651450532390393e-02
27 4 3.961274843985972e-02 2.963402194719504e-02
28 4 4.191014510931809e-02 3.263838909833915e-02
29 4 3.971754615930159e-02 3.634387394625818e-02
30 4 4.147485235957176e-02 4.121686483413765e-02
31 4 3.694111927324874e-02 4.498037055952410e-02
32 4 3.672104744949160e-02 5.212621038723494e-02
33 4 2.896239775932745e-02 5.429038109687777e-02
34 4 2.459092102167439e-02 6.238936814063811e-02
35 4 1.469141228398145e-02 6.034672214700364e-02
36 4 5.513910260160244e-03 6.585507484034783e-02
37 4 -2.689380660421964e-03 5.858693389992872e-02
38 4 -1.367928187917721e-02 5.894775557772875e-02
39 4 -1.721198060849750e-02 4.904344241651855e-02
0 5 1.908965613596212e-02 -3.306425432650548e-02
1 5 1.885379599204921e-02 -2.670836510959789e-02
2 5 2.337151169209306e-02 -2.311859249442421e-02
3 5 2.212447463026817e-02 -1.791717361172935e-02
4 5 2.536635097657829e-02 -1.437460742477475e-02
5 5 2.382963728266042e-02 -1.025446184641412e-02
6 5 2.623636287872612e-02 -7.127213818110457e-03
7 5 2.480215800821602e-02 -3.833708184429793e-03
8 5 2.671973575539802e-02 -1.226405778305819e-03
9 5 2.555863552903219e-02 1.481186335529242e-03
10 5 2.721353547663760e-02 3.583627920463098e-03
11 5 2.637498553000274e-02 5.886635173917762e-03
12 5 2.790340693042144e-02 7.546877015830356e-03
13 5 2.737381000265452e-02 9.575263916495323e-03
14 5 2.885468997844704e-02 1.087643348356045e-02
15 5 2.858485977586288e-02 1.272860312833847e-02
16 5 3.006457120703539e-02 1.376874408694466e-02
17 5 2.997986514525399e-02 1.552964710276474e-02
18 5 3.148741191247044e-02 1.642561888161032e-02
19 5 3.148748740814734e-02 1.817930933119892e-02
20 5 3.303980902534552e-02 1.907554263475693e-02
21 5 3.298964778713563e-02 2.090993881955953e-02
22 5 3.458409860288664e-02 2.199082499244034e-02
23 5 3.429507397318150e-02 2.398999714284763e-02
24 5 3.588165909535128e-02 2.549359450657718e-02
25 5 3.508252631200828e-02 2.770629393052216e-02
26 5 3.650300248535602e-02 2.992733736274914e-02
27 5 3.481227137242337e-02 3.228961569661171e-02
28 5 3.569548315963660e-02 3.553095580852457e-02
29 5 3.264568972577218e-02 3.771753842298783e-02
30 5 3.229537062593181e-02 4.209386142961496e-02
31 5 2.754330267328951e-02 4.333585713847485e-02
32 5 2.502131300335166e-02 4.833900830332669e-02
33 5 1.889744613181843e-02 4.748857926732098e-02
34 5 1.367063863322114e-02 5.172165606057622e-02
35 5 7.592405817189902e-03 4.797864242838166e-02
36 5 4.052245415974581e-04 4.988407716455661e-02
37 5 -3.865532227414317e-03 4.373534466301088e-02
38 5 -1.123397616909114e-02 4.285755302282741e-02
39 5 -1.297308719249003e-02 3.589094498670387e-02
0 6 1.393908482635822e-02 -2.414320313026498e-02
1 6 1.380843967459614e-02 -1.916211403735818e-02
2 6 1.757714822444720e-02 -1.642900028197548e-02
3 6 1.686099917047665e-02 -1.208859045989497e-02
4 6 1.988334762742061e-02 -9.366786218433393e-03
5 6 1.897806337250044e-02 -5.671470311859762e-03
6 6 2.146830656459678e-02 -3.203186109696331e-03
7 6 2.062179651804088e-02 -5.286053357217993e-05
8 6 2.276549760076273e-02 2.060632053906781e-03
9 6 2.210437930749068e-02 4.779965092139390e-03
10 6 2.403111213428191e-02 6.520583465431837e-03
11 6 2.359856848460746e-02 8.905017760125259e-03
12 6 2.538680933415471e-02 1.030318530067553e-02
13 6 2.516986525133733e-02 1.242847017514826e-02
14 6 2.686082689432277e-02 1.354728140414645e-02
15 6 2.680626978786412e-02 1.547660707799312e-02
16 6 2.841676504180523e-02 1.640642694638453e-02
17 6 2.843900147542863e-02 1.819850126643939e-02
18 6 2.996870918059117e-02 1.905608917481886e-02
19 6 2.995163264815151e-02 2.076798080908230e-02
20 6 3.138131985961974e-02 2.169681419222970e-02
21 6 3.117497995716520e-02 2.337725600500540e-02
22 6 3.245205983994379e-02 2.454590027239648e-02
23 6 3.186616707072398e-02 2.621394051513175e-02
24 6 3.287444349850037e-02 2.780519620013354e-02
25 6 3.167712493710745e-02 2.940782068792531e-02
26 6 3.219301530590707e-02 3.158138323901041e-02
27 6 3.013799266047659e-02 3.292814524477810e-02
28 6 2.979651307172015e-02 3.572789888731735e-02
29 6 2.672190621587070e-02 3.642736795229506e-02
30 6 2.506301471180096e-02 3.962223035718445e-02
31 6 2.109125693371261e-02 3.911090553185757e-02
32 6 1.778688557803576e-02 4.208072344472217e-02
33 6 1.350390132346860e-02 3.986896726133086e-02
34 6 8.705577394539813e-03 4.178168446984126e-02
35 6 5.016588051716325e-03 3.784530733167724e-02
36 6 -5.455209900824231e-04 3.814073901599195e-02
37 6 -2.927738772013620e-03 3.306679691483402e-02
38 6 -8.335532553864921e-03 3.179961909740973e-02
39 6 -9.282790862778507e-03 2.644683642874931e-02
0 7 9.821302861054374e-03 -1.701099555186794e-02
1 7 9.747834801548809e-03 -1.280211938982080e-02
2 7 1.308129136312860e-02 -1.055981687214575e-02
3 7 1.267754526122622e-02 -6.724203562243621e-03
4 7 1.557062575703259e-02 -4.506892803914031e-03
5 7 1.507624399439273e-02 -1.074997284611448e-03
6 7 1.763426976826751e-02 9.475499066969272e-04
7 7 1.721129889662855e-02 4.001861151812203e-03
8 7 1.952602590540522e-02 5.741622918867289e-03
9 7 1.926099088664103e-02 8.457950665042719e-03
10 7 2.139139755830879e-02 9.887555582872713e-03
11 7 2.130737992950792e-02 1.230182153802697e-02
12 7 2.327942250912764e-02 1.344038085222391e-02
13 7 2.334830352752438e-02 1.558350762991523e-02
14 7 2.516270329536867e-02 1.648851775506650e-02
15 7 2.531572355176271e-02 1.839091316534407e-02
16 7 2.695636776101850e-02 1.915231037570638e-02
17 7 2.709303031137822e-02 2.084655011225823e-02
18 7 2.853058148330045e-02 2.157982201823281e-02
19 7 2.852564894968925e-02 2.309632932003003e-02
20 7 2.971266102567473e-02 2.393270606073653e-02
21 7 2.942170931412064e-02 2.528534942337942e-02
22 7 3.027817695763271e-02 2.635626568225686e-02
23 7 2.954558793075974e-02 2.751692590109897e-02
24 7 2.993874730680134e-02 2.892669613779432e-02
25 7 2.861820427623939e-02 2.979200283939052e-02
26 7 2.834990231340738e-02 3.157021503752916e-02
27 7 2.635275943542613e-02 3.193452586943705e-02
28 7 2.518229231361168e-02 3.396874745201940e-02
29 7 2.256043586653384e-02 3.353723550620390e-02
30 7 2.029571367817048e-02 3.552314262607996e-02
31 7 1.732054939133194e-02 3.400742606549337e-02
32 7 1.396505604718759e-02 3.549661885132139e-02
33 7 1.110516161508683e-02 3.278294294325181e-02
34 7 6.951180557296766e-03 3.336629228187671e-02
35 7 4.691330553978906e-03 2.963914977924930e-02
36 7 2.344002890059663e-04 2.915520805941629e-02
37 7 -1.152940955137407e-03 2.484319829959786e-02
38 7 -5.439357490748682e-03 2.343675702944356e-02
39 7 -5.980742590442080e-03 1.900959922440732e-02
0 8 6.286511272615087e-03 -1.088855692652394e-02
1 8 6.248729865242903e-03 -7.111130874389253e-03
2 8 9.348812436149885e-03 -5.156669450182701e-03
3 8 9.153400363149279e-03 -1.596913052902504e-03
4 8 1.200772678261107e-02 2.975519202564764e-04
5 8 1.181535955480005e-02 3.593602601109979e-03
6 8 1.446743599920244e-02 5.295571460787759e-03
7 8 1.438902311841891e-02 8.307506370794816e-03
8 8 1.686644237162278e-02 9.737845043527812e-03
9 8 1.695529558320312e-02 1.245153207737026e-02
10 8 1.925857309525269e-02 1.358171591651153e-02
11 8 1.951125584372398e-02 1.598445092055431e-02
12 8 2.161622487736058e-02 1.683402915407209e-02
13 8 2.197932680095289e-02 1.891878290241983e-02
14 8 2.384661268855838e-02 1.955067779787912e-02
15 8 2.422840940740542e-02 2.132153000303708e-02
16 8 2.581283487648335e-02 2.183232856185047e-02
17 8 2.609776583585553e-02 2.330404610959385e-02
18 8 2.735159619644847e-02 2.380868374403910e-02
19 8 2.741477563146871e-02 2.499679346086389e-02
20 8 2.828223181710807e-02 2.560875045527540e-02
21 8 2.800309634492386e-02 2.651085133817156e-02
22 8 2.840891825777174e-02 2.731834496722197e-02
23 8 2.768722564145302e-02 2.789159060261489e-02
24 8 2.752802750758442e-02 2.892877170060719e-02
25 8 2.630853505220112e-02 2.907300873048247e-02
26 8 2.546081837479984e-02 3.028779280840639e-02
27 8 2.376948254121503e-02 2.984939494346406e-02
28 8 2.212779173176231e-02 3.108120499558099e-02
29 8 2.010666068165739e-02 2.989379267466513e-02
30 8 1.764924168665271e-02 3.088933065563701e-02
31 8 1.555587992755859e-02 2.885071247566394e-02
32 8 1.240173738845717e-02 2.933853962978351e-02
33 8 1.054272044247404e-02 2.648609474613756e-02
34 8 6.945833214676031e-03 2.628496366493889e-02
35 8 5.564192941751836e-03 2.281055844003647e-02
36 8 1.829798996729151e-03 2.190287726683989e-02
37 8 1.018102998632725e-03 1.808624901029629e-02
38 8 -2.604423989025311e-03 1.660863907084823e-02
39 8 -2.910552247279478e-03 1.271707818060046e-02
0 9 3.071836461615320e-03 -5.320576824060380e-03
1 9 3.060163468060580e-03 -1.753307390104117e-03
2 9 6.074882979863382e-03 3.827480529989348e-05
3 9 6.042360035131456e-03 3.488558192823684e-03
4 9 8.950333755121487e-03 5.167477602856494e-03
5 9 9.019830921067189e-03 8.435600228748921e-03
6 9 1.181981741219917e-02 9.881381372541071e-03
7 9 1.207136286820182e-02 1.290449150070123e-02
8 9 1.473540425939248e-02 1.403922300960037e-02
9 9 1.519176085274105e-02 1.675297146910432e-02
10 9 1.766254699570147e-02 1.755126185676464e-02
11 9 1.828546836842540e-02 1.989808990647058e-02
12 9 2.048749068015645e-02 2.039162074596445e-02
13 9 2.118680010686174e-02 2.233420578916458e-02
14 9 2.304405464095079e-02 2.260526019457750e-02
15 9 2.369780983761981e-02 2.413468193940773e-02
16 9 2.514779648863355e-02 2.429721724065114e-02
17 9 2.562692087756987e-02 2.542839182196747e-02
18 9 2.662347148748238e-02 2.560127812750154e-02
19 9 2.681351246664303e-02 2.635579275205744e-02
20 9 2.731856697763583e-02 2.663522414991715e-02
21 9 2.713576708510872e-02 2.701865588902900e-02
22 9 2.710775897989454e-02 2.745436167749514e-02
23 9 2.651216315950403e-02 2.743809891751437e-02
24 9 2.590201981282343e-02 2.801521957519788e-02
25 9 2.491137525935435e-02 2.753243921046126e-02
26 9 2.367487656959456e-02 2.816259808949637e-02
27 9 2.237712895211215e-02 2.712536766951690e-02
28 9 2.050380776774697e-02 2.765561834183971e-02
29 9 1.905648741118745e-02 2.599261938765527e-02
30 9 1.660134350659417e-02 2.624085948924291e-02
31 9 1.520370002360977e-02 2.394139903681591e-02
32 9 1.229776931833816e-02 2.375317283573480e-02
33 9 1.113605759286751e-02 2.089180580184486e-02
34 9 7.960112738251979e-03 2.019369191602106e-02
35 9 7.149887017726924e-03 1.691685300310954e-02
36 9 3.882229218193539e-03 1.573800386036751e-02
37 9 3.438773825115368e-03 1.222020691400943e-02
38 9 2.085994752976588e-04 1.067464379001306e-02
39 9 5.711694981648509e-05 7.073163670653018e-03
0 10 -1.205082406895973e-17 6.649385865832186e-17
1 10 1.167299355715458e-05 3.526832998125486e-03
2 10 3.070588443646240e-03 5.241865582929604e-03
3 10 3.193732910126136e-03 8.725533771948098e-03
4 10 6.261550913192413e-03 1.025022047531586e-02
5 10 6.607147039723602e-03 1.359390893510235e-02
6 10 9.637737174686779e-03 1.479795064315918e-02
7 10 1.026511969408942e-02 1.788542992308301e-02
8 10 1.316730850691698e-02 1.868518322510076e-02
9 10 1.406206275882294e-02 2.139383448644489e-02
10 10 1.671028055515083e-02 2.177579908932555e-02
11 10 1.778160384746030e-02 2.400429387113072e-02
12 10 2.004522432320960e-02 2.403269638314934e-02
13 10 2.114818237929792e-02 2.572785611251002e-02
14 10 2.292436878865432e-02 2.552702043794956e-02
15 10 2.389878041870415e-02 2.669206180016283e-02
16 10 2.513045294175470e-02 2.640873237799112e-02
17 10 2.583888107509837e-02 2.708697486974436e-02
18 10 2.651018450330762e-02 2.684906079715951e-02
19 10 2.686163378569583e-02 2.709308913258983e-02
20 10 2.697883682027018e-02 2.697954887485735e-02
21 10 2.693697111248070e-02 2.682251259122483e-02
22 10 2.651018450330768e-02 2.684906079715947e-02
23 10 2.609310480643700e-02 2.629038648125486e-02
24 10 2.513045294175480e-02 2.640873237799109e-02
25 10 2.440783704463472e-02 2.541837852051174e-02
26 10 2.292436878865442e-02 2.552702043794952e-02
27 10 2.201093077459322e-02 2.406558128036150e-02
28 10 2.004522432320974e-02 2.403269638314934e-02
29 10 1.908462410758268e-02 2.207886318892183e-02
30 10 1.671028055515097e-02 2.177579908932553e-02
31 10 1.584643065999476e-02 1.934829862067277e-02
32 10 1.316730850691711e-02 1.868518322510072e-02
33 10 1.250941447167603e-02 1.584763096429673e-02
34 10 9.637737174686882e-03 1.479795064315912e-02
35 10 9.232780276329702e-03 1.164466688818526e-02
36 10 6.261550913192479e-03 1.025022047531577e-02
37 10 6.085307955442505e-03 6.883230731175416e-03
38 10 3.070588443646274e-03 5.241865582929487e-03
39 10 3.038065498917348e-03 1.754027933615680e-03
0 11 -3.071836461615334e-03 5.320576824060492e-03
1 11 -3.034055054235564e-03 8.967124241881381e-03
2 11 2.085994752976150e-04 1.067464379001315e-02
3 11 5.154415254922417e-04 1.434117803497068e-02
4 11 3.882229218193470e-03 1.573800386036760e-02
5 11 4.577394319370356e-03 1.927122015114630e-02
6 11 7.960112738251894e-03 2.019369191602113e-02
7 11 9.080990325695480e-03 2.339615299600577e-02
8 11 1.229776931833806e-02 2.375317283573483e-02
9 11 1.376743346454747e-02 2.642606875287092e-02
10 11 1.660134350659407e-02 2.624085948924295e-02
11 11 1.823967600680235e-02 2.824570817932712e-02
12 11 2.050380776774685e-02 2.765561834183974e-02
13 11 2.208442405832900e-02 2.895618509588207e-02
14 11 2.367487656959440e-02 2.816259808949643e-02
15 11 2.499646428425753e-02 2.881828096147128e-02
16 11 2.590201981282321e-02 2.801521957519794e-02
17 11 2.683597461772003e-02 2.813423275020474e-02
18 11 2.710775897989434e-02 2.745436167749519e-02
19 11 2.760869635715937e-02 2.714036594327185e-02
20 11 2.731856697763567e-02 2.663522414991719e-02
21 11 2.741046148101235e-02 2.595447918369690e-02
22 11 2.662347148748228e-02 2.560127812750157e-02
23 11 2.637982078163260e-02 2.457641046414070e-02
24 11 2.514779648863356e-02 2.429721724065114e-02
25 11 2.467466169362764e-02 2.292008601734735e-02
26 11 2.304405464095090e-02 2.260526019457751e-02
27 11 2.246484543840712e-02 2.085817289820904e-02
28 11 2.048749068015661e-02 2.039162074596449e-02
29 11 1.992535033769995e-02 1.826710790981644e-02
30 11 1.766254699570163e-02 1.755126185676466e-02
31 11 1.721943742655567e-02 1.506298482234335e-02
32 11 1.473540425939259e-02 1.403922300960036e-02
33 11 1.447189385660580e-02 1.122117664962142e-02
34 11 1.181981741219923e-02 9.881381372541027e-03
35 11 1.174140453142857e-02 6.778903066884516e-03
36 11 8.950333755121498e-03 5.167477602856414e-03
37 11 9.003706651028957e-03 1.828415913677042e-03
38 11 6.074882979863375e-03 3.827480529978949e-05
39 11 6.154097898819004e-03 -3.487117105798662e-03
0 12 -6.286511272615086e-03 1.088855692652398e-02
1 12 -6.213043213091895e-03 1.484293226494564e-02
2 12 -2.604423989025338e-03 1.660863907084827e-02
3 12 -2.038526848977082e-03 2.064634884476866e-02
4 12 1.829798996729118e-03 2.190287726683995e-02
5 12 3.034194180197137e-03 2.576430217295992e-02
6 12 6.945833214676008e-03 2.628496366493893e-02
7 12 8.779737537179972e-03 2.963606248954308e-02
8 12 1.240173738845717e-02 2.933853962978355e-02
9 12 1.466053031132519e-02 3.188036049480025e-02
10 12 1.764924168665266e-02 3.088933065563705e-02
11 12 1.999588197984020e-02 3.247948474878710e-02
12 12 2.212779173176219e-02 3.108120499558102e-02
13 12 2.422755928105871e-02 3.177371877303523e-02
14 12 2.546081837479966e-02 3.028779280840649e-02
15 12 2.709316625462359e-02 3.026651247976953e-02
16 12 2.752802750758415e-02 2.892877170060729e-02
17 12 2.861700594948344e-02 2.840017311436740e-02
18 12 2.840891825777141e-02 2.731834496722201e-02
19 12 2.899013119660161e-02 2.643770888754783e-02
20 12 2.828223181710778e-02 2.560875045527545e-02
21 12 2.845404463176045e-02 2.445949073475678e-02
22 12 2.735159619644831e-02 2.380868374403916e-02
23 12 2.723881503230649e-02 2.241564184729407e-02
24 12 2.581283487648334e-02 2.183232856185051e-02
25 12 2.554572109018095e-02 2.018633109354812e-02
26 12 2.384661268855849e-02 1.955067779787915e-02
27 12 2.354778462674838e-02 1.763106789922723e-02
28 12 2.161622487736072e-02 1.683402915407214e-02
29 12 2.138897976691845e-02 1.462326002949959e-02
30 12 1.925857309525279e-02 1.358171591651157e-02
31 12 1.917455546645037e-02 1.107043476014643e-02
32 12 1.686644237162283e-02 9.737845043527841e-03
33 12 1.695377096722789e-02 6.922439395881733e-03
34 12 1.446743599920241e-02 5.295571460787756e-03
35 12 1.470096748194087e-02 2.173488822768751e-03
36 12 1.200772678261102e-02 2.975519202564448e-04
37 12 1.230239653959220e-02 -3.132037966585787e-03
38 12 9.348812436149836e-03 -5.156669450182743e-03
39 12 9.558036642673190e-03 -8.879151275486054e-03
0 13 -9.821302861054386e-03 1.701099555186792e-02
1 13 -9.690657709268713e-03 2.153951656350428e-02
2 13 -5.439357490748702e-03 2.343675702944353e-02
3 13 -4.454490196639923e-03 2.811894388106137e-02
4 13 2.344002890059939e-04 2.915520805941625e-02
5 13 2.260059944561088e-03 3.351708467525334e-02
6 13 6.951180557296847e-03 3.336629228187669e-02
7 13 9.875216996755967e-03 3.683240584541927e-02
8 13 1.396505604718770e-02 3.549661885132137e-02
9 13 1.730523588283499e-02 3.766243295289531e-02
10 13 2.029571367817056e-02 3.552314262608008e-02
11 13 2.345786633870471e-02 3.635850299678717e-02
12 13 2.518229231361164e-02 3.396874745201955e-02
13 13 2.773755277059223e-02 3.376334635550474e-02
14 13 2.834990231340719e-02 3.157021503752921e-02
15 13 3.014444062460940e-02 3.070932292403271e-02
16 13 2.993874730680104e-02 2.892669613779439e-02
17 13 3.102962664619784e-02 2.771289570138575e-02
18 13 3.027817695763236e-02 2.635626568225691e-02
19 13 3.082095211400276e-02 2.495884864783854e-02
20 13 2.971266102567445e-02 2.393270606073657e-02
21 13 2.988408718500093e-02 2.241385537803967e-02
22 13 2.853058148330034e-02 2.157982201823283e-02
23 13 2.849455481165184e-02 1.993767739592697e-02
24 13 2.695636776101849e-02 1.915231037570644e-02
25 13 2.685366493835440e-02 1.735534050325796e-02
26 13 2.516270329536873e-02 1.648851775506655e-02
27 13 2.510814618890728e-02 1.449619496101805e-02
28 13 2.327942250912773e-02 1.344038085222400e-02
29 13 2.335860455515149e-02 1.121176982443280e-02
30 13 2.139139755830884e-02 9.887555582872793e-03
31 13 2.165464622624666e-02 7.380977839101921e-03
32 13 1.952602590540516e-02 5.741622918867353e-03
33 13 1.997915824071992e-02 2.909655236791674e-03
34 13 1.763426976826742e-02 9.475499066969722e-04
35 13 1.822536796164347e-02 -2.266442710014672e-03
36 13 1.557062575703248e-02 -4.506892803914008e-03
37 13 1.617220260140424e-02 -8.161421444663015e-03
38 13 1.308129136312855e-02 -1.055981687214573e-02
39 13 1.347242454887684e-02 -1.468427462902199e-02
0 14 -1.393908482635823e-02 2.414320313026491e-02
1 14 -1.370322468243729e-02 2.968204884168283e-02
2 14 -8.335532553864898e-03 3.179961909740966e-02
3 14 -6.588786063970855e-03 3.756436218818477e-02
4 14 -5.455209900823265e-04 3.814073901599192e-02
5 14 2.914487213831504e-03 4.318643147435742e-02
6 14 8.705577394540009e-03 4.178168446984121e-02
7 14 1.333125109082267e-02 4.511206298567738e-02
8 14 1.778688557803599e-02 4.208072344472218e-02
9 14 2.251066857960309e-02 4.331178064588457e-02
10 14 2.506301471180110e-02 3.962223035718454e-02
11 14 2.897029953831202e-02 3.916025450458633e-02
12 14 2.979651307172015e-02 3.572789888731741e-02
13 14 3.253198458622562e-02 3.431176645479325e-02
14 14 3.219301530590691e-02 3.158138323901047e-02
15 14 3.385730754051362e-02 2.980124343835389e-02
16 14 3.287444349850007e-02 2.780519620013352e-02
17 14 3.374792245197191e-02 2.597007719616747e-02
18 14 3.245205983994354e-02 2.454590027239644e-02
19 14 3.281990057249415e-02 2.275906398913684e-02
20 14 3.138131985961954e-02 2.169681419222967e-02
21 14 3.147625594780955e-02 1.995240965327950e-02
22 14 2.996870918059110e-02 1.905608917481888e-02
23 14 2.996878467627676e-02 1.730248590013440e-02
24 14 2.841676504180528e-02 1.640642694638459e-02
25 14 2.845699823632752e-02 1.457828576970140e-02
26 14 2.686082689432282e-02 1.354728140414654e-02
27 14 2.704284500995321e-02 1.157744573999503e-02
28 14 2.538680933415473e-02 1.030318530067563e-02
29 14 2.578245467242260e-02 8.122305616844622e-03
30 14 2.403111213428187e-02 6.520583465431938e-03
31 14 2.467933345550740e-02 4.049262200527595e-03
32 14 2.276549760076261e-02 2.060632053906870e-03
33 14 2.366086335176254e-02 -8.017941274925680e-04
34 14 2.146830656459662e-02 -3.203186109696265e-03
35 14 2.253661955445711e-02 -6.586546780902999e-03
36 14 1.988334762742050e-02 -9.366786218433334e-03
37 14 2.093837036113749e-02 -1.342007530601132e-02
38 14 1.757714822444717e-02 -1.642900028197540e-02
39 14 1.826223676563948e-02 -2.126255091955888e-02
0 15 -1.908965613596219e-02 3.306425432650542e-02
1 15 -1.862725083106592e-02 4.042642393023865e-02
2 15 -1.123397616909111e-02 4.285755302282736e-02
3 15 -7.922297832109180e-03 5.045524032648808e-02
4 15 4.052245415976077e-04 4.988407716455658e-02
5 15 6.531479146915594e-03 5.563743282510730e-02
6 15 1.367063863322143e-02 5.172165606057617e-02
7 15 2.085041872503981e-02 5.404189417040203e-02
8 15 2.502131300335195e-02 4.833900830332667e-02
9 15 3.114893990195544e-02 4.753553626495668e-02
10 15 3.229537062593205e-02 4.209386142961501e-02
11 15 3.643478505277466e-02 3.968059430958783e-02
12 15 3.569548315963668e-02 3.553095580852457e-02
13 15 3.804752199052776e-02 3.275583719668752e-02
14 15 3.650300248535591e-02 2.992733736274912e-02
15 15 3.764234894353690e-02 2.734756115704309e-02
16 15 3.588165909535106e-02 2.549359450657710e-02
17 15 3.631739889507782e-02 2.324085024324153e-02
18 15 3.458409860288642e-02 2.199082499244026e-02
19 15 3.467278684110806e-02 2.001834281626838e-02
20 15 3.303980902534543e-02 1.907554263475690e-02
21 15 3.301742160035855e-02 1.728303244018447e-02
22 15 3.148741191247048e-02 1.642561888161032e-02
23 15 3.151381252315727e-02 1.470816963845512e-02
24 15 3.006457120703546e-02 1.376874408694471e-02
25 15 3.025473608130667e-02 1.203007787531445e-02
26 15 2.885468997844711e-02 1.087643348356052e-02
27 15 2.929613032558054e-02 9.026040392646857e-03
28 15 2.790340693042142e-02 7.546877015830435e-03
29 15 2.866316846207866e-02 5.488337704382528e-03
30 15 2.721353547663748e-02 3.583627920463167e-03
31 15 2.833570977982771e-02 1.196090933556187e-03
32 15 2.671973575539787e-02 -1.226405778305763e-03
33 15 2.820899111843366e-02 -4.112783644888640e-03
34 15 2.623636287872603e-02 -7.127213818110403e-03
35 15 2.801392193239130e-02 -1.075676345232866e-02
36 15 2.536635097657828e-02 -1.437460742477468e-02
37 15 2.717281676402035e-02 -1.906889460962538e-02
38 15 2.337151169209314e-02 -2.311859249442411e-02
39 15 2.459592652807027e-02 -2.918049556755884e-02
0 16 -2.615908999709757e-02 4.530887295473949e-02
1 16 -2.508639316232601e-02 5.624866299282474e-02
2 16 -1.367928187917720e-02 5.894775557772872e-02
3 16 -6.677323296073894e-03 6.966812854818254e-02
4 16 5.513910260160427e-03 6.585507484034779e-02
5 16 1.669233897999089e-02 7.136083944549335e-02
6 16 2.459092102167469e-02 6.238936814063812e-02
7 16 3.488783465099003e-02 6.129371285527854e-02
8 16 3.672104744949190e-02 5.212621038723494e-02
9 16 4.323963286501178e-02 4.772498110403348e-02
10 16 4.147485235957202e-02 4.121686483413765e-02
11 16 4.467033143460133e-02 3.659519033250100e-02
12 16 4.191014510931816e-02 3.263838909833911e-02
13 16 4.314837438551584e-02 2.879866748785401e-02
14 16 4.046326874341675e-02 2.651450532390381e-02
15 16 4.073556839759757e-02 2.351869137994548e-02
16 16 3.841308140198205e-02 2.217780288783719e-02
17 16 3.828586616373569e-02 1.983136492088971e-02
18 16 3.633666239507440e-02 1.895529546086530e-02
19 16 3.611987786719499e-02 1.704333565089107e-02
20 16 3.448065220147160e-02 1.632861310660073e-02
21 16 3.435301174663307e-02 1.467345098209997e-02
22 16 3.295396481858676e-02 1.391829734016361e-02
23 16 3.303192279804325e-02 1.238168486331573e-02
24 16 3.181376859657298e-02 1.143840646580239e-02
25 16 3.218670759476096e-02 9.908840847794470e-03
26 16 3.109875690813689e-02 8.654106627971541e-03
27 16 3.184687013292874e-02 7.029234571557587e-03
28 16 3.083553775085067e-02 5.343325296882764e-03
29 16 3.203851240620306e-02 3.507092511159088e-03
30 16 3.102592268811945e-02 1.256755469040862e-03
31 16 3.276338988498482e-02 -9.535690423456524e-04
32 16 3.160878932355771e-02 -3.929050185424721e-03
33 16 3.394344220721514e-02 -6.774119399828710e-03
34 16 3.237164702485038e-02 -1.066324719202702e-02
35 16 3.528329158912001e-02 -1.457816097273068e-02
36 16 3.275808841192020e-02 -1.954280454370508e-02
37 16 3.594315340772828e-02 -2.521532143959366e-02
38 16 3.149874157726167e-02 -3.115768525935565e-02
39 16 3.386687671749548e-02 -3.942773366466334e-02
0 17 -3.724227133429173e-02 6.450550614025877e-02
1 17 -3.386915667846094e-02 8.364149235191899e-02
2 17 -1.335948857636615e-02 8.527544934361077e-02
3 17 3.590089769549406e-03 1.006651033472323e-01
4 17 2.145544782002130e-02 8.691214275492880e-02
5 17 4.097153488351717e-02 8.685876492673184e-02
6 17 4.516316896380095e-02 6.938211649740567e-02
7 17 5.642414255041447e-02 6.024026122007740e-02
8 17 5.178065872261001e-02 4.933604311832308e-02
9 17 5.587176359933843e-02 4.100459164182130e-02
10 17 5.044640909044384e-02 3.557572916279823e-02
11 17 5.127991071445005e-02 2.960647025500773e-02
12 17 4.687785481749306e-02 2.706494209791177e-02
13 17 4.651456483238045e-02 2.296825460593163e-02
14 17 4.319386955098694e-02 2.178496599000366e-02
15 17 4.250485716531623e-02 1.892544986469991e-02
16 17 4.001893002415084e-02 1.832763105321829e-02
17 17 3.936470781610980e-02 1.624151957027125e-02
18 17 3.748340311462661e-02 1.583135809032554e-02
19 17 3.702547303524033e-02 1.421230317563081e-02
20 17 3.558266194274108e-02 1.376556623190166e-02
21 17 3.540956265580958e-02 1.241218012414225e-02
22 17 3.429472305123182e-02 1.178283526815865e-02
23 17 3.447370618659573e-02 1.055738971210399e-02
24 17 3.361590561599007e-02 9.630021988032346e-03
25 17 3.421688004408917e-02 8.428617671828589e-03
26 17 3.356923257651616e-02 7.089575517723117e-03
27 17 3.467982196485078e-02 5.816478301530945e-03
28 17 3.420237192527358e-02 3.929009230261649e-03
29 17 3.594211421255382e-02 2.465982598256630e-03
30 17 3.557556589700549e-02 -1.599736696461272e-04
31 17 3.811156958570422e-02 -2.003677252349935e-03
32 17 3.772350169729181e-02 -5.654216123522936e-03
33 17 4.127948913269675e-02 -8.239762034343160e-03
34 17 4.053678886105835e-02 -1.335159105663771e-02
35 17 4.534692609066311e-02 -1.741410490066360e-02
36 17 4.340349033964825e-02 -2.459110383501802e-02
37 17 4.939308275696675e-02 -3.162253892233640e-02
38 17 4.421061288680063e-02 -4.132048340175992e-02
39 17 4.955545361877254e-02 -5.387295913544812e-02
0 18 -5.887419350379507e-02 1.019730944032142e-01
1 18 -4.240723351646425e-02 1.454516627824064e-01
2 18 2.669457178893487e-03 1.334591223451784e-01
3 18 4.683037824478912e-02 1.470097320286652e-01
4 18 6.415471807194011e-02 1.051117253623951e-01
5 18 8.740442510532476e-02 8.058294066366148e-02
6 18 7.227622069704047e-02 6.041720922093814e-02
7 18 7.616966419829899e-02 4.397657612897116e-02
8 18 6.460225377533238e-02 3.729812860744471e-02
9 18 6.344689983329370e-02 2.788407081035507e-02
10 18 5.603268975836002e-02 2.590000722062744e-02
11 18 5.402753020157334e-02 2.038804665158490e-02
12 18 4.922074665242180e-02 1.997605579179203e-02
13 18 4.739114812982258e-02 1.657220199650048e-02
14 18 4.416933566644585e-02 1.664885878535004e-02
15 18 4.273728765223558e-02 1.442066671465039e-02
16 18 4.051722801577626e-02 1.456750510491044e-02
17 18 3.951488501292752e-02 1.301599709486095e-02
18 18 3.796428410854276e-02 1.304353758446190e-02
19 18 3.739079311277480e-02 1.188733563152669e-02
20 18 3.631894436199885e-02 1.168875600169833e-02
21 18 3.618246905558205e-02 1.076091638016285e-02
22 18 3.548309297150846e-02 1.025596358133975e-02
23 18 3.581469497129619e-02 9.452098385356711e-03
24 18 3.543585959196228e-02 8.559244467173556e-03
25 18 3.629947941408745e-02 7.807664212577430e-03
26 18 3.622696366687218e-02 6.421745495981607e-03
27 18 3.773507557924222e-02 5.660278243771027e-03
28 18 3.798100897228603e-02 3.622627271566739e-03
29 18 4.032431585434097e-02 2.769292827766180e-03
30 18 4.091180077552840e-02 -1.849676798092633e-04
31 18 4.441666622245821e-02 -1.289888463588820e-03
32 18 4.533641830177487e-02 -5.636466957575178e-03
33 18 5.057503910104000e-02 -7.378621216857739e-03
34 18 5.162758739087118e-02 -1.402170768796159e-02
35 18 5.960750055641658e-02 -1.745022481810319e-02
36 18 5.978912290994707e-02 -2.815235106068736e-02
37 18 7.203858615068304e-02 -3.635488957552989e-02
38 18 6.717096116251725e-02 -5.420738116050632e-02
39 18 8.307862624668473e-02 -7.594243730542106e-02
0 19 -1.212281782213436e-01 2.099733639883816e-01
1 19 8.817087509290800e-04 3.584905929869938e-01
2 19 1.238684374828973e-01 2.115089582185544e-01
3 19 1.905417444758416e-01 1.100093274649879e-01
4 19 1.194955762889381e-01 6.899080313738799e-02
5 19 1.134890862790475e-01 3.540298221255463e-02
6 19 8.846094835961200e-02 3.238443860269873e-02
7 19 8.038166782240500e-02 1.874461022537467e-02
8 19 6.861659602397710e-02 2.017534431931108e-02
9 19 6.295086246373137e-02 1.358412995939601e-02
10 19 5.643227819049848e-02 1.530984334452945e-02
11 19 5.258179523575481e-02 1.171315228233463e-02
12 19 4.861845193074271e-02 1.314771731234258e-02
13 19 4.598085369168260e-02 1.101764185979867e-02
14 19 4.344678782458852e-02 1.208927745983134e-02
15 19 4.166727409753688e-02 1.075118990176702e-02
16 19 4.002062735628365e-02 1.146436765627553e-02
17 19 3.890377436365972e-02 1.058296757531923e-02
18 19 3.786283985984671e-02 1.094367242165480e-02
19 19 3.730859455345915e-02 1.033964943903474e-02
20 19 3.672606423813885e-02 1.034096092266080e-02
21 19 3.669746285356910e-02 9.916844988803268e-03
22 19 3.650706096974673e-02 9.533962840297380e-03
23 19 3.701817227386993e-02 9.241157346651192e-03
24 19 3.721290175113201e-02 8.424197379633944e-03
25 19 3.833223165114531e-02 8.247355326318435e-03
26 19 3.896040718403931e-02 6.905819109514893e-03
27 19 4.083249037845698e-02 6.854896196180807e-03
28 19 4.200894438499255e-02 4.824131143103369e-03
29 19 4.490797914762613e-02 4.928165644341971e-03
30 19 4.684536539982123e-02 1.894092257250344e-03
31 19 5.130160451333711e-02 2.185271249955185e-03
32 19 5.437346568610379e-02 -2.500411454718887e-03
33 19 6.149804809069823e-02 -2.063018334351955e-03
34 19 6.632623824668958e-02 -9.898321763092079e-03
35 19 7.879332114842046e-02 -9.868175958845801e-03
36 19 8.599584743311880e-02 -2.487510851575444e-02
37 19 1.118035325768248e-01 -2.937300131300816e-02
38 19 1.169137189071470e-01 -6.441774344135252e-02
39 19 1.887977949389092e-01 -1.069606186742140e-01
