0 0 7.487500000000015e-01 -6.218417607547423e-18
1 0 1.077478020945530e-01 5.370534092519274e-17
2 0 -1.249999999998923e-03 5.543323961000624e-02
3 0 1.173461466188338e-02 1.008128982878368e-17
4 0 -1.250000000000108e-03 1.045321498782961e-02
5 0 8.818083425449258e-04 -9.177470685688149e-18
6 0 -1.250000000001090e-03 3.068414265252195e-03
7 0 -7.277943114481169e-04 -2.081162433476858e-17
8 0 -1.250000000000062e-03 1.259440696105419e-03
9 0 -1.068780775026190e-03 -1.763923976587443e-17
10 0 -1.249999999999636e-03 6.316788861810066e-04
11 0 -1.169752780079115e-03 2.704574285164710e-18
12 0 -1.249999999999373e-03 3.536943620398306e-04
13 0 -1.207679240816707e-03 4.580163111742963e-17
14 0 -1.249999999999182e-03 2.070909517937077e-04
15 0 -1.224096190308252e-03 9.013830045149966e-17
16 0 -1.249999999999902e-03 1.173575227969034e-04
17 0 -1.231571691710233e-03 9.586282963529247e-17
18 0 -1.250000000000316e-03 5.351999028396701e-05
19 0 -1.234550109600780e-03 5.132317847510681e-17
20 0 -1.250000000000729e-03 -1.354459264192023e-17
21 0 -1.234550109600683e-03 -5.881612693362259e-18
22 0 -1.250000000000476e-03 -5.351999028400075e-05
23 0 -1.231571691710029e-03 -2.681768731668587e-17
24 0 -1.250000000000074e-03 -1.173575227969442e-04
25 0 -1.224096190308133e-03 -5.579320655887512e-18
26 0 -1.249999999999211e-03 -2.070909517937336e-04
27 0 -1.207679240816780e-03 1.959354058141582e-17
28 0 -1.249999999999244e-03 -3.536943620398191e-04
29 0 -1.169752780079304e-03 1.458412567373512e-17
30 0 -1.249999999999489e-03 -6.316788861809538e-04
31 0 -1.068780775026301e-03 -8.964038400335933e-18
32 0 -1.250000000000063e-03 -1.259440696105344e-03
33 0 -7.277943114479791e-04 -1.273629056507103e-17
34 0 -1.250000000001294e-03 -3.068414265252127e-03
35 0 8.818083425452875e-04 2.404804974104673e-17
36 0 -1.250000000000407e-03 -1.045321498782956e-02
37 0 1.173461466188380e-02 8.463132569868452e-17
38 0 -1.249999999999155e-03 -5.543323961000622e-02
39 0 1.077478020945533e-01 8.239299142209562e-17
0 1 -1.249999999999177e-03 -5.543323961000630e-02
1 1 1.173461466188357e-02 8.746901118348266e-17
2 1 -1.249999999999347e-03 -2.634750397439243e-17
3 1 4.481921519863197e-03 2.102236684311840e-17
4 1 -1.249999999999923e-03 2.108818025858973e-03
5 1 8.293415551589375e-04 -1.374941411086712e-17
6 1 -1.250000000000713e-03 1.240096927930993e-03
7 1 -4.203122371576615e-04 -7.957968620152466e-18
8 1 -1.250000000000331e-03 6.881785846689936e-04
9 1 -8.699484215811999e-04 2.558610851956473e-17
10 1 -1.249999999999845e-03 4.002905448011474e-04
11 1 -1.051119363359614e-03 6.795522943566452e-17
12 1 -1.249999999998873e-03 2.414076223300473e-04
13 1 -1.131824074408220e-03 1.015517642069099e-16
14 1 -1.249999999999004e-03 1.443392906325564e-04
15 1 -1.169886896134585e-03 1.039209565966649e-16
16 1 -1.249999999999849e-03 7.742780671963805e-05
17 1 -1.187183721053161e-03 6.628808116416215e-17
18 1 -1.250000000000526e-03 2.445340273411935e-05
19 1 -1.192195573646833e-03 1.509918392678843e-17
20 1 -1.250000000000628e-03 -2.445340273417426e-05
21 1 -1.187183721052989e-03 -3.657970781722320e-18
22 1 -1.250000000000057e-03 -7.742780671973866e-05
23 1 -1.169886896134417e-03 2.579555252160799e-17
24 1 -1.249999999999112e-03 -1.443392906327004e-04
25 1 -1.131824074408238e-03 6.852420441526091e-17
26 1 -1.249999999998764e-03 -2.414076223301841e-04
27 1 -1.051119363359832e-03 7.264380238572057e-17
28 1 -1.249999999999600e-03 -4.002905448012175e-04
29 1 -8.699484215814421e-04 3.379552986718833e-17
30 1 -1.250000000000170e-03 -6.881785846689820e-04
31 1 -4.203122371577060e-04 -1.915373762086640e-18
32 1 -1.250000000000805e-03 -1.240096927930941e-03
33 1 8.293415551591843e-04 1.560038905992980e-17
34 1 -1.250000000000252e-03 -2.108818025858964e-03
35 1 4.481921519863609e-03 7.997405812169732e-17
36 1 -1.249999999999683e-03 -7.214184492777713e-17
37 1 1.173461466188396e-02 1.388991466942817e-16
38 1 -1.249999999999199e-03 5.543323961000613e-02
39 1 -4.623901047277579e-02 1.352523778571605e-16
0 2 -1.250000000000461e-03 -1.045321498782963e-02
1 2 8.818083425452338e-04 3.444870587225389e-17
2 2 -1.250000000000072e-03 -2.108818025858939e-03
3 2 8.293415551590325e-04 -2.610606093232427e-17
4 2 -1.250000000000498e-03 4.227318362320583e-17
5 2 -6.891553801187424e-05 -3.430807887726253e-17
6 2 -1.250000000001267e-03 3.157299956995870e-04
7 2 -6.157759320364884e-04 6.900819858152849e-18
8 2 -1.250000000000527e-03 2.818344572955680e-04
9 2 -8.939494418287551e-04 5.636707575328072e-17
10 2 -1.250000000000108e-03 2.049493562924424e-04
11 2 -1.033562221443510e-03 8.187325610406734e-17
12 2 -1.249999999999517e-03 1.380812284207950e-04
13 2 -1.104600534389155e-03 6.817593079619809e-17
14 2 -1.249999999999906e-03 8.467061173456982e-05
15 2 -1.140045164940185e-03 2.146423478028071e-17
16 2 -1.250000000000623e-03 4.022602213540204e-05
17 2 -1.154852890287759e-03 -3.040677037096177e-17
18 2 -1.250000000000985e-03 2.278294637036396e-17
19 2 -1.154852890287679e-03 -4.700473971203827e-17
20 2 -1.250000000000775e-03 -4.022602213540295e-05
21 2 -1.140045164940034e-03 -8.106772790394724e-18
22 2 -1.250000000000051e-03 -8.467061173467144e-05
23 2 -1.104600534389102e-03 5.607051076064877e-17
24 2 -1.249999999999489e-03 -1.380812284209666e-04
25 2 -1.033562221443646e-03 8.719809713594443e-17
26 2 -1.249999999999897e-03 -2.049493562925930e-04
27 2 -8.939494418290021e-04 5.626618627099469e-17
28 2 -1.250000000000289e-03 -2.818344572956174e-04
29 2 -6.157759320366643e-04 -2.907227911612300e-18
30 2 -1.250000000001202e-03 -3.157299956995383e-04
31 2 -6.891553801183066e-05 -2.485689487716641e-17
32 2 -1.250000000000679e-03 1.567012880462530e-17
33 2 8.293415551592795e-04 2.708967012209665e-17
34 2 -1.250000000000385e-03 2.108818025858895e-03
35 2 8.818083425455338e-04 1.106448259091280e-16
36 2 -1.250000000000672e-03 1.045321498782946e-02
37 2 -8.199448174764465e-03 1.547026677142909e-16
38 2 -1.249999999999662e-03 -1.314828929907416e-16
39 2 -8.199448174764607e-03 1.202057047201676e-16
0 3 -1.250000000001396e-03 -3.068414265252135e-03
1 3 -7.277943114478902e-04 -5.243078629845499e-17
2 3 -1.250000000000810e-03 -1.240096927930884e-03
3 3 -4.203122371576672e-04 -8.322017063324965e-17
4 3 -1.250000000001223e-03 -3.157299956994948e-04
5 3 -6.157759320365962e-04 -4.463042307098255e-17
6 3 -1.250000000000383e-03 1.385500742905700e-17
7 3 -8.257540216041090e-04 1.800994185967659e-17
8 3 -1.250000000000317e-03 8.185826231205343e-05
9 3 -9.675366909483333e-04 4.991125252764666e-17
10 3 -1.250000000000754e-03 8.622402259567513e-05
11 3 -1.052343223725358e-03 2.635141993229247e-17
12 3 -1.250000000000550e-03 6.689646693973600e-05
13 3 -1.099941625683448e-03 -3.613204412193084e-17
14 3 -1.250000000000492e-03 4.105285555898809e-05
15 3 -1.123805322092990e-03 -9.940810921285937e-17
16 3 -1.250000000000545e-03 1.375145606472764e-05
17 3 -1.131034669705808e-03 -1.210479964094151e-16
18 3 -1.250000000000602e-03 -1.375145606453659e-05
19 3 -1.123805322092922e-03 -8.195075144498146e-17
20 3 -1.250000000000600e-03 -4.105285555890722e-05
21 3 -1.099941625683394e-03 -5.696514030970078e-18
22 3 -1.250000000000581e-03 -6.689646693979276e-05
23 3 -1.052343223725397e-03 5.107037111222412e-17
24 3 -1.250000000000649e-03 -8.622402259579249e-05
25 3 -9.675366909484625e-04 4.210598326799463e-17
26 3 -1.250000000000146e-03 -8.185826231211143e-05
27 3 -8.257540216042490e-04 -2.021725865076284e-17
28 3 -1.250000000000266e-03 5.656496869123614e-17
29 3 -6.157759320366563e-04 -7.450317786557184e-17
30 3 -1.250000000001235e-03 3.157299956996491e-04
31 3 -4.203122371576236e-04 -6.173772396747249e-17
32 3 -1.250000000000944e-03 1.240096927930998e-03
33 3 -7.277943114477932e-04 1.303071768007756e-17
34 3 -1.250000000001543e-03 3.068414265252102e-03
35 3 -2.827785195418360e-03 8.888972505065757e-17
36 3 -1.250000000000291e-03 2.108818025858849e-03
37 3 -4.546868210058739e-03 9.501181109509822e-17
38 3 -1.250000000000232e-03 -2.108818025859015e-03
39 3 -2.827785195418439e-03 2.880348536600768e-17
0 4 -1.250000000000198e-03 -1.259440696105271e-03
1 4 -1.068780775026165e-03 -1.162468577288224e-16
2 4 -1.250000000000245e-03 -6.881785846688641e-04
3 4 -8.699484215814115e-04 -9.451433642269299e-17
4 4 -1.250000000000287e-03 -2.818344572955250e-04
5 4 -8.939494418290614e-04 -2.662123002569080e-17
6 4 -1.250000000000131e-03 -8.185826231209468e-05
7 4 -9.675366909485284e-04 2.312994614714657e-17
8 4 -1.250000000000235e-03 -2.657926293997409e-17
9 4 -1.032074546139410e-03 1.155117588224055e-17
10 4 -1.250000000000137e-03 2.555882160806112e-05
11 4 -1.076343723746585e-03 -5.210134509193319e-17
12 4 -1.250000000000172e-03 2.579126172112885e-05
13 4 -1.102511785205052e-03 -1.232965221094661e-16
14 4 -1.249999999999857e-03 1.498131475867052e-05
15 4 -1.114445796736867e-03 -1.542809028197676e-16
16 4 -1.250000000000021e-03 1.545246021792807e-16
17 4 -1.114445796736880e-03 -1.249270487099914e-16
18 4 -1.249999999999870e-03 -1.498131475842453e-05
19 4 -1.102511785205087e-03 -5.275340772878326e-17
20 4 -1.250000000000167e-03 -2.579126172102628e-05
21 4 -1.076343723746629e-03 1.238201153147395e-17
22 4 -1.250000000000101e-03 -2.555882160807812e-05
23 4 -1.032074546139438e-03 2.311227072229980e-17
24 4 -1.250000000000190e-03 -7.002710401875338e-19
25 4 -9.675366909485296e-04 -2.916895079138352e-17
26 4 -1.250000000000105e-03 8.185826231217017e-05
27 4 -8.939494418290650e-04 -9.966424427264854e-17
28 4 -1.250000000000265e-03 2.818344572957304e-04
29 4 -8.699484215814558e-04 -1.240248037351938e-16
30 4 -1.250000000000203e-03 6.881785846691108e-04
31 4 -1.068780775026261e-03 -7.948904387155842e-17
32 4 -1.250000000000148e-03 1.259440696105431e-03
33 4 -1.761037558788509e-03 -1.902574994555315e-18
34 4 -1.250000000000748e-03 1.240096927930941e-03
35 4 -2.613371259995529e-03 3.876723580386552e-17
36 4 -1.250000000000489e-03 -3.019555318846193e-17
37 4 -2.613371259995475e-03 4.445224674771791e-18
38 4 -1.250000000000783e-03 -1.240096927930928e-03
39 4 -1.761037558788395e-03 -7.008244861218760e-17
0 5 -1.249999999999614e-03 -6.316788861808456e-04
1 5 -1.169752780079231e-03 -9.784188882212439e-17
2 5 -1.249999999999580e-03 -4.002905448010810e-04
3 5 -1.051119363359967e-03 -4.366513986638826e-17
4 5 -1.249999999999705e-03 -2.049493562924865e-04
5 5 -1.033562221443938e-03 1.209160922106145e-17
6 5 -1.250000000000419e-03 -8.622402259574616e-05
7 5 -1.052343223725656e-03 2.129687512967451e-17
8 5 -1.249999999999997e-03 -2.555882160805269e-05
9 5 -1.076343723746678e-03 -2.163868881706435e-17
10 5 -1.250000000000266e-03 6.020257312701640e-17
11 5 -1.094847437981174e-03 -7.946738425815639e-17
12 5 -1.249999999999971e-03 6.258111460944161e-06
13 5 -1.105686804991028e-03 -1.091034756429350e-16
14 5 -1.249999999999722e-03 3.034203745749255e-06
15 5 -1.109190401689898e-03 -8.995765481826500e-17
16 5 -1.249999999999671e-03 -3.034203745511706e-06
17 5 -1.105686804991158e-03 -3.522344987728886e-17
18 5 -1.249999999999856e-03 -6.258111460792763e-06
19 5 -1.094847437981330e-03 1.933511928511650e-17
20 5 -1.250000000000173e-03 -2.016942742327043e-17
21 5 -1.076343723746734e-03 3.637092374230019e-17
22 5 -1.250000000000004e-03 2.555882160803754e-05
23 5 -1.052343223725562e-03 1.165839312000988e-18
24 5 -1.250000000000518e-03 8.622402259577773e-05
25 5 -1.033562221443791e-03 -6.320580798245037e-17
26 5 -1.249999999999796e-03 2.049493562926352e-04
27 5 -1.051119363359923e-03 -1.086939668970908e-16
28 5 -1.249999999999542e-03 4.002905448013231e-04
29 5 -1.169752780079372e-03 -1.023842745035785e-16
30 5 -1.249999999999420e-03 6.316788861810809e-04
31 5 -1.463839341105137e-03 -5.237542678573702e-17
32 5 -1.249999999999954e-03 6.881785846690287e-04
33 5 -1.864654469741469e-03 -6.209303174593974e-18
34 5 -1.250000000000891e-03 3.157299956995753e-04
35 5 -2.066510865971138e-03 -7.614912174288397e-18
36 5 -1.250000000000988e-03 -3.157299956995261e-04
37 5 -1.864654469741262e-03 -5.484731125351019e-17
38 5 -1.250000000000174e-03 -6.881785846688886e-04
39 5 -1.463839341104874e-03 -1.009030565775466e-16
0 6 -1.249999999999318e-03 -3.536943620397697e-04
1 6 -1.207679240816808e-03 -4.516306535449882e-18
2 6 -1.249999999998585e-03 -2.414076223301096e-04
3 6 -1.131824074408543e-03 3.231020726598346e-17
4 6 -1.249999999999112e-03 -1.380812284209101e-04
5 6 -1.104600534389523e-03 4.090749703223062e-17
6 6 -1.250000000000239e-03 -6.689646693978029e-05
7 6 -1.099941625683657e-03 1.733957055877607e-17
8 6 -1.250000000000068e-03 -2.579126172103821e-05
9 6 -1.102511785205046e-03 -1.314787063967881e-17
10 6 -1.250000000000010e-03 -6.258111460780403e-06
11 6 -1.105686804990927e-03 -2.104944398677039e-17
12 6 -1.249999999999278e-03 5.104154748198592e-17
13 6 -1.107438603340294e-03 2.243703558450544e-18
14 6 -1.249999999998825e-03 2.411586608805168e-17
15 6 -1.107438603340418e-03 3.985693013169094e-17
16 6 -1.249999999999090e-03 -2.085951812638252e-17
17 6 -1.105686804991197e-03 6.965096289369339e-17
18 6 -1.249999999999786e-03 6.258111460767786e-06
19 6 -1.102511785205234e-03 7.599904814066458e-17
20 6 -1.249999999999995e-03 2.579126172098824e-05
21 6 -1.099941625683607e-03 5.449438388299147e-17
22 6 -1.250000000000375e-03 6.689646693973295e-05
23 6 -1.104600534389283e-03 1.588250066062463e-17
24 6 -1.249999999999339e-03 1.380812284209169e-04
25 6 -1.131824074408329e-03 -1.999124708370358e-17
26 6 -1.249999999998688e-03 2.414076223301921e-04
27 6 -1.207679240816817e-03 -3.432707344461549e-17
28 6 -1.249999999999175e-03 3.536943620398963e-04
29 6 -1.357149538583680e-03 -2.394965741444005e-17
30 6 -1.249999999999350e-03 4.002905448012188e-04
31 6 -1.561660924411083e-03 -5.737741199766670e-18
32 6 -1.249999999999919e-03 2.818344572956117e-04
33 6 -1.721506868176085e-03 -1.529337934117015e-18
34 6 -1.249999999999945e-03 2.086844348653306e-17
35 6 -1.721506868175947e-03 -1.878305887659204e-17
36 6 -1.250000000000154e-03 -2.818344572955452e-04
37 6 -1.561660924410774e-03 -3.885191720309999e-17
38 6 -1.249999999999647e-03 -4.002905448011060e-04
39 6 -1.357149538583433e-03 -3.627617779498145e-17
0 7 -1.249999999999233e-03 -2.070909517938117e-04
1 7 -1.224096190308217e-03 8.780835459379939e-17
2 7 -1.249999999998839e-03 -1.443392906327257e-04
3 7 -1.169886896134754e-03 6.785784035746983e-17
4 7 -1.249999999999650e-03 -8.467061173468510e-05
5 7 -1.140045164940370e-03 3.362584352031279e-17
6 7 -1.250000000000353e-03 -4.105285555896407e-05
7 7 -1.123805322092992e-03 1.590050712552982e-17
8 7 -1.249999999999938e-03 -1.498131475854052e-05
9 7 -1.114445796736644e-03 3.516957418308822e-17
10 7 -1.249999999999945e-03 -3.034203745647901e-06
11 7 -1.109190401689585e-03 7.922508873441314e-17
12 7 -1.249999999999010e-03 -7.044791335552706e-17
13 7 -1.107438603340208e-03 1.148445073318516e-16
14 7 -1.249999999998870e-03 -9.549753179140887e-17
15 7 -1.109190401689851e-03 1.199344945933233e-16
16 7 -1.249999999999645e-03 3.034203745511172e-06
17 7 -1.114445796736942e-03 1.004428441340049e-16
18 7 -1.249999999999735e-03 1.498131475843510e-05
19 7 -1.123805322093065e-03 7.887976505015006e-17
20 7 -1.250000000000418e-03 4.105285555886742e-05
21 7 -1.140045164940158e-03 7.009234522177458e-17
22 7 -1.249999999999926e-03 8.467061173457913e-05
23 7 -1.169886896134440e-03 7.240482368732764e-17
24 7 -1.249999999999098e-03 1.443392906326131e-04
25 7 -1.224096190308050e-03 7.375772583320914e-17
26 7 -1.249999999999269e-03 2.070909517937147e-04
27 7 -1.312133498157518e-03 6.314379000475780e-17
28 7 -1.249999999998638e-03 2.414076223300951e-04
29 7 -1.427831446930417e-03 3.994505809270210e-17
30 7 -1.249999999999632e-03 2.049493562925019e-04
31 7 -1.534983881926984e-03 1.495111758330826e-17
32 7 -1.249999999999884e-03 8.185826231209358e-05
33 7 -1.579724198832231e-03 4.440589025730886e-18
34 7 -1.250000000000005e-03 -8.185826231209419e-05
35 7 -1.534983881926782e-03 1.729579970019187e-17
36 7 -1.249999999999897e-03 -2.049493562925266e-04
37 7 -1.427831446930166e-03 4.844175772541213e-17
38 7 -1.249999999998840e-03 -2.414076223301574e-04
39 7 -1.312133498157429e-03 7.854068668771827e-17
0 8 -1.250000000000087e-03 -1.173575227971103e-04
1 8 -1.231571691710094e-03 1.021285370597094e-16
2 8 -1.249999999999825e-03 -7.742780671980001e-05
3 8 -1.187183721053206e-03 2.985742128242926e-17
4 8 -1.250000000000533e-03 -4.022602213543488e-05
5 8 -1.154852890287786e-03 -8.610902240916906e-18
6 8 -1.250000000000595e-03 -1.375145606464010e-05
7 8 -1.131034669705634e-03 1.588501348179376e-17
8 8 -1.250000000000295e-03 -5.459071181218552e-17
9 8 -1.114445796736487e-03 8.069721044653927e-17
10 8 -1.250000000000084e-03 3.034203745500035e-06
11 8 -1.105686804990689e-03 1.309104635353437e-16
12 8 -1.249999999999464e-03 -1.347016441726989e-16
13 8 -1.105686804990827e-03 1.266176311931751e-16
14 8 -1.249999999999842e-03 -3.034203745723948e-06
15 8 -1.114445796736774e-03 8.055440062818344e-17
16 8 -1.250000000000030e-03 -7.282059547478625e-17
17 8 -1.131034669705796e-03 3.997379469185751e-17
18 8 -1.250000000000550e-03 1.375145606457594e-05
19 8 -1.154852890287673e-03 4.286929248745013e-17
20 8 -1.250000000000754e-03 4.022602213534712e-05
21 8 -1.187183721052911e-03 8.633918721177196e-17
22 8 -1.250000000000140e-03 7.742780671962268e-05
23 8 -1.231571691709842e-03 1.317394346229102e-16
24 8 -1.250000000000273e-03 1.173575227968546e-04
25 8 -1.291481740616628e-03 1.379991691810461e-16
26 8 -1.249999999999158e-03 1.443392906325495e-04
27 8 -1.364562831689481e-03 9.373223266456202e-17
28 8 -1.249999999999413e-03 1.380812284208268e-04
29 8 -1.436498006814538e-03 2.797698245460753e-17
30 8 -1.250000000000554e-03 8.622402259572228e-05
31 8 -1.482681846395120e-03 -9.877188286004823e-18
32 8 -1.250000000000200e-03 1.119881580097086e-19
33 8 -1.482681846395059e-03 1.382380511543421e-17
34 8 -1.250000000000690e-03 -8.622402259577354e-05
35 8 -1.436498006814396e-03 8.214301695937192e-17
36 8 -1.249999999999577e-03 -1.380812284209913e-04
37 8 -1.364562831689375e-03 1.441100572730585e-16
38 8 -1.249999999999189e-03 -1.443392906328034e-04
39 8 -1.291481740616686e-03 1.529016344218021e-16
0 9 -1.250000000000521e-03 -5.351999028411972e-05
1 9 -1.234550109600679e-03 2.223243567897117e-17
2 9 -1.250000000000529e-03 -2.445340273415660e-05
3 9 -1.192195573646885e-03 -5.555356630814266e-17
4 9 -1.250000000000948e-03 4.883145980719634e-17
5 9 -1.154852890287688e-03 -5.602114569128279e-17
6 9 -1.250000000000719e-03 1.375145606463743e-05
7 9 -1.123805322092735e-03 9.069488796423859e-18
8 9 -1.250000000000199e-03 1.498131475845528e-05
9 9 -1.102511785204710e-03 7.550779905710252e-17
10 9 -1.250000000000310e-03 6.258111460714437e-06
11 9 -1.094847437980891e-03 8.260785301206032e-17
12 9 -1.250000000000204e-03 -6.258111460904313e-06
13 9 -1.102511785204878e-03 2.690669838345798e-17
14 9 -1.249999999999995e-03 -1.498131475853906e-05
15 9 -1.123805322092884e-03 -3.704854860851222e-17
16 9 -1.250000000000629e-03 -1.375145606460345e-05
17 9 -1.154852890287651e-03 -4.942382201856031e-17
18 9 -1.250000000001079e-03 5.995099083362061e-18
19 9 -1.192195573646683e-03 5.075738970189349e-18
20 9 -1.250000000000784e-03 2.445340273410393e-05
21 9 -1.234550109600476e-03 8.668845299915836e-17
22 9 -1.250000000000721e-03 5.351999028390582e-05
23 9 -1.282231492544379e-03 1.334169674862135e-16
24 9 -1.250000000000174e-03 7.742780671959270e-05
25 9 -1.334294739290102e-03 1.069355709817615e-16
26 9 -1.250000000000089e-03 8.467061173455716e-05
27 9 -1.385137558328921e-03 2.368522635244964e-17
28 9 -1.250000000000620e-03 6.689646693976115e-05
29 9 -1.423790475614229e-03 -5.113757821012262e-17
30 9 -1.250000000000217e-03 2.555882160810233e-05
31 9 -1.438412668787984e-03 -5.358412550589314e-17
32 9 -1.250000000000238e-03 -2.555882160804073e-05
33 9 -1.423790475614210e-03 2.496407679893636e-17
34 9 -1.250000000000676e-03 -6.689646693984075e-05
35 9 -1.385137558328877e-03 1.253327481261537e-16
36 9 -1.250000000000135e-03 -8.467061173480314e-05
37 9 -1.334294739290077e-03 1.692105678541085e-16
38 9 -1.250000000000120e-03 -7.742780671989609e-05
39 9 -1.282231492544459e-03 1.228548914313726e-16
0 10 -1.250000000000806e-03 3.566903372857091e-17
1 10 -1.234550109600733e-03 -8.918581117361148e-17
2 10 -1.250000000000522e-03 2.445340273427793e-05
3 10 -1.187183721053160e-03 -1.222737304889481e-16
4 10 -1.250000000000652e-03 4.022602213551686e-05
5 10 -1.140045164940157e-03 -7.878865389972826e-17
6 10 -1.250000000000617e-03 4.105285555896352e-05
7 10 -1.099941625683369e-03 -1.050370339725552e-17
8 10 -1.250000000000358e-03 2.579126172100951e-05
9 10 -1.076343723746464e-03 1.599798118353470e-17
10 10 -1.250000000000467e-03 -2.548458531558818e-17
11 10 -1.076343723746507e-03 -2.449631561890672e-17
12 10 -1.250000000000271e-03 -2.579126172100313e-05
13 10 -1.099941625683429e-03 -9.264688244102182e-17
14 10 -1.250000000000566e-03 -4.105285555883511e-05
15 10 -1.140045164940129e-03 -1.273781440947342e-16
16 10 -1.250000000000732e-03 -4.022602213531078e-05
17 10 -1.187183721053046e-03 -9.735168616155692e-17
18 10 -1.250000000000675e-03 -2.445340273412043e-05
19 10 -1.234550109600650e-03 -2.243372434567092e-17
20 10 -1.250000000000903e-03 -3.616431313053850e-17
21 10 -1.279568069049021e-03 4.454108004126182e-17
22 10 -1.250000000000667e-03 2.445340273408582e-05
23 10 -1.321922605002861e-03 5.487561353466680e-17
24 10 -1.250000000000763e-03 4.022602213536584e-05
25 10 -1.360432207558893e-03 -2.893806864559341e-18
26 10 -1.250000000000639e-03 4.105285555897242e-05
27 10 -1.391247089005366e-03 -8.644757623650315e-17
28 10 -1.250000000000301e-03 2.579126172115340e-05
29 10 -1.408765684355547e-03 -1.249978991617230e-16
30 10 -1.250000000000398e-03 1.060391719564662e-16
31 10 -1.408765684355585e-03 -7.674264020041150e-17
32 10 -1.250000000000262e-03 -2.579126172102930e-05
33 10 -1.391247089005419e-03 2.634265985023223e-17
34 10 -1.250000000000629e-03 -4.105285555903477e-05
35 10 -1.360432207558868e-03 1.048876623864397e-16
36 10 -1.250000000000802e-03 -4.022602213555540e-05
37 10 -1.321922605002774e-03 9.548106433026841e-17
38 10 -1.250000000000673e-03 -2.445340273424310e-05
39 10 -1.279568069048989e-03 7.353344598070969e-18
0 11 -1.250000000000378e-03 5.351999028417243e-05
1 11 -1.231571691710212e-03 -1.410751894964638e-16
2 11 -1.249999999999809e-03 7.742780671988247e-05
3 11 -1.169886896134703e-03 -1.206971528652554e-16
4 11 -1.249999999999784e-03 8.467061173473480e-05
5 11 -1.104600534389387e-03 -6.706396607612157e-17
6 11 -1.250000000000398e-03 6.689646693978963e-05
7 11 -1.052343223725605e-03 -3.317724717754850e-17
8 11 -1.250000000000031e-03 2.555882160807465e-05
9 11 -1.032074546139538e-03 -4.741612910903798e-17
10 11 -1.250000000000029e-03 -2.555882160798556e-05
11 11 -1.052343223725575e-03 -9.147070422296174e-17
12 11 -1.250000000000423e-03 -6.689646693963184e-05
13 11 -1.104600534389308e-03 -1.248939071323733e-16
14 11 -1.249999999999870e-03 -8.467061173449257e-05
15 11 -1.169886896134615e-03 -1.233634338070405e-16
16 11 -1.249999999999894e-03 -7.742780671961344e-05
17 11 -1.231571691710227e-03 -9.204072393046744e-17
18 11 -1.250000000000353e-03 -5.351999028396950e-05
19 11 -1.282231492544837e-03 -5.407996183113654e-17
20 11 -1.250000000000394e-03 -2.445340273414686e-05
21 11 -1.321922605003145e-03 -3.366302240650133e-17
22 11 -1.250000000000802e-03 1.475321024412953e-17
23 11 -1.353086516571975e-03 -4.825641827416672e-17
24 11 -1.250000000000521e-03 1.375145606468810e-05
25 11 -1.376904737154057e-03 -9.342535630091946e-17
26 11 -1.249999999999936e-03 1.498131475864695e-05
27 11 -1.392451871022771e-03 -1.343555937315575e-16
28 11 -1.250000000000013e-03 6.258111460976271e-06
29 11 -1.397926317346581e-03 -1.272995466595401e-16
30 11 -1.249999999999949e-03 -6.258111460713861e-06
31 11 -1.392451871022896e-03 -6.584484844678003e-17
32 11 -1.249999999999835e-03 -1.498131475850706e-05
33 11 -1.376904737154134e-03 4.928024187765586e-18
34 11 -1.250000000000538e-03 -1.375145606467854e-05
35 11 -1.353086516571863e-03 2.465662164810598e-17
36 11 -1.250000000000957e-03 -3.023323341784312e-17
37 11 -1.321922605002908e-03 -2.395338635272580e-17
38 11 -1.250000000000548e-03 2.445340273422308e-05
39 11 -1.282231492544661e-03 -9.947964199005961e-17
0 12 -1.249999999999911e-03 1.173575227971211e-04
1 12 -1.224096190308311e-03 -8.946815690133226e-17
2 12 -1.249999999998814e-03 1.443392906327638e-04
3 12 -1.131824074408543e-03 -5.534333331770555e-17
4 12 -1.249999999999123e-03 1.380812284209424e-04
5 12 -1.033562221444017e-03 -3.543869991640385e-17
6 12 -1.250000000000288e-03 8.622402259577080e-05
7 12 -9.675366909488110e-04 -4.036119060098972e-17
8 12 -1.249999999999915e-03 5.681858878047820e-17
9 12 -9.675366909487504e-04 -5.377543173116499e-17
10 12 -1.250000000000377e-03 -8.622402259565111e-05
11 12 -1.033562221443872e-03 -5.452022228547752e-17
12 12 -1.249999999999263e-03 -1.380812284207985e-04
13 12 -1.131824074408408e-03 -4.582219626782223e-17
14 12 -1.249999999998906e-03 -1.443392906325801e-04
15 12 -1.224096190308334e-03 -4.857612182360145e-17
16 12 -1.249999999999831e-03 -1.173575227969067e-04
17 12 -1.291481740617181e-03 -6.920107188628456e-17
18 12 -1.249999999999567e-03 -7.742780671964965e-05
19 12 -1.334294739290736e-03 -8.916943449369549e-17
20 12 -1.250000000000261e-03 -4.022602213533633e-05
21 12 -1.360432207559321e-03 -9.152564526692605e-17
22 12 -1.250000000000317e-03 -1.375145606454805e-05
23 12 -1.376904737154175e-03 -8.210135585357368e-17
24 12 -1.250000000000007e-03 9.112304529240454e-17
25 12 -1.387306001613163e-03 -7.640028818644782e-17
26 12 -1.249999999999780e-03 3.034203745716975e-06
27 12 -1.392561396661173e-03 -7.344019532396854e-17
28 12 -1.249999999999171e-03 1.011502713815857e-16
29 12 -1.392561396661292e-03 -6.031244627287163e-17
30 12 -1.249999999999612e-03 -3.034203745545880e-06
31 12 -1.387306001613380e-03 -3.973360060058878e-17
32 12 -1.249999999999884e-03 2.596308288942699e-17
33 12 -1.376904737154220e-03 -3.330619202512119e-17
34 12 -1.250000000000429e-03 1.375145606465489e-05
35 12 -1.360432207559086e-03 -5.610375647068601e-17
36 12 -1.250000000000563e-03 4.022602213548937e-05
37 12 -1.334294739290374e-03 -9.153603104037045e-17
38 12 -1.249999999999840e-03 7.742780671985501e-05
39 12 -1.291481740616933e-03 -1.074964000093889e-16
0 13 -1.249999999999144e-03 2.070909517937870e-04
1 13 -1.207679240816821e-03 2.315039643506062e-17
2 13 -1.249999999998541e-03 2.414076223301319e-04
3 13 -1.051119363360044e-03 1.884665219908006e-17
4 13 -1.249999999999536e-03 2.049493562925308e-04
5 13 -8.939494418293209e-04 -9.135451255172553e-18
6 13 -1.249999999999757e-03 8.185826231213023e-05
7 13 -8.257540216045252e-04 -2.187790747569112e-17
8 13 -1.249999999999847e-03 -8.185826231206329e-05
9 13 -8.939494418291458e-04 9.893334333876001e-18
10 13 -1.249999999999749e-03 -2.049493562925196e-04
11 13 -1.051119363359819e-03 6.175276455109285e-17
12 13 -1.249999999998721e-03 -2.414076223301580e-04
13 13 -1.207679240816743e-03 7.730947103756036e-17
14 13 -1.249999999999122e-03 -2.070909517937728e-04
15 13 -1.312133498157725e-03 2.452287292887254e-17
16 13 -1.249999999998692e-03 -1.443392906326186e-04
17 13 -1.364562831689984e-03 -5.814168178626374e-17
18 13 -1.249999999999462e-03 -8.467061173453904e-05
19 13 -1.385137558329459e-03 -1.008235045066074e-16
20 13 -1.250000000000177e-03 -4.105285555884205e-05
21 13 -1.391247089005632e-03 -7.308853260752671e-17
22 13 -1.249999999999816e-03 -1.498131475847139e-05
23 13 -1.392451871022713e-03 -7.536340992580599e-18
24 13 -1.249999999999861e-03 -3.034203745603955e-06
25 13 -1.392561396661018e-03 3.930103942771820e-17
26 13 -1.249999999998926e-03 -7.673362681621879e-18
27 13 -1.392561396661241e-03 4.281470443447572e-17
28 13 -1.249999999998785e-03 1.611852354850018e-18
29 13 -1.392561396661294e-03 1.439618097766888e-17
30 13 -1.249999999999585e-03 3.034203745630344e-06
31 13 -1.392451871022984e-03 -2.505601864601829e-17
32 13 -1.249999999999706e-03 1.498131475856561e-05
33 13 -1.391247089005624e-03 -5.816035606628576e-17
34 13 -1.250000000000382e-03 4.105285555900764e-05
35 13 -1.385137558329142e-03 -6.889663025928459e-17
36 13 -1.249999999999842e-03 8.467061173471796e-05
37 13 -1.364562831689596e-03 -4.792815856192203e-17
38 13 -1.249999999998970e-03 1.443392906327286e-04
39 13 -1.312133498157527e-03 -6.687082108120143e-18
0 14 -1.249999999999354e-03 3.536943620397411e-04
1 14 -1.169752780079180e-03 1.067269839503764e-16
2 14 -1.249999999999519e-03 4.002905448011279e-04
3 14 -8.699484215815147e-04 4.048174241295173e-17
4 14 -1.250000000000047e-03 2.818344572956030e-04
5 14 -6.157759320368230e-04 -1.173367300312258e-17
6 14 -1.250000000000048e-03 2.184612051170518e-17
7 14 -6.157759320366946e-04 9.695121381847247e-18
8 14 -1.250000000000279e-03 -2.818344572956321e-04
9 14 -8.699484215812231e-04 9.820000789954621e-17
10 14 -1.249999999999810e-03 -4.002905448013017e-04
11 14 -1.169752780078953e-03 1.726058550270678e-16
12 14 -1.249999999999479e-03 -3.536943620399764e-04
13 14 -1.357149538583361e-03 1.522293476891578e-16
14 14 -1.249999999998681e-03 -2.414076223302001e-04
15 14 -1.427831446930423e-03 4.263020801738941e-17
16 14 -1.249999999999124e-03 -1.380812284208483e-04
17 14 -1.436498006814808e-03 -6.047681492581910e-17
18 14 -1.250000000000234e-03 -6.689646693966183e-05
19 14 -1.423790475614450e-03 -7.000588447301649e-17
20 14 -1.250000000000149e-03 -2.579126172100108e-05
21 14 -1.408765684355468e-03 1.445779080193000e-17
22 14 -1.250000000000198e-03 -6.258111460879053e-06
23 14 -1.397926317346231e-03 1.137530510754087e-16
24 14 -1.249999999999501e-03 -1.229742768523131e-16
25 14 -1.392561396660917e-03 1.517531454397022e-16
26 14 -1.249999999998996e-03 -1.173465048387215e-16
27 14 -1.392561396661105e-03 1.131607486023557e-16
28 14 -1.249999999999191e-03 -5.909632742422593e-17
29 14 -1.397926317346630e-03 3.608257687489118e-17
30 14 -1.249999999999856e-03 6.258111460829793e-06
31 14 -1.408765684355743e-03 -2.759547268404661e-17
32 14 -1.250000000000077e-03 2.579126172108994e-05
33 14 -1.423790475614382e-03 -4.142634805022240e-17
34 14 -1.250000000000479e-03 6.689646693979193e-05
35 14 -1.436498006814484e-03 2.124646894128952e-18
36 14 -1.249999999999466e-03 1.380812284208760e-04
37 14 -1.427831446930131e-03 7.487051718175834e-17
38 14 -1.249999999998841e-03 2.414076223300577e-04
39 14 -1.357149538583327e-03 1.233162984107015e-16
0 15 -1.249999999999713e-03 6.316788861808500e-04
1 15 -1.068780775026107e-03 9.459934466701710e-17
2 15 -1.250000000000201e-03 6.881785846689617e-04
3 15 -4.203122371576892e-04 -8.354895636433044e-18
4 15 -1.250000000001117e-03 3.157299956996083e-04
5 15 -6.891553801183857e-05 -4.302770444672163e-17
6 15 -1.250000000001271e-03 -3.157299956995511e-04
7 15 -4.203122371574377e-04 2.960977368375355e-17
8 15 -1.250000000000534e-03 -6.881785846690851e-04
9 15 -1.068780775025788e-03 1.501425766157997e-16
10 15 -1.249999999999992e-03 -6.316788861811691e-04
11 15 -1.463839341104530e-03 2.046994409125800e-16
12 15 -1.249999999999877e-03 -4.002905448013568e-04
13 15 -1.561660924410632e-03 1.353600570577954e-16
14 15 -1.249999999999859e-03 -2.049493562925751e-04
15 15 -1.534983881926839e-03 6.393704763602089e-18
16 15 -1.250000000000495e-03 -8.622402259567400e-05
17 15 -1.482681846395158e-03 -6.504256448424768e-17
18 15 -1.250000000000140e-03 -2.555882160798896e-05
19 15 -1.438412668787936e-03 -1.762926066069132e-17
20 15 -1.250000000000563e-03 -3.850651287330829e-17
21 15 -1.408765684355290e-03 9.651065961102373e-17
22 15 -1.250000000000366e-03 6.258111460671982e-06
23 15 -1.392451871022436e-03 1.760264744904457e-16
24 15 -1.250000000000076e-03 3.034203745425375e-06
25 15 -1.387306001612969e-03 1.638967045436393e-16
26 15 -1.249999999999888e-03 -3.034203745740743e-06
27 15 -1.392451871022766e-03 8.254375081869360e-17
28 15 -1.249999999999953e-03 -6.258111460860040e-06
29 15 -1.408765684355697e-03 -2.281444441465490e-18
30 15 -1.250000000000242e-03 2.645453958364226e-17
31 15 -1.438412668788130e-03 -3.399473000049431e-17
32 15 -1.250000000000125e-03 2.555882160807494e-05
33 15 -1.482681846395046e-03 8.873693354053567e-18
34 15 -1.250000000000726e-03 8.622402259568795e-05
35 15 -1.534983881926587e-03 9.930310959634992e-17
36 15 -1.250000000000077e-03 2.049493562923896e-04
37 15 -1.561660924410504e-03 1.758780331043106e-16
38 15 -1.249999999999851e-03 4.002905448010115e-04
39 15 -1.463839341104670e-03 1.770430720615007e-16
0 16 -1.250000000000267e-03 1.259440696105329e-03
1 16 -7.277943114478483e-04 2.901122306705366e-18
2 16 -1.250000000000834e-03 1.240096927931027e-03
3 16 8.293415551591669e-04 -8.546834351421581e-17
4 16 -1.250000000000662e-03 9.988010546584069e-17
5 16 8.293415551592820e-04 -7.928776486625054e-17
6 16 -1.250000000001090e-03 -1.240096927930945e-03
7 16 -7.277943114475824e-04 2.762181891683000e-17
8 16 -1.250000000000587e-03 -1.259440696105491e-03
9 16 -1.761037558788060e-03 1.371859823024118e-16
10 16 -1.250000000000567e-03 -6.881785846691616e-04
11 16 -1.864654469740955e-03 1.447655776341025e-16
12 16 -1.250000000000438e-03 -2.818344572957098e-04
13 16 -1.721506868175728e-03 4.913379611039819e-17
14 16 -1.250000000000126e-03 -8.185826231208259e-05
15 16 -1.579724198832117e-03 -5.308900422044430e-17
16 16 -1.250000000000231e-03 8.189438853187819e-17
17 16 -1.482681846395073e-03 -6.553897476706234e-17
18 16 -1.250000000000282e-03 2.555882160808275e-05
19 16 -1.423790475614160e-03 1.719998108162569e-17
20 16 -1.250000000000476e-03 2.579126172096102e-05
21 16 -1.391247089005217e-03 1.105174651183126e-16
22 16 -1.250000000000189e-03 1.498131475836837e-05
23 16 -1.376904737153848e-03 1.311016889162930e-16
24 16 -1.250000000000226e-03 -1.295626525733233e-16
25 16 -1.376904737153989e-03 6.974192819763454e-17
26 16 -1.249999999999901e-03 -1.498131475856334e-05
27 16 -1.391247089005538e-03 -1.630232688749365e-17
28 16 -1.250000000000107e-03 -2.579126172100481e-05
29 16 -1.423790475614440e-03 -6.122811564905271e-17
30 16 -1.250000000000075e-03 -2.555882160799739e-05
31 16 -1.482681846395141e-03 -3.353675409369986e-17
32 16 -1.250000000000280e-03 -6.787995390762544e-18
33 16 -1.579724198831988e-03 5.123084872279023e-17
34 16 -1.250000000000301e-03 8.185826231199111e-05
35 16 -1.721506868175575e-03 1.422894340865765e-16
36 16 -1.250000000000501e-03 2.818344572954236e-04
37 16 -1.864654469740966e-03 1.760131661159941e-16
38 16 -1.250000000000396e-03 6.881785846688312e-04
39 16 -1.761037558788278e-03 1.197538670493446e-16
0 17 -1.250000000001355e-03 3.068414265252217e-03
1 17 8.818083425452594e-04 -8.130987422422661e-17
2 17 -1.250000000000169e-03 2.108818025859099e-03
3 17 4.481921519863436e-03 -1.324053460892268e-16
4 17 -1.250000000000273e-03 -2.108818025858818e-03
5 17 8.818083425453542e-04 -9.707830020205671e-17
6 17 -1.250000000001575e-03 -3.068414265252123e-03
7 17 -2.827785195418369e-03 9.061676862187617e-18
8 17 -1.250000000000997e-03 -1.240096927931032e-03
9 17 -2.613371259995355e-03 7.149669916803803e-17
10 17 -1.250000000001262e-03 -3.157299956996524e-04
11 17 -2.066510865970921e-03 4.035586325082551e-17
12 17 -1.250000000000227e-03 -7.003266517541394e-18
13 17 -1.721506868175843e-03 -4.331594522626676e-17
14 17 -1.250000000000076e-03 8.185826231217991e-05
15 17 -1.534983881926864e-03 -9.093062554172213e-17
16 17 -1.250000000000602e-03 8.622402259582176e-05
17 17 -1.436498006814589e-03 -5.358390974025521e-17
18 17 -1.250000000000574e-03 6.689646693976519e-05
19 17 -1.385137558329051e-03 2.548860533712656e-17
20 17 -1.250000000000620e-03 4.105285555886957e-05
21 17 -1.360432207558940e-03 6.356073786119245e-17
22 17 -1.250000000000623e-03 1.375145606455453e-05
23 17 -1.353086516571845e-03 2.519708765013443e-17
24 17 -1.250000000000528e-03 -1.375145606463503e-05
25 17 -1.360432207559065e-03 -5.144631921276158e-17
26 17 -1.250000000000395e-03 -4.105285555886303e-05
27 17 -1.385137558329219e-03 -1.027090014307240e-16
28 17 -1.250000000000369e-03 -6.689646693964514e-05
29 17 -1.436498006814690e-03 -9.383886135740654e-17
30 17 -1.250000000000538e-03 -8.622402259566101e-05
31 17 -1.534983881926842e-03 -3.224145156622337e-17
32 17 -1.250000000000152e-03 -8.185826231210994e-05
33 17 -1.721506868175744e-03 4.873871862541992e-17
34 17 -1.250000000000319e-03 -9.287551601526163e-17
35 17 -2.066510865970842e-03 1.002147153222024e-16
36 17 -1.250000000001232e-03 3.157299956994513e-04
37 17 -2.613371259995390e-03 8.764389817353109e-17
38 17 -1.250000000000825e-03 1.240096927930910e-03
39 17 -2.827785195418495e-03 1.119263413531998e-17
0 18 -1.250000000000356e-03 1.045321498782970e-02
1 18 1.173461466188358e-02 -9.311605667975249e-17
2 18 -1.249999999999462e-03 1.645007663937407e-16
3 18 1.173461466188357e-02 -1.147667841266530e-16
4 18 -1.250000000000392e-03 -1.045321498782945e-02
5 18 -8.199448174764860e-03 -7.406066203516938e-17
6 18 -1.250000000000071e-03 -2.108818025858906e-03
7 18 -4.546868210059015e-03 -1.464184188421558e-17
8 18 -1.250000000000437e-03 -1.042352058366748e-17
9 18 -2.613371259995599e-03 -6.877878105181559e-19
10 18 -1.250000000001040e-03 3.157299956995727e-04
11 18 -1.864654469741307e-03 -3.950150302962873e-17
12 18 -1.250000000000163e-03 2.818344572956680e-04
13 18 -1.561660924410883e-03 -8.197373319691343e-17
14 18 -1.249999999999759e-03 2.049493562926200e-04
15 18 -1.427831446930421e-03 -7.108560566795640e-17
16 18 -1.249999999999294e-03 1.380812284209471e-04
17 18 -1.364562831689740e-03 -1.210739970544253e-17
18 18 -1.249999999999812e-03 8.467061173462831e-05
19 18 -1.334294739290435e-03 3.179608005459278e-17
20 18 -1.250000000000558e-03 4.022602213538628e-05
21 18 -1.321922605003010e-03 1.092862065600121e-17
22 18 -1.250000000000840e-03 1.492062503034619e-17
23 18 -1.321922605003003e-03 -5.665390432164552e-17
24 18 -1.250000000000522e-03 -4.022602213532735e-05
25 18 -1.334294739290422e-03 -1.124931279107579e-16
26 18 -1.249999999999756e-03 -8.467061173450074e-05
27 18 -1.364562831689740e-03 -1.193643750301905e-16
28 18 -1.249999999999248e-03 -1.380812284207627e-04
29 18 -1.427831446930428e-03 -8.240133946307018e-17
30 18 -1.249999999999757e-03 -2.049493562924483e-04
31 18 -1.561660924410875e-03 -3.202767407283341e-17
32 18 -1.250000000000206e-03 -2.818344572955874e-04
33 18 -1.864654469741264e-03 9.554585338555080e-18
34 18 -1.250000000001086e-03 -3.157299956995904e-04
35 18 -2.613371259995519e-03 2.237182010090625e-17
36 18 -1.250000000000447e-03 -1.382809807537672e-17
37 18 -4.546868210058934e-03 6.615466705968087e-19
38 18 -1.250000000000045e-03 2.108818025858997e-03
39 18 -8.199448174764810e-03 -4.264481167278593e-17
0 19 -1.249999999999052e-03 5.543323961000634e-02
1 19 1.077478020945531e-01 -1.724893229500809e-17
2 19 -1.249999999998955e-03 -5.543323961000612e-02
3 19 -4.623901047277616e-02 -4.098211913421649e-17
4 19 -1.249999999999249e-03 8.461090938221134e-17
5 19 -8.199448174765051e-03 -2.990534170674174e-17
6 19 -1.249999999999855e-03 2.108818025859001e-03
7 19 -2.827785195418809e-03 -2.336173181503637e-17
8 19 -1.250000000000561e-03 1.240096927930997e-03
9 19 -1.761037558788598e-03 -3.295991800807749e-17
10 19 -1.250000000000081e-03 6.881785846690421e-04
11 19 -1.463839341104956e-03 -4.981960441883942e-17
12 19 -1.249999999999562e-03 4.002905448012524e-04
13 19 -1.357149538583536e-03 -4.061047421514865e-17
14 19 -1.249999999998640e-03 2.414076223301722e-04
15 19 -1.312133498157664e-03 6.888894840368796e-18
16 19 -1.249999999998852e-03 1.443392906326528e-04
17 19 -1.291481740617029e-03 5.288076702068194e-17
18 19 -1.249999999999748e-03 7.742780671968987e-05
19 19 -1.282231492544773e-03 4.758467351430963e-17
20 19 -1.250000000000411e-03 2.445340273415389e-05
21 19 -1.279568069049146e-03 -9.400751000494663e-18
22 19 -1.250000000000464e-03 -2.445340273411396e-05
23 19 -1.282231492544652e-03 -6.882365461307789e-17
24 19 -1.249999999999852e-03 -7.742780671962845e-05
25 19 -1.291481740616896e-03 -8.577750647621567e-17
26 19 -1.249999999998916e-03 -1.443392906325542e-04
27 19 -1.312133498157623e-03 -6.375930829326290e-17
28 19 -1.249999999998620e-03 -2.414076223300450e-04
29 19 -1.357149538583601e-03 -3.728971196832943e-17
30 19 -1.249999999999506e-03 -4.002905448011286e-04
31 19 -1.463839341105028e-03 -2.440074120880838e-17
32 19 -1.250000000000076e-03 -6.881785846689526e-04
33 19 -1.761037558788558e-03 -2.015107621685708e-17
34 19 -1.250000000000647e-03 -1.240096927930931e-03
35 19 -2.827785195418603e-03 -1.020162279178143e-17
36 19 -1.250000000000011e-03 -2.108818025858905e-03
37 19 -8.199448174764786e-03 -3.305314095639237e-18
38 19 -1.249999999999419e-03 6.610025180576568e-17
39 19 -4.623901047277598e-02 -9.437515203710987e-18
