0 0 6.766932949718678e-17 -2.308220234588952e-16
1 0 3.099198954654813e-01 -1.794413898589066e-01
2 0 2.422571318421768e-01 -2.161224418692113e-16
3 0 1.468744808334330e-01 -3.542710487999792e-02
4 0 1.173689770982585e-01 -1.778912259982075e-16
5 0 8.891163450041675e-02 -1.190570668244825e-02
6 0 7.396133584076720e-02 -1.344371316606445e-16
7 0 6.067682484512970e-02 -5.800822136333773e-03
8 0 5.170163499970545e-02 -9.573956668709431e-17
9 0 4.368028563080587e-02 -3.466198790171077e-03
10 0 3.752930666283516e-02 -6.838600021199845e-17
11 0 3.191161080419365e-02 -2.339977921110536e-03
12 0 2.725832185749504e-02 -5.260357397032118e-17
13 0 2.291534682903452e-02 -1.726047400252831e-03
14 0 1.911405476103154e-02 -4.540806321444855e-17
15 0 1.549658139840808e-02 -1.374302312221595e-03
16 0 1.218826839210890e-02 -4.485420725633187e-17
17 0 8.984206081975268e-03 -1.178389086986867e-03
18 0 5.941145343139531e-03 -4.731717068336659e-17
19 0 2.945519680439011e-03 -1.090060931582897e-03
20 0 -2.057276131171180e-17 -4.791674331085986e-17
21 0 -2.945519680438987e-03 -1.090060931582901e-03
22 0 -5.941145343139559e-03 -4.475463306952162e-17
23 0 -8.984206081975253e-03 -1.178389086986876e-03
24 0 -1.218826839210890e-02 -3.936547664697992e-17
25 0 -1.549658139840811e-02 -1.374302312221605e-03
26 0 -1.911405476103153e-02 -3.468635949548876e-17
27 0 -2.291534682903457e-02 -1.726047400252843e-03
28 0 -2.725832185749499e-02 -3.546776802362511e-17
29 0 -3.191161080419377e-02 -2.339977921110548e-03
30 0 -3.752930666283508e-02 -4.688746102242642e-17
31 0 -4.368028563080597e-02 -3.466198790171088e-03
32 0 -5.170163499970536e-02 -6.987235406056376e-17
33 0 -6.067682484512985e-02 -5.800822136333778e-03
34 0 -7.396133584076713e-02 -9.833751639341176e-17
35 0 -8.891163450041695e-02 -1.190570668244825e-02
36 0 -1.173689770982584e-01 -1.368804972642847e-16
37 0 -1.468744808334332e-01 -3.542710487999794e-02
38 0 -2.422571318421770e-01 -1.917011740919033e-16
39 0 -3.099198954654815e-01 -1.794413898589066e-01
0 1 1.211334329123201e-01 -2.113279947773514e-01
1 1 1.036868908173142e-01 -1.117882742906264e-01
2 1 1.139407721728603e-01 -6.732494730648934e-02
3 1 8.497950255051363e-02 -5.113567796799587e-02
4 1 8.005692528044053e-02 -2.931964749359346e-02
5 1 6.311572977258889e-02 -2.669346184014993e-02
6 1 5.729177619288349e-02 -1.583447737138969e-02
7 1 4.699964947672169e-02 -1.594285405056705e-02
8 1 4.206780755443958e-02 -9.854392100664812e-03
9 1 3.513305739719442e-02 -1.057833379369725e-02
10 1 3.104013400547425e-02 -6.779550636813529e-03
11 1 2.591775335974496e-02 -7.629199226961433e-03
12 1 2.241315085507384e-02 -5.052435646499552e-03
13 1 1.833544175376930e-02 -5.916994542224780e-03
14 1 1.520571830320116e-02 -4.047243008788765e-03
15 1 1.175133092882723e-02 -4.921592092752965e-03
16 1 8.831486821032805e-03 -3.482521917203459e-03
17 1 5.743392320251033e-03 -4.397935533321275e-03
18 1 2.897815012359646e-03 -3.226789741239146e-03
19 1 2.049119830781862e-18 -4.234223763951736e-03
20 1 -2.897815012359664e-03 -3.226789741239135e-03
21 1 -5.743392320251032e-03 -4.397935533321307e-03
22 1 -8.831486821032807e-03 -3.482521917203424e-03
23 1 -1.175133092882726e-02 -4.921592092753013e-03
24 1 -1.520571830320114e-02 -4.047243008788707e-03
25 1 -1.833544175376933e-02 -5.916994542224841e-03
26 1 -2.241315085507376e-02 -5.052435646499496e-03
27 1 -2.591775335974504e-02 -7.629199226961485e-03
28 1 -3.104013400547418e-02 -6.779550636813467e-03
29 1 -3.513305739719457e-02 -1.057833379369729e-02
30 1 -4.206780755443950e-02 -9.854392100664756e-03
31 1 -4.699964947672182e-02 -1.594285405056709e-02
32 1 -5.729177619288341e-02 -1.583447737138961e-02
33 1 -6.311572977258900e-02 -2.669346184014998e-02
34 1 -8.005692528044052e-02 -2.931964749359340e-02
35 1 -8.497950255051383e-02 -5.113567796799589e-02
36 1 -1.139407721728604e-01 -6.732494730648922e-02
37 1 -1.036868908173143e-01 -1.117882742906264e-01
38 1 -1.211334329123199e-01 -2.113279947773512e-01
39 1 -6.631907405837430e-17 -2.177571295595332e-01
0 2 5.872342447898000e-02 -1.047157077337292e-01
1 2 5.438398702630753e-02 -7.492661894826154e-02
2 2 6.410474142497763e-02 -5.858633383426440e-02
3 2 5.290429235301044e-02 -4.607290116649438e-02
4 2 5.367394895289358e-02 -3.417212644941468e-02
5 2 4.422247490975131e-02 -2.930280903705831e-02
6 2 4.228900452907296e-02 -2.166069818466191e-02
7 2 3.516952430487105e-02 -1.981549870598203e-02
8 2 3.255498893667712e-02 -1.485162641111163e-02
9 2 2.711952080682670e-02 -1.427627406737267e-02
10 2 2.441722816632547e-02 -1.091884966257679e-02
11 2 2.009154256745048e-02 -1.093756763707824e-02
12 2 1.744344803689779e-02 -8.568970570791279e-03
13 2 1.384009543913530e-02 -8.913258584058933e-03
14 2 1.124390095303991e-02 -7.179529918236288e-03
15 2 8.108268579420994e-03 -7.748672497708259e-03
16 2 5.512072922376270e-03 -6.441568834965638e-03
17 2 2.671028650879885e-03 -7.214674826927408e-03
18 2 -3.619033695427782e-18 -6.209857954005628e-03
19 2 -2.671028650879894e-03 -7.214674826927434e-03
20 2 -5.512072922376275e-03 -6.441568834965583e-03
21 2 -8.108268579421018e-03 -7.748672497708341e-03
22 2 -1.124390095303991e-02 -7.179529918236198e-03
23 2 -1.384009543913533e-02 -8.913258584059044e-03
24 2 -1.744344803689778e-02 -8.568970570791156e-03
25 2 -2.009154256745053e-02 -1.093756763707835e-02
26 2 -2.441722816632542e-02 -1.091884966257668e-02
27 2 -2.711952080682675e-02 -1.427627406737277e-02
28 2 -3.255498893667707e-02 -1.485162641111153e-02
29 2 -3.516952430487114e-02 -1.981549870598207e-02
30 2 -4.228900452907285e-02 -2.166069818466185e-02
31 2 -4.422247490975136e-02 -2.930280903705830e-02
32 2 -5.367394895289351e-02 -3.417212644941463e-02
33 2 -5.290429235301052e-02 -4.607290116649441e-02
34 2 -6.410474142497749e-02 -5.858633383426434e-02
35 2 -5.438398702630758e-02 -7.492661894826151e-02
36 2 -5.872342447897991e-02 -1.047157077337292e-01
37 2 -2.596347902814780e-02 -1.120417245290684e-01
38 2 5.084693948880213e-17 -1.345993188465404e-01
39 2 2.596347902814773e-02 -1.120417245290684e-01
0 3 3.711207773984553e-02 -6.870139760919228e-02
1 3 3.509628205543705e-02 -5.515267179576144e-02
2 3 4.112129992483372e-02 -4.728417641317345e-02
3 3 3.562777780345611e-02 -3.922616740974524e-02
4 3 3.717994636515940e-02 -3.234742539940708e-02
5 3 3.151787574787068e-02 -2.806597104941074e-02
6 3 3.096555917238792e-02 -2.290414137597823e-02
7 3 2.602456749085937e-02 -2.072675023777595e-02
8 3 2.455020019235527e-02 -1.699212650595592e-02
9 3 2.038067972082576e-02 -1.597029480272185e-02
10 3 1.850144697146878e-02 -1.326838820426105e-02
11 3 1.495576432439849e-02 -1.291938459911471e-02
12 3 1.287924297227913e-02 -1.094737698437191e-02
13 3 9.798224480953984e-03 -1.103534013548215e-02
14 3 7.591436662455395e-03 -9.589498193305944e-03
15 3 4.845539656486360e-03 -1.000923381372531e-02
16 3 2.507798085378209e-03 -8.961215285797764e-03
17 3 -8.704107115815068e-18 -9.683308525921619e-03
18 3 -2.507798085378209e-03 -8.961215285797719e-03
19 3 -4.845539656486379e-03 -1.000923381372537e-02
20 3 -7.591436662455394e-03 -9.589498193305833e-03
21 3 -9.798224480954016e-03 -1.103534013548229e-02
22 3 -1.287924297227914e-02 -1.094737698437175e-02
23 3 -1.495576432439850e-02 -1.291938459911487e-02
24 3 -1.850144697146875e-02 -1.326838820426090e-02
25 3 -2.038067972082576e-02 -1.597029480272201e-02
26 3 -2.455020019235527e-02 -1.699212650595578e-02
27 3 -2.602456749085937e-02 -2.072675023777605e-02
28 3 -3.096555917238791e-02 -2.290414137597814e-02
29 3 -3.151787574787072e-02 -2.806597104941076e-02
30 3 -3.717994636515937e-02 -3.234742539940705e-02
31 3 -3.562777780345618e-02 -3.922616740974526e-02
32 3 -4.112129992483373e-02 -4.728417641317346e-02
33 3 -3.509628205543707e-02 -5.515267179576142e-02
34 3 -3.711207773984553e-02 -6.870139760919229e-02
35 3 -2.367347535341087e-02 -7.336846393962854e-02
36 3 -1.604952262387177e-02 -8.775425402854600e-02
37 3 5.123594392437721e-18 -8.236813590730553e-02
38 3 1.604952262387179e-02 -8.775425402854602e-02
39 3 2.367347535341088e-02 -7.336846393962849e-02
0 4 2.616232183812280e-02 -5.105272541880414e-02
1 4 2.478987269465500e-02 -4.329446610628243e-02
2 4 2.849476322799617e-02 -3.884504976796031e-02
3 4 2.523586906001101e-02 -3.346818530347030e-02
4 4 2.653510238377952e-02 -2.921836020525221e-02
5 4 2.282704091827428e-02 -2.585641560243628e-02
6 4 2.268411262727589e-02 -2.235461154947797e-02
7 4 1.913276344647724e-02 -2.037604719873369e-02
8 4 1.817786527998141e-02 -1.765514183232915e-02
9 4 1.495991968893797e-02 -1.658574507626425e-02
10 4 1.354069718097995e-02 -1.452786366954281e-02
11 4 1.066412404910965e-02 -1.407410135909795e-02
12 4 8.954528028850698e-03 -1.255001135010726e-02
13 4 6.375554837178970e-03 -1.254738995919650e-02
14 4 4.451077012807893e-03 -1.145728678636267e-02
15 4 2.120161390466923e-03 -1.182601693710903e-02
16 4 3.299032068382374e-18 -1.110786466034372e-02
17 4 -2.120161390466944e-03 -1.182601693710907e-02
18 4 -4.451077012807902e-03 -1.145728678636258e-02
19 4 -6.375554837178977e-03 -1.254738995919663e-02
20 4 -8.954528028850712e-03 -1.255001135010710e-02
21 4 -1.066412404910965e-02 -1.407410135909812e-02
22 4 -1.354069718097997e-02 -1.452786366954263e-02
23 4 -1.495991968893796e-02 -1.658574507626441e-02
24 4 -1.817786527998146e-02 -1.765514183232898e-02
25 4 -1.913276344647721e-02 -2.037604719873381e-02
26 4 -2.268411262727592e-02 -2.235461154947785e-02
27 4 -2.282704091827422e-02 -2.585641560243632e-02
28 4 -2.653510238377958e-02 -2.921836020525219e-02
29 4 -2.523586906001090e-02 -3.346818530347023e-02
30 4 -2.849476322799624e-02 -3.884504976796028e-02
31 4 -2.478987269465494e-02 -4.329446610628240e-02
32 4 -2.616232183812290e-02 -5.105272541880424e-02
33 4 -1.919828710177127e-02 -5.402741320415436e-02
34 4 -1.651115614827257e-02 -6.281518822663898e-02
35 4 -7.398816908789905e-03 -6.169421925322134e-02
36 4 -2.950319435619464e-17 -6.793965772663603e-02
37 4 7.398816908789996e-03 -6.169421925322139e-02
38 4 1.651115614827249e-02 -6.281518822663881e-02
39 4 1.919828710177136e-02 -5.402741320415443e-02
0 5 1.937315927766954e-02 -4.047697684393339e-02
1 5 1.826970045528016e-02 -3.544666542061158e-02
2 5 2.059674957841433e-02 -3.269063432720639e-02
3 5 1.838294674052955e-02 -2.891942623234883e-02
4 5 1.928948333143759e-02 -2.616829881149162e-02
5 5 1.666822302388711e-02 -2.358211359288239e-02
6 5 1.658646540370879e-02 -2.118960056586766e-02
7 5 1.393614983607957e-02 -1.953496388034451e-02
8 5 1.320426930410151e-02 -1.759826049889447e-02
9 5 1.069003675674748e-02 -1.663967861760044e-02
10 5 9.526830529215796e-03 -1.514800314731660e-02
11 5 7.205244206445937e-03 -1.471706976693838e-02
12 5 5.737883815361156e-03 -1.363003931974988e-02
13 5 3.620035239600032e-03 -1.362257774283705e-02
14 5 1.914815484787760e-03 -1.290509190887679e-02
15 5 -1.754617254786889e-17 -1.326757464388256e-02
16 5 -1.914815484787748e-03 -1.290509190887672e-02
17 5 -3.620035239600060e-03 -1.362257774283715e-02
18 5 -5.737883815361147e-03 -1.363003931974973e-02
19 5 -7.205244206445942e-03 -1.471706976693856e-02
20 5 -9.526830529215827e-03 -1.514800314731639e-02
21 5 -1.069003675674747e-02 -1.663967861760060e-02
22 5 -1.320426930410156e-02 -1.759826049889430e-02
23 5 -1.393614983607951e-02 -1.953496388034464e-02
24 5 -1.658646540370887e-02 -2.118960056586754e-02
25 5 -1.666822302388703e-02 -2.358211359288245e-02
26 5 -1.928948333143769e-02 -2.616829881149157e-02
27 5 -1.838294674052944e-02 -2.891942623234879e-02
28 5 -2.059674957841447e-02 -3.269063432720645e-02
29 5 -1.826970045528004e-02 -3.544666542061147e-02
30 5 -1.937315927766968e-02 -4.047697684393348e-02
31 5 -1.531131969198344e-02 -4.244569350395713e-02
32 5 -1.436147471011342e-02 -4.819356365192600e-02
33 5 -8.919955906339545e-03 -4.820896462606596e-02
34 5 -5.381539977670277e-03 -5.324953092471910e-02
35 5 7.439152731972808e-17 -5.049811858893451e-02
36 5 5.381539977670146e-03 -5.324953092471908e-02
37 5 8.919955906339686e-03 -4.820896462606606e-02
38 5 1.436147471011329e-02 -4.819356365192588e-02
39 5 1.531131969198358e-02 -4.244569350395723e-02
0 6 1.468112427775443e-02 -3.336904098195977e-02
1 6 1.373382411163396e-02 -2.985274102960376e-02
2 6 1.520686497185079e-02 -2.806607935265762e-02
3 6 1.356302287407668e-02 -2.531043644510921e-02
4 6 1.412760502358485e-02 -2.349050686850451e-02
5 6 1.216741432789289e-02 -2.149539219833383e-02
6 6 1.203545685588149e-02 -1.987078383452568e-02
7 6 9.998541772540273e-03 -1.853080659826381e-02
8 6 9.358300574843836e-03 -1.719816994380299e-02
9 6 7.376240987367581e-03 -1.639538502470413e-02
10 6 6.365304271156729e-03 -1.538367410180617e-02
11 6 4.505473368671121e-03 -1.502328589818992e-02
12 6 3.214747565342420e-03 -1.433616862403611e-02
13 6 1.513777634825871e-03 -1.435412925169843e-02
14 6 1.547563212113088e-17 -1.399410015389731e-02
15 6 -1.513777634825920e-03 -1.435412925169849e-02
16 6 -3.214747565342398e-03 -1.433616862403600e-02
17 6 -4.505473368671156e-03 -1.502328589819006e-02
18 6 -6.365304271156736e-03 -1.538367410180598e-02
19 6 -7.376240987367578e-03 -1.639538502470433e-02
20 6 -9.358300574843883e-03 -1.719816994380282e-02
21 6 -9.998541772540236e-03 -1.853080659826397e-02
22 6 -1.203545685588156e-02 -1.987078383452555e-02
23 6 -1.216741432789282e-02 -2.149539219833389e-02
24 6 -1.412760502358496e-02 -2.349050686850449e-02
25 6 -1.356302287407657e-02 -2.531043644510918e-02
26 6 -1.520686497185093e-02 -2.806607935265771e-02
27 6 -1.373382411163383e-02 -2.985274102960363e-02
28 6 -1.468112427775457e-02 -3.336904098195990e-02
29 6 -1.216437043288682e-02 -3.469948034801315e-02
30 6 -1.194252203363241e-02 -3.871084691574353e-02
31 6 -8.525731560974604e-03 -3.899717131861404e-02
32 6 -6.798148985307511e-03 -4.285611358170892e-02
33 6 -3.085580174519891e-03 -4.159117188750198e-02
34 6 -7.648934705575962e-17 -4.444313143666143e-02
35 6 3.085580174520038e-03 -4.159117188750206e-02
36 6 6.798148985307356e-03 -4.285611358170881e-02
37 6 8.525731560974751e-03 -3.899717131861421e-02
38 6 1.194252203363225e-02 -3.871084691574336e-02
39 6 1.216437043288697e-02 -3.469948034801333e-02
0 7 1.122920448434558e-02 -2.821618077492967e-02
1 7 1.039704679535582e-02 -2.563053555448761e-02
2 7 1.131702313555910e-02 -2.446181435185361e-02
3 7 1.002868224514713e-02 -2.238241006299670e-02
4 7 1.033033644307323e-02 -2.118646429463610e-02
5 7 8.809866215634177e-03 -1.963162261040651e-02
6 7 8.605764385979668e-03 -1.856170083544656e-02
7 7 7.011542511518076e-03 -1.748779725817937e-02
8 7 6.412178102725381e-03 -1.662659724482222e-02
9 7 4.846607308271332e-03 -1.597367200904426e-02
10 7 3.941885039442969e-03 -1.536306633110182e-02
11 7 2.470934835505641e-03 -1.507688159390958e-02
12 7 1.328596781292087e-03 -1.474103992876897e-02
13 7 -3.478182551787600e-17 -1.478032637965787e-02
14 7 -1.328596781292042e-03 -1.474103992876890e-02
15 7 -2.470934835505702e-03 -1.507688159390968e-02
16 7 -3.941885039442945e-03 -1.536306633110169e-02
17 7 -4.846607308271365e-03 -1.597367200904444e-02
18 7 -6.412178102725391e-03 -1.662659724482207e-02
19 7 -7.011542511518075e-03 -1.748779725817952e-02
20 7 -8.605764385979714e-03 -1.856170083544642e-02
21 7 -8.809866215634125e-03 -1.963162261040655e-02
22 7 -1.033033644307331e-02 -2.118646429463605e-02
23 7 -1.002868224514704e-02 -2.238241006299664e-02
24 7 -1.131702313555921e-02 -2.446181435185370e-02
25 7 -1.039704679535571e-02 -2.563053555448746e-02
26 7 -1.122920448434571e-02 -2.821618077492984e-02
27 7 -9.625857371687817e-03 -2.910990217703487e-02
28 7 -9.738245320638782e-03 -3.205352767728289e-02
29 7 -7.519789405775299e-03 -3.234470863825642e-02
30 7 -6.702979630314125e-03 -3.531585875765291e-02
31 7 -4.153373754347319e-03 -3.469300890789848e-02
32 7 -2.400377560129954e-03 -3.722374980354706e-02
33 7 4.970236958596956e-17 -3.555859599599073e-02
34 7 2.400377560129831e-03 -3.722374980354695e-02
35 7 4.153373754347423e-03 -3.469300890789861e-02
36 7 6.702979630314002e-03 -3.531585875765277e-02
37 7 7.519789405775397e-03 -3.234470863825663e-02
38 7 9.738245320638666e-03 -3.205352767728271e-02
39 7 9.625857371687930e-03 -2.910990217703511e-02
0 8 8.595397279357203e-03 -2.426325008643113e-02
1 8 7.861739477648497e-03 -2.228966678383415e-02
2 8 8.412730611138558e-03 -2.154840473394024e-02
3 8 7.373003780279514e-03 -1.993680678577852e-02
4 8 7.483438646300546e-03 -1.918557514352839e-02
5 8 6.280012656417868e-03 -1.795652275886109e-02
6 8 6.014875693045237e-03 -1.730261455134110e-02
7 8 4.757986128883676e-03 -1.643877454777175e-02
8 8 4.186938651883084e-03 -1.595035770541914e-02
9 8 2.957466017676035e-03 -1.541990773150305e-02
10 8 2.143544864247683e-03 -1.514056038175129e-02
11 8 1.002284683575755e-03 -1.490996829336481e-02
12 8 3.484167585098989e-17 -1.487130415305455e-02
13 8 -1.002284683575837e-03 -1.490996829336487e-02
14 8 -2.143544864247623e-03 -1.514056038175119e-02
15 8 -2.957466017676096e-03 -1.541990773150318e-02
16 8 -4.186938651883042e-03 -1.595035770541899e-02
17 8 -4.757986128883708e-03 -1.643877454777186e-02
18 8 -6.014875693045243e-03 -1.730261455134098e-02
19 8 -6.280012656417868e-03 -1.795652275886118e-02
20 8 -7.483438646300568e-03 -1.918557514352835e-02
21 8 -7.373003780279488e-03 -1.993680678577850e-02
22 8 -8.412730611138624e-03 -2.154840473394032e-02
23 8 -7.861739477648462e-03 -2.228966678383398e-02
24 8 -8.595397279357266e-03 -2.426325008643135e-02
25 8 -7.569154691944175e-03 -2.483805682831425e-02
26 8 -7.836571920922583e-03 -2.708337219936828e-02
27 8 -6.370958792533505e-03 -2.729389066351696e-02
28 8 -6.037069576867237e-03 -2.962586643403639e-02
29 8 -4.278444522212866e-03 -2.927479841445547e-02
30 8 -3.301514305310547e-03 -3.142504813360419e-02
31 8 -1.510696862620122e-03 -3.039160719258754e-02
32 8 -2.059268114367475e-17 -3.207859710812523e-02
33 8 1.510696862620136e-03 -3.039160719258764e-02
34 8 3.301514305310502e-03 -3.142504813360408e-02
35 8 4.278444522212887e-03 -2.927479841445568e-02
36 8 6.037069576867184e-03 -2.962586643403611e-02
37 8 6.370958792533538e-03 -2.729389066351722e-02
38 8 7.836571920922521e-03 -2.708337219936802e-02
39 8 7.569154691944215e-03 -2.483805682831448e-02
0 9 6.545802024496048e-03 -2.108648876022242e-02
1 9 5.902941846104179e-03 -1.953391161570495e-02
2 9 6.204386138054133e-03 -1.910683576694176e-02
3 9 5.354780240737383e-03 -1.782670688285352e-02
4 9 5.332538606509996e-03 -1.740743067884682e-02
5 9 4.372897061447622e-03 -1.641742846817412e-02
6 9 4.068395764877522e-03 -1.608402569996915e-02
7 9 3.079391217987604e-03 -1.537731906086587e-02
8 9 2.540752446966801e-03 -1.518528202352470e-02
9 9 1.587591931836860e-03 -1.474283088406630e-02
10 9 8.630962658904788e-04 -1.473231214865200e-02
11 9 -4.165503097669612e-17 -1.452989487771280e-02
12 9 -8.630962658904021e-04 -1.473231214865196e-02
13 9 -1.587591931836939e-03 -1.474283088406639e-02
14 9 -2.540752446966743e-03 -1.518528202352458e-02
15 9 -3.079391217987663e-03 -1.537731906086600e-02
16 9 -4.068395764877484e-03 -1.608402569996902e-02
17 9 -4.372897061447661e-03 -1.641742846817423e-02
18 9 -5.332538606509982e-03 -1.740743067884676e-02
19 9 -5.354780240737400e-03 -1.782670688285355e-02
20 9 -6.204386138054142e-03 -1.910683576694182e-02
21 9 -5.902941846104194e-03 -1.953391161570484e-02
22 9 -6.545802024496053e-03 -2.108648876022258e-02
23 9 -5.899607507055772e-03 -2.141627985571093e-02
24 9 -6.231051499673719e-03 -2.318323969825125e-02
25 9 -5.259718207375750e-03 -2.328806593529496e-02
26 9 -5.188463364653551e-03 -2.515816852526852e-02
27 9 -3.972788556193820e-03 -2.490781198774890e-02
28 9 -3.454642919343592e-03 -2.671922331104507e-02
29 9 -2.143059761787951e-03 -2.601776309673705e-02
30 9 -1.214016145213009e-03 -2.758699338724021e-02
31 9 -4.173028055785660e-17 -2.641386954788348e-02
32 9 1.214016145213068e-03 -2.758699338724014e-02
33 9 2.143059761787872e-03 -2.601776309673721e-02
34 9 3.454642919343636e-03 -2.671922331104487e-02
35 9 3.972788556193763e-03 -2.490781198774916e-02
36 9 5.188463364653576e-03 -2.515816852526822e-02
37 9 5.259718207375717e-03 -2.328806593529527e-02
38 9 6.231051499673718e-03 -2.318323969825098e-02
39 9 5.899607507055750e-03 -2.141627985571115e-02
0 10 4.937778149065700e-03 -1.842706624416551e-02
1 10 4.380903538144426e-03 -1.717228695834659e-02
2 10 4.514028790822996e-03 -1.698604904094914e-02
3 10 3.818922562039461e-03 -1.594328471026531e-02
4 10 3.710106605963338e-03 -1.577948387035912e-02
5 10 2.946289562625757e-03 -1.496196284844169e-02
6 10 2.625162584905105e-03 -1.487898537033457e-02
7 10 1.854116605466736e-03 -1.428300988525338e-02
8 10 1.357376550014399e-03 -1.432545083503291e-02
9 10 6.322930663253054e-04 -1.393688545571600e-02
10 10 3.376944921066827e-17 -1.413896334992209e-02
11 10 -6.322930663253700e-04 -1.393688545571605e-02
12 10 -1.357376550014335e-03 -1.432545083503282e-02
13 10 -1.854116605466794e-03 -1.428300988525349e-02
14 10 -2.625162584905057e-03 -1.487898537033445e-02
15 10 -2.946289562625797e-03 -1.496196284844179e-02
16 10 -3.710106605963302e-03 -1.577948387035905e-02
17 10 -3.818922562039485e-03 -1.594328471026535e-02
18 10 -4.514028790822966e-03 -1.698604904094914e-02
19 10 -4.380903538144465e-03 -1.717228695834658e-02
20 10 -4.937778149065665e-03 -1.842706624416562e-02
21 10 -4.547616532757654e-03 -1.856172242772203e-02
22 10 -4.893468469677529e-03 -1.999013603162126e-02
23 10 -4.256474286495472e-03 -1.998625554342385e-02
24 10 -4.326605938930969e-03 -2.151802258660880e-02
25 10 -3.489325410032424e-03 -2.128610073307053e-02
26 10 -3.244838332164559e-03 -2.281928692230718e-02
27 10 -2.295224643197358e-03 -2.228625308342208e-02
28 10 -1.741955791835877e-03 -2.369997646381663e-02
29 10 -8.012039864921283e-04 -2.283223835432030e-02
30 10 7.246226810508642e-17 -2.401212191961960e-02
31 10 8.012039864919726e-04 -2.283223835432039e-02
32 10 1.741955791836012e-03 -2.369997646381647e-02
33 10 2.295224643197224e-03 -2.228625308342227e-02
34 10 3.244838332164672e-03 -2.281928692230694e-02
35 10 3.489325410032315e-03 -2.128610073307081e-02
36 10 4.326605938931044e-03 -2.151802258660852e-02
37 10 4.256474286495390e-03 -1.998625554342412e-02
38 10 4.893468469677579e-03 -1.999013603162102e-02
39 10 4.547616532757605e-03 -1.856172242772222e-02
0 11 3.676493142950426e-03 -1.611669999477671e-02
1 11 3.201045967543069e-03 -1.507563491116641e-02
2 11 3.222870102402966e-03 -1.507877769062647e-02
3 11 2.657619001748368e-03 -1.420568819262784e-02
4 11 2.497643786268879e-03 -1.424163474145286e-02
5 11 1.894790927066758e-03 -1.354504677347896e-02
6 11 1.576700355348544e-03 -1.365803505168450e-02
7 11 9.843429269668958e-04 -1.313401428894379e-02
8 11 5.385476469806637e-04 -1.335912706607814e-02
9 11 -1.555300851391760e-17 -1.299467734258538e-02
10 11 -5.385476469806259e-04 -1.335912706607809e-02
11 11 -9.843429269669232e-04 -1.313401428894386e-02
12 11 -1.576700355348512e-03 -1.365803505168440e-02
13 11 -1.894790927066783e-03 -1.354504677347906e-02
14 11 -2.497643786268849e-03 -1.424163474145275e-02
15 11 -2.657619001748384e-03 -1.420568819262794e-02
16 11 -3.222870102402943e-03 -1.507877769062642e-02
17 11 -3.201045967543097e-03 -1.507563491116644e-02
18 11 -3.676493142950389e-03 -1.611669999477674e-02
19 11 -3.460114079684152e-03 -1.609246120239437e-02
20 11 -3.792490328381115e-03 -1.727618787051396e-02
21 11 -3.385657939048258e-03 -1.716913939078083e-02
22 11 -3.527082877517514e-03 -1.844981102999064e-02
23 11 -2.956920122713642e-03 -1.819622491797153e-02
24 11 -2.874731089903374e-03 -1.950749331222745e-02
25 11 -2.194826644211561e-03 -1.905199293056720e-02
26 11 -1.882630888305888e-03 -2.031283733488123e-02
27 11 -1.170143500469567e-03 -1.962161139807557e-02
28 11 -6.556064659872848e-04 -2.074939590778490e-02
29 11 -9.365733317773344e-17 -1.982169464545414e-02
30 11 6.556064659874722e-04 -2.074939590778484e-02
31 11 1.170143500469389e-03 -1.962161139807570e-02
32 11 1.882630888306057e-03 -2.031283733488104e-02
33 11 2.194826644211412e-03 -1.905199293056741e-02
34 11 2.874731089903505e-03 -1.950749331222721e-02
35 11 2.956920122713528e-03 -1.819622491797175e-02
36 11 3.527082877517608e-03 -1.844981102999039e-02
37 11 3.385657939048184e-03 -1.716913939078099e-02
38 11 3.792490328381176e-03 -1.727618787051383e-02
39 11 3.460114079684117e-03 -1.609246120239446e-02
0 12 2.693640159856201e-03 -1.404110690152398e-02
1 12 2.294176197412529e-03 -1.315392848033337e-02
2 12 2.245308128563768e-03 -1.330769159470121e-02
3 12 1.790488793801773e-03 -1.255427143207567e-02
4 12 1.605714940421096e-03 -1.274683487100167e-02
5 12 1.135888671777100e-03 -1.213133399351444e-02
6 12 8.357566234960753e-04 -1.239617742618012e-02
7 12 3.889682911585668e-04 -1.191313228307866e-02
8 12 -1.916643552528606e-18 -1.227700866753356e-02
9 12 -3.889682911585516e-04 -1.191313228307869e-02
10 12 -8.357566234960799e-04 -1.239617742618002e-02
11 12 -1.135888671777084e-03 -1.213133399351455e-02
12 12 -1.605714940421102e-03 -1.274683487100154e-02
13 12 -1.790488793801755e-03 -1.255427143207579e-02
14 12 -2.245308128563768e-03 -1.330769159470111e-02
15 12 -2.294176197412515e-03 -1.315392848033348e-02
16 12 -2.693640159856193e-03 -1.404110690152393e-02
17 12 -2.594540426223056e-03 -1.388615992303651e-02
18 12 -2.898151327165262e-03 -1.489101222089965e-02
19 12 -2.650920074380406e-03 -1.468982360331681e-02
20 12 -2.821968003911758e-03 -1.578240170163742e-02
21 12 -2.441902538272451e-03 -1.548834864985385e-02
22 12 -2.453233434309290e-03 -1.662462467733960e-02
23 12 -1.973333918231794e-03 -1.619551226013997e-02
24 12 -1.813995068192674e-03 -1.732037732223454e-02
25 12 -1.284012270632349e-03 -1.672625519070649e-02
26 12 -9.646585817692445e-04 -1.778049408089410e-02
27 12 -4.455934582864060e-04 -1.701123418396874e-02
28 12 9.183492165384894e-17 -1.794154973970053e-02
29 12 4.455934582862444e-04 -1.701123418396881e-02
30 12 9.646585817694204e-04 -1.778049408089400e-02
31 12 1.284012270632204e-03 -1.672625519070663e-02
32 12 1.813995068192820e-03 -1.732037732223434e-02
33 12 1.973333918231682e-03 -1.619551226014012e-02
34 12 2.453233434309400e-03 -1.662462467733944e-02
35 12 2.441902538272378e-03 -1.548834864985399e-02
36 12 2.821968003911824e-03 -1.578240170163731e-02
37 12 2.650920074380371e-03 -1.468982360331687e-02
38 12 2.898151327165296e-03 -1.489101222089962e-02
39 12 2.594540426223045e-03 -1.388615992303648e-02
0 13 1.936452584378394e-03 -1.212066234205421e-02
1 13 1.606263312501000e-03 -1.134363203387479e-02
2 13 1.515527198045378e-03 -1.161713302154825e-02
3 13 1.154194652284107e-03 -1.094599911862096e-02
4 13 9.633535507821176e-04 -1.126033739043064e-02
5 13 6.025464393666575e-04 -1.069554006488572e-02
6 13 3.302232474378713e-04 -1.107572151033985e-02
7 13 2.903263189185962e-17 -1.061009572547333e-02
8 13 -3.302232474379188e-04 -1.107572151033981e-02
9 13 -6.025464393665993e-04 -1.069554006488582e-02
10 13 -9.633535507821646e-04 -1.126033739043053e-02
11 13 -1.154194652284052e-03 -1.094599911862109e-02
12 13 -1.515527198045424e-03 -1.161713302154811e-02
13 13 -1.606263312500947e-03 -1.134363203387495e-02
14 13 -1.936452584378432e-03 -1.212066234205409e-02
15 13 -1.915099682664405e-03 -1.185818438922272e-02
16 13 -2.182565673676504e-03 -1.273179756607725e-02
17 13 -2.045886555655099e-03 -1.244692695176104e-02
18 13 -2.221750654210406e-03 -1.339787929084659e-02
19 13 -1.977418907397972e-03 -1.305590550204654e-02
20 13 -2.039099401892279e-03 -1.405489512022433e-02
21 13 -1.707164267858891e-03 -1.362348622486573e-02
22 13 -1.642524164450451e-03 -1.463276957772237e-02
23 13 -1.255177665725702e-03 -1.408676564686762e-02
24 13 -1.066192250439475e-03 -1.506404495032959e-02
25 13 -6.649984368743638e-04 -1.439041472461666e-02
26 13 -3.695268176701034e-04 -1.529475923043771e-02
27 13 -4.943377563771543e-17 -1.449619496101915e-02
28 13 3.695268176702291e-04 -1.529475923043766e-02
29 13 6.649984368742743e-04 -1.439041472461672e-02
30 13 1.066192250439584e-03 -1.506404495032949e-02
31 13 1.255177665725633e-03 -1.408676564686771e-02
32 13 1.642524164450529e-03 -1.463276957772225e-02
33 13 1.707164267858851e-03 -1.362348622486582e-02
34 13 2.039099401892326e-03 -1.405489512022423e-02
35 13 1.977418907397962e-03 -1.305590550204655e-02
36 13 2.221750654210415e-03 -1.339787929084656e-02
37 13 2.045886555655119e-03 -1.244692695176100e-02
38 13 2.182565673676485e-03 -1.273179756607729e-02
39 13 1.915099682664447e-03 -1.185818438922261e-02
0 14 1.361887246630039e-03 -1.029944572599950e-02
1 14 1.093038052917977e-03 -9.600152747213951e-03
2 14 9.804467374794393e-04 -9.967826205117627e-03
3 14 6.969426433221886e-04 -9.351064440184497e-03
4 14 5.124525577962293e-04 -9.758331308418106e-03
5 14 2.392843776592888e-04 -9.221614828465613e-03
6 14 -4.011054674428871e-17 -9.686752759160519e-03
7 14 -2.392843776592038e-04 -9.221614828465646e-03
8 14 -5.124525577963089e-04 -9.758331308418040e-03
9 14 -6.969426433221042e-04 -9.351064440184617e-03
10 14 -9.804467374795180e-04 -9.967826205117478e-03
11 14 -1.093038052917895e-03 -9.600152747214114e-03
12 14 -1.361887246630113e-03 -1.029944572599934e-02
13 14 -1.390582495922764e-03 -9.949256035778875e-03
14 14 -1.619787099516942e-03 -1.072679924246576e-02
15 14 -1.559149108301651e-03 -1.036920291052438e-02
16 14 -1.725612216940766e-03 -1.121332539864684e-02
17 14 -1.578191134954559e-03 -1.082228538240464e-02
18 14 -1.663107301661982e-03 -1.171384373757749e-02
19 14 -1.440448873241777e-03 -1.126456220007625e-02
20 14 -1.432012852799818e-03 -1.217785173622540e-02
21 14 -1.154703704303371e-03 -1.164982309021741e-02
22 14 -1.050611979097420e-03 -1.255482365998182e-02
23 14 -7.468533964712574e-04 -1.193510239066854e-02
24 14 -5.558368914499421e-04 -1.280104583071302e-02
25 14 -2.583538300890105e-04 -1.208693597446514e-02
26 14 2.285701812216470e-17 -1.288666155055966e-02
27 14 2.583538300889984e-04 -1.208693597446516e-02
28 14 5.558368914499817e-04 -1.280104583071300e-02
29 14 7.468533964712544e-04 -1.193510239066855e-02
30 14 1.050611979097444e-03 -1.255482365998177e-02
31 14 1.154703704303384e-03 -1.164982309021744e-02
32 14 1.432012852799820e-03 -1.217785173622537e-02
33 14 1.440448873241808e-03 -1.126456220007625e-02
34 14 1.663107301661960e-03 -1.171384373757751e-02
35 14 1.578191134954609e-03 -1.082228538240457e-02
36 14 1.725612216940720e-03 -1.121332539864691e-02
37 14 1.559149108301717e-03 -1.036920291052425e-02
38 14 1.619787099516879e-03 -1.072679924246588e-02
39 14 1.390582495922843e-03 -9.949256035778712e-03
0 15 9.335087507913745e-04 -8.538565257566281e-03
1 15 7.170907767666062e-04 -7.892942076499718e-03
2 15 5.959511208239159e-04 -8.333144526748545e-03
3 15 3.755015609268367e-04 -7.750137805431280e-03
4 15 2.047406902477699e-04 -8.226205458724710e-03
5 15 4.281670790079030e-17 -7.701236106352327e-03
6 15 -2.047406902478589e-04 -8.226205458724661e-03
7 15 -3.755015609267516e-04 -7.750137805431360e-03
8 15 -5.959511208240046e-04 -8.333144526748434e-03
9 15 -7.170907767665213e-04 -7.892942076499850e-03
10 15 -9.335087507914592e-04 -8.538565257566116e-03
11 15 -9.931544367215576e-04 -8.118022778311126e-03
12 15 -1.185601109586653e-03 -8.825688287227226e-03
13 15 -1.176790382455006e-03 -8.406341355522002e-03
14 15 -1.326603765909887e-03 -9.169876134782068e-03
15 15 -1.248344398159182e-03 -8.732223348467206e-03
16 15 -1.339858806657436e-03 -9.539756420127601e-03
17 15 -1.197898966951067e-03 -9.064891381540751e-03
18 15 -1.220309877442527e-03 -9.899354459387945e-03
19 15 -1.027316257960401e-03 -9.370981619382409e-03
20 15 -9.764243922658962e-04 -1.021142386246772e-02
21 15 -7.512617645896036e-04 -9.618040459451655e-03
22 15 -6.306813232049334e-04 -1.044180600244113e-02
23 15 -3.966249772642734e-04 -9.778634448393187e-03
24 15 -2.180089782626646e-04 -1.056417959050608e-02
25 15 3.180390549222530e-17 -9.834333347589739e-03
26 15 2.180089782626269e-04 -1.056417959050608e-02
27 15 3.966249772643375e-04 -9.778634448393185e-03
28 15 6.306813232048905e-04 -1.044180600244112e-02
29 15 7.512617645896700e-04 -9.618040459451643e-03
30 15 9.764243922658472e-04 -1.021142386246775e-02
31 15 1.027316257960472e-03 -9.370981619382367e-03
32 15 1.220309877442465e-03 -9.899354459387994e-03
33 15 1.197898966951140e-03 -9.064891381540662e-03
34 15 1.339858806657365e-03 -9.539756420127698e-03
35 15 1.248344398159260e-03 -8.732223348467079e-03
36 15 1.326603765909811e-03 -9.169876134782203e-03
37 15 1.176790382455086e-03 -8.406341355521834e-03
38 15 1.185601109586568e-03 -8.825688287227379e-03
39 15 9.931544367216439e-04 -8.118022778310974e-03
0 16 6.197768355026643e-04 -6.811739719651681e-03
1 16 4.462351531993133e-04 -6.202013695928319e-03
2 16 3.247811531132172e-04 -6.696199211010772e-03
3 16 1.534564145938885e-04 -6.131955685152348e-03
4 16 -3.429796194498794e-17 -6.656599488277158e-03
5 16 -1.534564145938302e-04 -6.131955685152387e-03
6 16 -3.247811531132862e-04 -6.696199211010704e-03
7 16 -4.462351531992551e-04 -6.202013695928409e-03
8 16 -6.197768355027330e-04 -6.811739719651558e-03
9 16 -6.976728135206496e-04 -6.336260991933611e-03
10 16 -8.573894547421301e-04 -6.993547080652964e-03
11 16 -8.837520987534282e-04 -6.523183462929925e-03
12 16 -1.014430339939126e-03 -7.225896281905013e-03
13 16 -9.857597568810189e-04 -6.746159597122652e-03
14 16 -1.074333022830380e-03 -7.487791178329113e-03
15 16 -9.922770394262990e-04 -6.984459463685603e-03
16 16 -1.029186655144922e-03 -7.754347612033197e-03
17 16 -9.008160979285350e-04 -7.214836275220422e-03
18 16 -8.812692560885685e-04 -7.998903387887061e-03
19 16 -7.187681407376267e-04 -7.413736309792892e-03
20 16 -6.436610649851296e-04 -8.195803928900958e-03
21 16 -4.633041108225917e-04 -7.559964898291711e-03
22 16 -3.395446331938504e-04 -8.323559142105868e-03
23 16 -1.599767616300012e-04 -7.637429619925293e-03
24 16 -4.751214084130253e-17 -8.367825426712841e-03
25 16 1.599767616301109e-04 -7.637429619925275e-03
26 16 3.395446331937561e-04 -8.323559142105877e-03
27 16 4.633041108226952e-04 -7.559964898291705e-03
28 16 6.436610649850386e-04 -8.195803928900985e-03
29 16 7.187681407377211e-04 -7.413736309792860e-03
30 16 8.812692560884834e-04 -7.998903387887122e-03
31 16 9.008160979286178e-04 -7.214836275220352e-03
32 16 1.029186655144841e-03 -7.754347612033283e-03
33 16 9.922770394263721e-04 -6.984459463685502e-03
34 16 1.074333022830305e-03 -7.487791178329237e-03
35 16 9.857597568810831e-04 -6.746159597122517e-03
36 16 1.014430339939056e-03 -7.225896281905163e-03
37 16 8.837520987534899e-04 -6.523183462929782e-03
38 16 8.573894547420603e-04 -6.993547080653115e-03
39 16 6.976728135207091e-04 -6.336260991933477e-03
0 17 3.930132333649425e-04 -5.102112277569071e-03
1 17 2.524581880177797e-04 -4.515253136410256e-03
2 17 1.352050387170040e-04 -5.047393795093391e-03
3 17 5.165036647660733e-18 -4.491137681642963e-03
4 17 -1.352050387170274e-04 -5.047393795093368e-03
5 17 -2.524581880177694e-04 -4.515253136410302e-03
6 17 -3.930132333649665e-04 -5.102112277568996e-03
7 17 -4.812311653490907e-04 -4.585532480142239e-03
8 17 -6.140173001794035e-04 -5.206869964370208e-03
9 17 -6.645732503442848e-04 -4.695871457794912e-03
10 17 -7.770023924645781e-04 -5.352522973208895e-03
11 17 -7.845619526204831e-04 -4.836444596897358e-03
12 17 -8.656522941203604e-04 -5.525952037227716e-03
13 17 -8.288326698867591e-04 -4.994305355234326e-03
14 17 -8.702662752177349e-04 -5.710918583897445e-03
15 17 -7.920103467345886e-04 -5.154340824534685e-03
16 17 -7.890826926029134e-04 -5.889361642576910e-03
17 17 -6.766258357210058e-04 -5.300608052390947e-03
18 17 -6.289508540645405e-04 -6.043128821959429e-03
19 17 -4.932847774040815e-04 -5.417986554013782e-03
20 17 -4.050959311085253e-04 -6.156002356555459e-03
21 17 -2.599082433325471e-04 -5.493961998171613e-03
22 17 -1.398205016164340e-04 -6.215737547540943e-03
23 17 5.846442566950570e-17 -5.520253407185107e-03
24 17 1.398205016163205e-04 -6.215737547540955e-03
25 17 2.599082433326587e-04 -5.493961998171607e-03
26 17 4.050959311084198e-04 -6.156002356555472e-03
27 17 4.932847774041774e-04 -5.417986554013762e-03
28 17 6.289508540644504e-04 -6.043128821959461e-03
29 17 6.766258357210796e-04 -5.300608052390909e-03
30 17 7.890826926028415e-04 -5.889361642576970e-03
31 17 7.920103467346410e-04 -5.154340824534622e-03
32 17 8.702662752176805e-04 -5.710918583897530e-03
33 17 8.288326698867914e-04 -4.994305355234241e-03
34 17 8.656522941203192e-04 -5.525952037227822e-03
35 17 7.845619526205028e-04 -4.836444596897251e-03
36 17 7.770023924645455e-04 -5.352522973209011e-03
37 17 6.645732503442966e-04 -4.695871457794814e-03
38 17 6.140173001793775e-04 -5.206869964370322e-03
39 17 4.812311653491013e-04 -4.585532480142157e-03
0 18 2.286408845262173e-04 -3.399770570389061e-03
1 18 1.110882487609208e-04 -2.826204223367281e-03
2 18 1.622744005906298e-17 -3.382287428227864e-03
3 18 -1.110882487609648e-04 -2.826204223367296e-03
4 18 -2.286408845261852e-04 -3.399770570389030e-03
5 18 -3.227381461866386e-04 -2.854675052232738e-03
6 18 -4.356581881358317e-04 -3.450700404900653e-03
7 18 -5.037094408226675e-04 -2.909120546551516e-03
8 18 -6.012636968733887e-04 -3.530597330235224e-03
9 18 -6.365120310087802e-04 -2.984686668320833e-03
10 18 -7.092612689556649e-04 -3.632275144865639e-03
11 18 -7.079419088675097e-04 -3.074461039988986e-03
12 18 -7.486204653254512e-04 -3.746308061167952e-03
13 18 -7.104450147893594e-04 -3.169966609189227e-03
14 18 -7.147225212657535e-04 -3.861750972063963e-03
15 18 -6.430654226386883e-04 -3.261869191491772e-03
16 18 -6.101005938075107e-04 -3.967120477614220e-03
17 18 -5.118102288671084e-04 -3.340879159275857e-03
18 18 -4.444955857923662e-04 -4.051581138210166e-03
19 18 -3.292921049543437e-04 -3.398768906156052e-03
20 18 -2.341029470198587e-04 -4.106203560606978e-03
21 18 -1.135917051922546e-04 -3.429368603459227e-03
22 18 -4.829615822245127e-17 -4.125097251718109e-03
23 18 1.135917051923423e-04 -3.429368603459234e-03
24 18 2.341029470197687e-04 -4.106203560606983e-03
25 18 3.292921049544172e-04 -3.398768906156060e-03
26 18 4.444955857922932e-04 -4.051581138210171e-03
27 18 5.118102288671568e-04 -3.340879159275861e-03
28 18 6.101005938074645e-04 -3.967120477614235e-03
29 18 6.430654226387071e-04 -3.261869191491767e-03
30 18 7.147225212657327e-04 -3.861750972063998e-03
31 18 7.104450147893514e-04 -3.169966609189206e-03
32 18 7.486204653254535e-04 -3.746308061168000e-03
33 18 7.079419088674818e-04 -3.074461039988950e-03
34 18 7.092612689556820e-04 -3.632275144865703e-03
35 18 6.365120310087407e-04 -2.984686668320786e-03
36 18 6.012636968734164e-04 -3.530597330235290e-03
37 18 5.037094408226221e-04 -2.909120546551471e-03
38 18 4.356581881358629e-04 -3.450700404900708e-03
39 18 3.227381461865928e-04 -2.854675052232701e-03
0 19 1.044792915004513e-04 -1.699697919194511e-03
1 19 -4.312285568714799e-17 -1.132167664568704e-03
2 19 -1.044792915003697e-04 -1.699697919194508e-03
3 19 -2.024214071086388e-04 -1.137787581961845e-03
4 19 -3.034895554205622e-04 -1.716431597332919e-03
5 19 -3.855204270419215e-04 -1.154152344947952e-03
6 19 -4.735244584440525e-04 -1.748420689504515e-03
7 19 -5.316816250019587e-04 -1.179805275875541e-03
8 19 -5.981185730697900e-04 -1.792794804564666e-03
9 19 -6.266040084172133e-04 -1.212417092818271e-03
10 19 -6.649101918960065e-04 -1.845475662794608e-03
11 19 -6.606957764888895e-04 -1.248945917479692e-03
12 19 -6.669102404935233e-04 -1.901475966166775e-03
13 19 -6.301239641140527e-04 -1.285877326408079e-03
14 19 -6.033548601464682e-04 -1.955321100956765e-03
15 19 -5.373771456003922e-04 -1.319543177137835e-03
16 19 -4.799970489596759e-04 -2.001579189898116e-03
17 19 -3.912160868670677e-04 -1.346499074453406e-03
18 19 -3.087261397887336e-04 -2.035452422619368e-03
19 19 -2.059415880781602e-04 -1.363918047555013e-03
20 19 -1.064795238321146e-04 -2.053350646994964e-03
21 19 2.244295024436205e-17 -1.369940658195736e-03
22 19 1.064795238320618e-04 -2.053350646994956e-03
23 19 2.059415880781974e-04 -1.363918047555037e-03
24 19 3.087261397886955e-04 -2.035452422619347e-03
25 19 3.912160868670831e-04 -1.346499074453448e-03
26 19 4.799970489596620e-04 -2.001579189898079e-03
27 19 5.373771456003788e-04 -1.319543177137885e-03
28 19 6.033548601464849e-04 -1.955321100956735e-03
29 19 6.301239641140077e-04 -1.285877326408124e-03
30 19 6.669102404935676e-04 -1.901475966166753e-03
31 19 6.606957764888191e-04 -1.248945917479726e-03
32 19 6.649101918960717e-04 -1.845475662794600e-03
33 19 6.266040084171274e-04 -1.212417092818289e-03
34 19 5.981185730698683e-04 -1.792794804564672e-03
35 19 5.316816250018677e-04 -1.179805275875544e-03
36 19 4.735244584441359e-04 -1.748420689504527e-03
37 19 3.855204270418302e-04 -1.154152344947947e-03
38 19 3.034895554206450e-04 -1.716431597332930e-03
39 19 2.024214071085508e-04 -1.137787581961841e-03
0 20 5.359593987756491e-17 -7.784685934824179e-17
1 20 -1.012107035563053e-04 5.674888116334327e-04
2 20 -1.992246005376098e-04 -7.750976788087565e-17
3 20 -2.939709170787033e-04 5.729849817276441e-04
4 20 -3.794099093509323e-04 -7.082435916196643e-17
5 20 -4.586010260227435e-04 5.834894052059858e-04
6 20 -5.232068278059549e-04 -6.122793220627042e-17
7 20 -5.791428167079366e-04 5.980555921733979e-04
8 20 -6.165449944650060e-04 -5.164355491058434e-17
9 20 -6.436498924500516e-04 6.153407525746785e-04
10 20 -6.500056090786662e-04 -4.360583264629917e-17
11 20 -6.454098703030676e-04 6.337058109732013e-04
12 20 -6.198477952461274e-04 -3.627021045843736e-17
13 20 -5.837505548601410e-04 6.513551258856027e-04
14 20 -5.285509610970072e-04 -2.796235951795539e-17
15 20 -4.642966162344205e-04 6.665105628976920e-04
16 20 -3.847541531067868e-04 -1.602438349001508e-17
17 20 -2.985788374700085e-04 6.776042805014767e-04
18 20 -2.025275800482405e-04 2.890120599691160e-20
19 20 -1.029707940350979e-04 6.834646764378571e-04
20 20 -4.865058687835685e-18 1.874994116337904e-17
21 20 1.029707940350993e-04 6.834646764378342e-04
22 20 2.025275800482375e-04 3.706903723845924e-17
23 20 2.985788374699957e-04 6.776042805014161e-04
24 20 3.847541531068042e-04 5.025649872244552e-17
25 20 4.642966162343826e-04 6.665105628976038e-04
26 20 5.285509610970508e-04 5.432250396469121e-17
27 20 5.837505548600758e-04 6.513551258855045e-04
28 20 6.198477952462001e-04 4.694538955601912e-17
29 20 6.454098703029756e-04 6.337058109731089e-04
30 20 6.500056090787610e-04 2.881674291577561e-17
31 20 6.436498924499452e-04 6.153407525746016e-04
32 20 6.165449944651139e-04 2.901664058826784e-18
33 20 5.791428167078238e-04 5.980555921733440e-04
34 20 5.232068278060685e-04 -2.558822136948628e-17
35 20 4.586010260226321e-04 5.834894052059522e-04
36 20 3.794099093510442e-04 -5.125465358792921e-17
37 20 2.939709170785966e-04 5.729849817276272e-04
38 20 1.992246005377181e-04 -6.946457518616283e-17
39 20 1.012107035562020e-04 5.674888116334279e-04
0 21 -1.044792915003640e-04 1.699697919194360e-03
1 21 -2.120826006863870e-04 2.272888952521550e-03
2 21 -3.034895554205585e-04 1.716431597332783e-03
3 21 -4.039893380183335e-04 2.305982647910778e-03
4 21 -4.735244584440406e-04 1.748420689504398e-03
5 21 -5.573010322770132e-04 2.357870830248741e-03
6 21 -5.981185730697575e-04 1.792794804564569e-03
7 21 -6.570193160974591e-04 2.423854933709038e-03
8 21 -6.649101918959439e-04 1.845475662794525e-03
9 21 -6.930275667155853e-04 2.497791188885821e-03
10 21 -6.669102404934309e-04 1.901475966166703e-03
11 21 -6.612114671797021e-04 2.572571042363508e-03
12 21 -6.033548601463575e-04 1.955321100956701e-03
13 21 -5.640842657029849e-04 2.640763842635454e-03
14 21 -4.799970489595638e-04 2.001579189898064e-03
15 21 -4.107728068971086e-04 2.695382379961522e-03
16 21 -3.087261397886412e-04 2.035452422619342e-03
17 21 -2.162751327395018e-04 2.730685185725187e-03
18 21 -1.064795238320568e-04 2.053350646994970e-03
19 21 -9.928564360365079e-18 2.742892621707632e-03
20 21 1.064795238320778e-04 2.053350646994997e-03
21 21 2.162751327394759e-04 2.730685185725131e-03
22 21 3.087261397886740e-04 2.035452422619418e-03
23 21 4.107728068970671e-04 2.695382379961421e-03
24 21 4.799970489596167e-04 2.001579189898176e-03
25 21 5.640842657029231e-04 2.640763842635329e-03
26 21 6.033548601464333e-04 1.955321100956826e-03
27 21 6.612114671796188e-04 2.572571042363381e-03
28 21 6.669102404935264e-04 1.901475966166821e-03
29 21 6.930275667154876e-04 2.497791188885706e-03
30 21 6.649101918960512e-04 1.845475662794627e-03
31 21 6.570193160973561e-04 2.423854933708952e-03
32 21 5.981185730698690e-04 1.792794804564643e-03
33 21 5.573010322769115e-04 2.357870830248683e-03
34 21 4.735244584441497e-04 1.748420689504448e-03
35 21 4.039893380182390e-04 2.305982647910743e-03
36 21 3.034895554206630e-04 1.716431597332808e-03
37 21 2.120826006862983e-04 2.272888952521533e-03
38 21 1.044792915004647e-04 1.699697919194368e-03
39 21 -4.299102095430049e-17 2.261525370436159e-03
0 22 -2.286408845261838e-04 3.399770570388920e-03
1 22 -3.521424998517087e-04 3.985153556261735e-03
2 22 -4.356581881358278e-04 3.450700404900569e-03
3 22 -5.498379521720234e-04 4.063508161495995e-03
4 22 -6.012636968733588e-04 3.530597330235165e-03
5 22 -6.952157446563145e-04 4.172334241003873e-03
6 22 -7.092612689555860e-04 3.632275144865595e-03
7 22 -7.737788437912255e-04 4.301736997372896e-03
8 22 -7.486204653253176e-04 3.746308061167905e-03
9 22 -7.770960104713491e-04 4.439537596318703e-03
10 22 -7.147225212655728e-04 3.861750972063912e-03
11 22 -7.039005350326842e-04 4.572272689473242e-03
12 22 -6.101005938073112e-04 3.967120477614160e-03
13 22 -5.605736139982904e-04 4.686491255227971e-03
14 22 -4.444955857921814e-04 4.051581138210109e-03
15 22 -3.608283752290805e-04 4.770239152779364e-03
16 22 -2.341029470197247e-04 4.106203560606939e-03
17 22 -1.244999828413437e-04 4.814528002938584e-03
18 22 1.243837127214928e-17 4.125097251718097e-03
19 22 1.244999828413241e-04 4.814528002938553e-03
20 22 2.341029470197537e-04 4.106203560606994e-03
21 22 3.608283752290538e-04 4.770239152779274e-03
22 22 4.444955857922211e-04 4.051581138210221e-03
23 22 5.605736139982522e-04 4.686491255227842e-03
24 22 6.101005938073650e-04 3.967120477614300e-03
25 22 7.039005350326329e-04 4.572272689473103e-03
26 22 7.147225212656406e-04 3.861750972064052e-03
27 22 7.770960104712892e-04 4.439537596318574e-03
28 22 7.486204653253939e-04 3.746308061168028e-03
29 22 7.737788437911622e-04 4.301736997372799e-03
30 22 7.092612689556656e-04 3.632275144865684e-03
31 22 6.952157446562537e-04 4.172334241003808e-03
32 22 6.012636968734346e-04 3.530597330235225e-03
33 22 5.498379521719710e-04 4.063508161495958e-03
34 22 4.356581881358981e-04 3.450700404900598e-03
35 22 3.521424998516627e-04 3.985153556261707e-03
36 22 2.286408845262482e-04 3.399770570388935e-03
37 22 1.211821455939566e-04 3.944198347140563e-03
38 22 3.073885873879168e-17 3.382287428227740e-03
39 22 -1.211821455939979e-04 3.944198347140570e-03
0 23 -3.930132333649821e-04 5.102112277568959e-03
1 23 -5.417130440234495e-04 5.707935722668416e-03
2 23 -6.140173001794063e-04 5.206869964370201e-03
3 23 -7.486660542055948e-04 5.851771970886287e-03
4 23 -7.770023924645322e-04 5.352522973208902e-03
5 23 -8.846912694171229e-04 6.035262552316492e-03
6 23 -8.656522941202452e-04 5.525952037227719e-03
7 23 -9.356231553977368e-04 6.241641472013477e-03
8 23 -8.702662752175486e-04 5.710918583897427e-03
9 23 -8.950344946983827e-04 6.451212187813050e-03
10 23 -7.890826926026786e-04 5.889361642576857e-03
11 23 -7.654033581302451e-04 6.643060212468805e-03
12 23 -6.289508540643016e-04 6.043128821959344e-03
13 23 -5.584523429876816e-04 6.797229254033635e-03
14 23 -4.050959311083300e-04 6.156002356555359e-03
15 23 -2.943963719282567e-04 6.897118838797130e-03
16 23 -1.398205016163223e-04 6.215737547540866e-03
17 23 -5.326056871747774e-19 6.931704215679453e-03
18 23 1.398205016163324e-04 6.215737547540894e-03
19 23 2.943963719282549e-04 6.897118838797063e-03
20 23 4.050959311083439e-04 6.156002356555449e-03
21 23 5.584523429876766e-04 6.797229254033530e-03
22 23 6.289508540643205e-04 6.043128821959469e-03
23 23 7.654033581302367e-04 6.643060212468675e-03
24 23 7.890826926027026e-04 5.889361642576986e-03
25 23 8.950344946983749e-04 6.451212187812930e-03
26 23 8.702662752175754e-04 5.710918583897551e-03
27 23 9.356231553977305e-04 6.241641472013392e-03
28 23 8.656522941202708e-04 5.525952037227799e-03
29 23 8.846912694171199e-04 6.035262552316442e-03
30 23 7.770023924645537e-04 5.352522973208942e-03
31 23 7.486660542055994e-04 5.851771970886276e-03
32 23 6.140173001794196e-04 5.206869964370222e-03
33 23 5.417130440234603e-04 5.707935722668424e-03
34 23 3.930132333649893e-04 5.102112277568955e-03
35 23 2.840499186047348e-04 5.616407505830056e-03
36 23 1.352050387170311e-04 5.047393795093290e-03
37 23 9.543660688794034e-18 5.585016350648854e-03
38 23 -1.352050387170279e-04 5.047393795093280e-03
39 23 -2.840499186047176e-04 5.616407505830047e-03
0 24 -6.197768355027764e-04 6.811739719651588e-03
1 24 -8.026393423354429e-04 7.449075282246759e-03
2 24 -8.573894547421460e-04 6.993547080653034e-03
3 24 -1.017898972642298e-03 7.682515865586989e-03
4 24 -1.014430339939081e-03 7.225896281905076e-03
5 24 -1.136964845830931e-03 7.961574767038054e-03
6 24 -1.074333022830251e-03 7.487791178329146e-03
7 24 -1.146173468179715e-03 8.260524731230619e-03
8 24 -1.029186655144721e-03 7.754347612033172e-03
9 24 -1.042010440949829e-03 8.550236425381488e-03
10 24 -8.812692560883357e-04 7.998903387886979e-03
11 24 -8.324487210957811e-04 8.800919462874184e-03
12 24 -6.436610649849148e-04 8.195803928900826e-03
13 24 -5.370636175569877e-04 8.985546602043506e-03
14 24 -3.395446331937065e-04 8.323559142105728e-03
15 24 -1.855339129639526e-04 9.083465805299918e-03
16 24 -6.388150078665155e-18 8.367825426712704e-03
17 24 1.855339129639713e-04 9.083465805299890e-03
18 24 3.395446331936924e-04 8.323559142105781e-03
19 24 5.370636175570100e-04 8.985546602043428e-03
20 24 6.436610649848987e-04 8.195803928900932e-03
21 24 8.324487210958095e-04 8.800919462874075e-03
22 24 8.812692560883163e-04 7.998903387887099e-03
23 24 1.042010440949865e-03 8.550236425381391e-03
24 24 1.029186655144695e-03 7.754347612033266e-03
25 24 1.146173468179759e-03 8.260524731230555e-03
26 24 1.074333022830220e-03 7.487791178329206e-03
27 24 1.136964845830982e-03 7.961574767038036e-03
28 24 1.014430339939040e-03 7.225896281905091e-03
29 24 1.017898972642360e-03 7.682515865587017e-03
30 24 8.573894547421001e-04 6.993547080653017e-03
31 24 8.026393423355099e-04 7.449075282246801e-03
32 24 6.197768355027230e-04 6.811739719651571e-03
33 24 5.129424969654040e-04 7.281697859286371e-03
34 24 3.247811531132608e-04 6.696199211010667e-03
35 24 1.763193251739492e-04 7.194443198979267e-03
36 24 -2.865025062215591e-17 6.656599488277086e-03
37 24 -1.763193251738754e-04 7.194443198979251e-03
38 24 -3.247811531133167e-04 6.696199211010685e-03
39 24 -5.129424969653314e-04 7.281697859286328e-03
0 25 -9.335087507915372e-04 8.538565257566241e-03
1 25 -1.158924995186874e-03 9.222477187101811e-03
2 25 -1.185601109586691e-03 8.825688287227343e-03
3 25 -1.375507328892579e-03 9.574933433939970e-03
4 25 -1.326603765909855e-03 9.169876134782168e-03
5 25 -1.461894880471401e-03 9.974570547131838e-03
6 25 -1.339858806657324e-03 9.539756420127615e-03
7 25 -1.405512991718200e-03 1.038391298800798e-02
8 25 -1.220309877442359e-03 9.899354459387891e-03
9 25 -1.207489611834494e-03 1.076178896989167e-02
10 25 -9.764243922657172e-04 1.021142386246757e-02
11 25 -8.842729551198740e-04 1.106765531344550e-02
12 25 -6.306813232047941e-04 1.044180600244093e-02
13 25 -4.672774012753738e-04 1.126689093784231e-02
14 25 -2.180089782626089e-04 1.056417959050588e-02
15 25 1.162698410091111e-17 1.133606843217645e-02
16 25 2.180089782625819e-04 1.056417959050591e-02
17 25 4.672774012754017e-04 1.126689093784227e-02
18 25 6.306813232047611e-04 1.044180600244100e-02
19 25 8.842729551199137e-04 1.106765531344544e-02
20 25 9.764243922656729e-04 1.021142386246767e-02
21 25 1.207489611834553e-03 1.076178896989160e-02
22 25 1.220309877442298e-03 9.899354459387961e-03
23 25 1.405512991718271e-03 1.038391298800794e-02
24 25 1.339858806657251e-03 9.539756420127646e-03
25 25 1.461894880471490e-03 9.974570547131847e-03
26 25 1.326603765909771e-03 9.169876134782134e-03
27 25 1.375507328892677e-03 9.574933433940044e-03
28 25 1.185601109586599e-03 8.825688287227287e-03
29 25 1.158924995186978e-03 9.222477187101905e-03
30 25 9.335087507914394e-04 8.538565257566147e-03
31 25 8.356904910012871e-04 8.948053087966071e-03
32 25 5.959511208239778e-04 8.333144526748427e-03
33 25 4.372428606372449e-04 8.774272358027340e-03
34 25 2.047406902477918e-04 8.226205458724628e-03
35 25 5.315087405879216e-17 8.714821921094504e-03
36 25 -2.047406902478907e-04 8.226205458724647e-03
37 25 -4.372428606371386e-04 8.774272358027288e-03
38 25 -5.959511208240761e-04 8.333144526748508e-03
39 25 -8.356904910011809e-04 8.948053087965990e-03
0 26 -1.361887246630221e-03 1.029944572599950e-02
1 26 -1.637315163693684e-03 1.105035748629406e-02
2 26 -1.619787099517008e-03 1.072679924246590e-02
3 26 -1.840045115540528e-03 1.155810475050333e-02
4 26 -1.725612216940766e-03 1.121332539864690e-02
5 26 -1.867165532670521e-03 1.210837261207058e-02
6 26 -1.663107301661918e-03 1.171384373757745e-02
7 26 -1.708344016167334e-03 1.264798464232957e-02
8 26 -1.432012852799716e-03 1.217785173622526e-02
9 26 -1.372348545961147e-03 1.312002498731576e-02
10 26 -1.050611979097324e-03 1.255482365998160e-02
11 26 -8.890098330234458e-04 1.347076092071784e-02
12 26 -5.558368914498978e-04 1.280104583071278e-02
13 26 -3.077840889893606e-04 1.365784855336889e-02
14 26 -8.696384587854871e-18 1.288666155055943e-02
15 26 3.077840889893665e-04 1.365784855336887e-02
16 26 5.558368914498747e-04 1.280104583071283e-02
17 26 8.890098330234653e-04 1.347076092071779e-02
18 26 1.050611979097286e-03 1.255482365998168e-02
19 26 1.372348545961187e-03 1.312002498731568e-02
20 26 1.432012852799658e-03 1.217785173622532e-02
21 26 1.708344016167401e-03 1.264798464232953e-02
22 26 1.663107301661839e-03 1.171384373757747e-02
23 26 1.867165532670611e-03 1.210837261207061e-02
24 26 1.725612216940668e-03 1.121332539864686e-02
25 26 1.840045115540635e-03 1.155810475050342e-02
26 26 1.619787099516901e-03 1.072679924246579e-02
27 26 1.637315163693798e-03 1.105035748629420e-02
28 26 1.361887246630108e-03 1.029944572599937e-02
29 26 1.284498672567585e-03 1.062992796656941e-02
30 26 9.804467374795152e-04 9.967826205117478e-03
31 26 8.178945783254230e-04 1.033086787456248e-02
32 26 5.124525577962742e-04 9.758331308418012e-03
33 26 2.806102723413254e-04 1.017575020627418e-02
34 26 -5.463862870554797e-17 9.686752759160470e-03
35 26 -2.806102723412201e-04 1.017575020627414e-02
36 26 -5.124525577963846e-04 9.758331308418087e-03
37 26 -8.178945783253140e-04 1.033086787456236e-02
38 26 -9.804467374796280e-04 9.967826205117609e-03
39 26 -1.284498672567474e-03 1.062992796656926e-02
0 27 -1.936452584378561e-03 1.212066234205425e-02
1 27 -2.267938768765305e-03 1.296609093086462e-02
2 27 -2.182565673676594e-03 1.273179756607735e-02
3 27 -2.430449018752861e-03 1.367430349270670e-02
4 27 -2.221750654210448e-03 1.339787929084658e-02
5 27 -2.356747173351009e-03 1.441135925173975e-02
6 27 -2.039099401892272e-03 1.405489512022421e-02
7 27 -2.040800241453180e-03 1.510244904495321e-02
8 27 -1.642524164450425e-03 1.463276957772214e-02
9 27 -1.504174618195359e-03 1.566951103257204e-02
10 27 -1.066192250439463e-03 1.506404495032932e-02
11 27 -7.982013886006891e-04 1.604263469976288e-02
12 27 -3.695268176701339e-04 1.529475923043744e-02
13 27 -1.813785127733619e-17 1.617288777631735e-02
14 27 3.695268176701477e-04 1.529475923043746e-02
15 27 7.982013886006625e-04 1.604263469976282e-02
16 27 1.066192250439465e-03 1.506404495032937e-02
17 27 1.504174618195352e-03 1.566951103257198e-02
18 27 1.642524164450400e-03 1.463276957772220e-02
19 27 2.040800241453211e-03 1.510244904495316e-02
20 27 2.039099401892220e-03 1.405489512022423e-02
21 27 2.356747173351066e-03 1.441135925173976e-02
22 27 2.221750654210368e-03 1.339787929084654e-02
23 27 2.430449018752941e-03 1.367430349270680e-02
24 27 2.182565673676503e-03 1.273179756607723e-02
25 27 2.267938768765396e-03 1.296609093086477e-02
26 27 1.936452584378466e-03 1.212066234205408e-02
27 27 1.896976101239902e-03 1.235061064876089e-02
28 27 1.515527198045469e-03 1.161713302154809e-02
29 27 1.360190705955443e-03 1.187720151473653e-02
30 27 9.633535507821863e-04 1.126033739043050e-02
31 27 7.091344674336880e-04 1.158000211382558e-02
32 27 3.302232474378864e-04 1.107572151033976e-02
33 27 3.377857995044861e-17 1.147878676387505e-02
34 27 -3.302232474379711e-04 1.107572151033980e-02
35 27 -7.091344674336167e-04 1.158000211382549e-02
36 27 -9.633535507822751e-04 1.126033739043062e-02
37 27 -1.360190705955361e-03 1.187720151473637e-02
38 27 -1.515527198045564e-03 1.161713302154826e-02
39 27 -1.896976101239813e-03 1.235061064876070e-02
0 28 -2.693640159856332e-03 1.404110690152405e-02
1 28 -3.085233491150175e-03 1.501808534553276e-02
2 28 -2.898151327165377e-03 1.489101222089969e-02
3 28 -3.165564031037030e-03 1.598380806549778e-02
4 28 -2.821968003911830e-03 1.578240170163734e-02
5 28 -2.928160200011702e-03 1.695123765286870e-02
6 28 -2.453233434309337e-03 1.662462467733939e-02
7 28 -2.375026895051223e-03 1.781457670289288e-02
8 28 -1.813995068192710e-03 1.732037732223425e-02
9 28 -1.549660805103082e-03 1.846661983978476e-02
10 28 -9.646585817692874e-04 1.778049408089381e-02
11 28 -5.385789862528135e-04 1.881818007583208e-02
12 28 3.158569351378483e-17 1.794154973970030e-02
13 28 5.385789862527303e-04 1.881818007583206e-02
14 28 9.646585817693417e-04 1.778049408089385e-02
15 28 1.549660805103017e-03 1.846661983978471e-02
16 28 1.813995068192740e-03 1.732037732223431e-02
17 28 2.375026895051188e-03 1.781457670289285e-02
18 28 2.453233434309338e-03 1.662462467733944e-02
19 28 2.928160200011702e-03 1.695123765286869e-02
20 28 2.821968003911804e-03 1.578240170163733e-02
21 28 3.165564031037057e-03 1.598380806549784e-02
22 28 2.898151327165326e-03 1.489101222089960e-02
23 28 3.085233491150217e-03 1.501808534553290e-02
24 28 2.693640159856279e-03 1.404110690152389e-02
25 28 2.717613722234365e-03 1.414508386137575e-02
26 28 2.245308128563863e-03 1.330769159470105e-02
27 28 2.114299574206414e-03 1.343500213272792e-02
28 28 1.605714940421183e-03 1.274683487100148e-02
29 28 1.338340841938088e-03 1.293679835198057e-02
30 28 8.357566234961215e-04 1.239617742617995e-02
31 28 4.577704060420992e-04 1.268060797153746e-02
32 28 -1.498159754619022e-17 1.227700866753347e-02
33 28 -4.577704060420901e-04 1.268060797153741e-02
34 28 -8.357566234961551e-04 1.239617742618005e-02
35 28 -1.338340841938069e-03 1.293679835198041e-02
36 28 -1.605714940421226e-03 1.274683487100166e-02
37 28 -2.114299574206380e-03 1.343500213272772e-02
38 28 -2.245308128563919e-03 1.330769159470125e-02
39 28 -2.717613722234319e-03 1.414508386137557e-02
0 29 -3.676493142950512e-03 1.611669999477679e-02
1 29 -4.129544716863004e-03 1.727549019615223e-02
2 29 -3.792490328381229e-03 1.727618787051388e-02
3 29 -4.063249586099143e-03 1.857237245397541e-02
4 29 -3.527082877517610e-03 1.844981102999043e-02
5 29 -3.567573273080070e-03 1.982286039815524e-02
6 29 -2.874731089903447e-03 1.950749331222719e-02
7 29 -2.659792232480922e-03 2.087478224902036e-02
8 29 -1.882630888305946e-03 2.031283733488091e-02
9 29 -1.422190710052523e-03 2.158003427860799e-02
10 29 -6.556064659873324e-04 2.074939590778467e-02
11 29 -6.147306858280424e-17 2.182872378469883e-02
12 29 6.556064659874363e-04 2.074939590778468e-02
13 29 1.422190710052408e-03 2.158003427860792e-02
14 29 1.882630888306033e-03 2.031283733488103e-02
15 29 2.659792232480836e-03 2.087478224902027e-02
16 29 2.874731089903505e-03 1.950749331222726e-02
17 29 3.567573273080018e-03 1.982286039815521e-02
18 29 3.527082877517640e-03 1.844981102999046e-02
19 29 4.063249586099134e-03 1.857237245397541e-02
20 29 3.792490328381234e-03 1.727618787051386e-02
21 29 4.129544716862990e-03 1.727549019615235e-02
22 29 3.676493142950505e-03 1.611669999477667e-02
23 29 3.800290689242058e-03 1.606373552659190e-02
24 29 3.222870102403064e-03 1.507877769062633e-02
25 29 3.140943708803868e-03 1.503697858377782e-02
26 29 2.497643786268972e-03 1.424163474145265e-02
27 29 2.231732365053416e-03 1.426333983572547e-02
28 29 1.576700355348612e-03 1.365803505168428e-02
29 29 1.156917532919591e-03 1.378463654330625e-02
30 29 5.385476469806880e-04 1.335912706607797e-02
31 29 -2.867858779318220e-17 1.362281608467411e-02
32 29 -5.385476469806524e-04 1.335912706607804e-02
33 29 -1.156917532919642e-03 1.378463654330614e-02
34 29 -1.576700355348588e-03 1.365803505168444e-02
35 29 -2.231732365053450e-03 1.426333983572529e-02
36 29 -2.497643786268961e-03 1.424163474145286e-02
37 29 -3.140943708803880e-03 1.503697858377761e-02
38 29 -3.222870102403067e-03 1.507877769062653e-02
39 29 -3.800290689242058e-03 1.606373552659176e-02
0 30 -4.937778149065770e-03 1.842706624416560e-02
1 30 -5.450055295307198e-03 1.983730463304380e-02
2 30 -4.893468469677631e-03 1.999013603162113e-02
3 30 -5.138600000308610e-03 2.156353377814182e-02
4 30 -4.326605938931063e-03 2.151802258660855e-02
5 30 -4.240610724534671e-03 2.316065955203725e-02
6 30 -3.244838332164630e-03 2.281928692230694e-02
7 30 -2.803690987060273e-03 2.440394272263621e-02
8 30 -1.741955791835920e-03 2.369997646381639e-02
9 30 -9.814212494263068e-04 2.508795699964866e-02
10 30 6.286282521485741e-17 2.401212191961945e-02
11 30 9.814212494261780e-04 2.508795699964866e-02
12 30 1.741955791836035e-03 2.369997646381643e-02
13 30 2.803690987060159e-03 2.440394272263615e-02
14 30 3.244838332164727e-03 2.281928692230702e-02
15 30 4.240610724534591e-03 2.316065955203715e-02
16 30 4.326605938931121e-03 2.151802258660863e-02
17 30 5.138600000308552e-03 2.156353377814177e-02
18 30 4.893468469677677e-03 1.999013603162112e-02
19 30 5.450055295307153e-03 1.983730463304383e-02
20 30 4.937778149065797e-03 1.842706624416553e-02
21 30 5.212875208328236e-03 1.817763515230053e-02
22 30 4.514028790823100e-03 1.698604904094904e-02
23 30 4.515533288074380e-03 1.672914002042988e-02
24 30 3.710106605963429e-03 1.577948387035890e-02
25 30 3.466192614019724e-03 1.558557012582619e-02
26 30 2.625162584905172e-03 1.487898537033433e-02
27 30 2.173699918428843e-03 1.480105327672740e-02
28 30 1.357376550014441e-03 1.432545083503267e-02
29 30 7.399616660544738e-04 1.440320373916475e-02
30 30 4.815785555196737e-17 1.413896334992194e-02
31 30 -7.399616660545811e-04 1.440320373916469e-02
32 30 -1.357376550014353e-03 1.432545083503278e-02
33 30 -2.173699918428936e-03 1.480105327672727e-02
34 30 -2.625162584905099e-03 1.487898537033449e-02
35 30 -3.466192614019796e-03 1.558557012582599e-02
36 30 -3.710106605963376e-03 1.577948387035912e-02
37 30 -4.515533288074419e-03 1.672914002042973e-02
38 30 -4.514028790823055e-03 1.698604904094920e-02
39 30 -5.212875208328267e-03 1.817763515230043e-02
0 31 -6.545802024496125e-03 2.108648876022247e-02
1 31 -7.110167225550111e-03 2.284800115595264e-02
2 31 -6.231051499673797e-03 2.318323969825105e-02
3 31 -6.399943897284428e-03 2.514000447570891e-02
4 31 -5.188463364653624e-03 2.515816852526827e-02
5 31 -4.874063956981609e-03 2.715883368857300e-02
6 31 -3.454642919343642e-03 2.671922331104479e-02
7 31 -2.644067048873930e-03 2.856138956792617e-02
8 31 -1.214016145213010e-03 2.758699338724004e-02
9 31 -5.176214067194224e-17 2.906569464435079e-02
10 31 1.214016145213116e-03 2.758699338724006e-02
11 31 2.644067048873832e-03 2.856138956792609e-02
12 31 3.454642919343731e-03 2.671922331104487e-02
13 31 4.874063956981528e-03 2.715883368857290e-02
14 31 5.188463364653696e-03 2.515816852526837e-02
15 31 6.399943897284368e-03 2.514000447570884e-02
16 31 6.231051499673851e-03 2.318323969825112e-02
17 31 7.110167225550077e-03 2.284800115595258e-02
18 31 6.545802024496174e-03 2.108648876022248e-02
19 31 7.045895034676768e-03 2.058679506177226e-02
20 31 6.204386138054232e-03 1.910683576694173e-02
21 31 6.335932225811202e-03 1.857334547583138e-02
22 31 5.332538606510060e-03 1.740743067884664e-02
23 31 5.136965282249525e-03 1.693757525826800e-02
24 31 4.068395764877572e-03 1.608402569996889e-02
25 31 3.598281121515259e-03 1.574533378004735e-02
26 31 2.540752446966838e-03 1.518528202352443e-02
27 31 1.849114211029364e-03 1.502423563631046e-02
28 31 8.630962658905075e-04 1.473231214865178e-02
29 31 -6.715375566305876e-17 1.478327715481201e-02
30 31 -8.630962658903769e-04 1.473231214865183e-02
31 31 -1.849114211029489e-03 1.502423563631038e-02
32 31 -2.540752446966724e-03 1.518528202352455e-02
33 31 -3.598281121515368e-03 1.574533378004722e-02
34 31 -4.068395764877484e-03 1.608402569996906e-02
35 31 -5.136965282249599e-03 1.693757525826784e-02
36 31 -5.332538606510004e-03 1.740743067884678e-02
37 31 -6.335932225811258e-03 1.857334547583127e-02
38 31 -6.204386138054181e-03 1.910683576694183e-02
39 31 -7.045895034676801e-03 2.058679506177221e-02
0 32 -8.595397279357308e-03 2.426325008643118e-02
1 32 -9.197352952995870e-03 2.652616485327979e-02
2 32 -7.836571920922653e-03 2.708337219936804e-02
3 32 -7.838868523332144e-03 2.958283382627052e-02
4 32 -6.037069576867280e-03 2.962586643403613e-02
5 32 -5.317202560779393e-03 3.210417198686971e-02
6 32 -3.301514305310553e-03 3.142504813360401e-02
7 32 -1.888023538988506e-03 3.354773736549031e-02
8 32 2.650716500604118e-17 3.207859710812517e-02
9 32 1.888023538988464e-03 3.354773736549028e-02
10 32 3.301514305310603e-03 3.142504813360410e-02
11 32 5.317202560779354e-03 3.210417198686966e-02
12 32 6.037069576867323e-03 2.962586643403624e-02
13 32 7.838868523332135e-03 2.958283382627041e-02
14 32 7.836571920922672e-03 2.708337219936817e-02
15 32 9.197352952995862e-03 2.652616485327969e-02
16 32 8.595397279357337e-03 2.426325008643123e-02
17 32 9.429156172717296e-03 2.343420413377516e-02
18 32 8.412730611138649e-03 2.154840473394027e-02
19 32 8.737184080353018e-03 2.065027981972909e-02
20 32 7.483438646300592e-03 1.918557514352828e-02
21 32 7.367140461190697e-03 1.835864754248352e-02
22 32 6.014875693045248e-03 1.730261455134086e-02
23 32 5.538711982890275e-03 1.663341460499992e-02
24 32 4.186938651883078e-03 1.595035770541887e-02
25 32 3.425002720484706e-03 1.549015377815189e-02
26 32 2.143544864247691e-03 1.514056038175101e-02
27 32 1.157739839694764e-03 1.492239208897725e-02
28 32 6.668070383969975e-17 1.487130415305437e-02
29 32 -1.157739839694888e-03 1.492239208897721e-02
30 32 -2.143544864247567e-03 1.514056038175109e-02
31 32 -3.425002720484810e-03 1.549015377815179e-02
32 32 -4.186938651882977e-03 1.595035770541895e-02
33 32 -5.538711982890349e-03 1.663341460499981e-02
34 32 -6.014875693045175e-03 1.730261455134096e-02
35 32 -7.367140461190742e-03 1.835864754248343e-02
36 32 -7.483438646300539e-03 1.918557514352837e-02
37 32 -8.737184080353025e-03 2.065027981972907e-02
38 32 -8.412730611138626e-03 2.154840473394026e-02
39 32 -9.429156172717289e-03 2.343420413377521e-02
0 33 -1.122920448434572e-02 2.821618077492966e-02
1 33 -1.184135063873530e-02 3.122070785155131e-02
2 33 -9.738245320638840e-03 3.205352767728269e-02
3 33 -9.403297133212581e-03 3.534712010162737e-02
4 33 -6.702979630314146e-03 3.531585875765272e-02
5 33 -5.254895163278772e-03 3.842711737133761e-02
6 33 -2.400377560129937e-03 3.722374980354685e-02
7 33 1.644729253954487e-17 3.958031325699789e-02
8 33 2.400377560129913e-03 3.722374980354695e-02
9 33 5.254895163278809e-03 3.842711737133755e-02
10 33 6.702979630314112e-03 3.531585875765283e-02
11 33 9.403297133212618e-03 3.534712010162724e-02
12 33 9.738245320638808e-03 3.205352767728279e-02
13 33 1.184135063873536e-02 3.122070785155115e-02
14 33 1.122920448434568e-02 2.821618077492976e-02
15 33 1.256463126035521e-02 2.693123767640106e-02
16 33 1.131702313555918e-02 2.446181435185363e-02
17 33 1.191970648237193e-02 2.306274623547979e-02
18 33 1.033033644307325e-02 2.118646429463604e-02
19 33 1.032527410535644e-02 1.988594046900187e-02
20 33 8.605764385979639e-03 1.856170083544636e-02
21 33 8.128775090474947e-03 1.747132962705047e-02
22 33 6.412178102725329e-03 1.662659724482196e-02
23 33 5.576107221437284e-03 1.579744764397979e-02
24 33 3.941885039442932e-03 1.536306633110153e-02
25 33 2.830061946335598e-03 1.481809891459959e-02
26 33 1.328596781292089e-03 1.474103992876870e-02
27 33 -4.492645184012315e-17 1.449619496101916e-02
28 33 -1.328596781291987e-03 1.474103992876872e-02
29 33 -2.830061946335680e-03 1.481809891459957e-02
30 33 -3.941885039442842e-03 1.536306633110160e-02
31 33 -5.576107221437339e-03 1.579744764397974e-02
32 33 -6.412178102725263e-03 1.662659724482202e-02
33 33 -8.128775090474964e-03 1.747132962705038e-02
34 33 -8.605764385979601e-03 1.856170083544641e-02
35 33 -1.032527410535642e-02 1.988594046900184e-02
36 33 -1.033033644307325e-02 2.118646429463603e-02
37 33 -1.191970648237191e-02 2.306274623547984e-02
38 33 -1.131702313555919e-02 2.446181435185360e-02
39 33 -1.256463126035517e-02 2.693123767640114e-02
0 34 -1.468112427775460e-02 3.336904098195976e-02
1 34 -1.524846352671547e-02 3.753061309086066e-02
2 34 -1.194252203363245e-02 3.871084691574328e-02
3 34 -1.091900238643250e-02 4.321727648287889e-02
4 34 -6.798148985307534e-03 4.285611358170872e-02
5 34 -4.001845360285506e-03 4.676608503416861e-02
6 34 -4.590270769666969e-17 4.444313143666134e-02
7 34 4.001845360285605e-03 4.676608503416857e-02
8 34 6.798148985307442e-03 4.285611358170884e-02
9 34 1.091900238643258e-02 4.321727648287880e-02
10 34 1.194252203363236e-02 3.871084691574340e-02
11 34 1.524846352671556e-02 3.753061309086055e-02
12 34 1.468112427775452e-02 3.336904098195984e-02
13 34 1.679549043581373e-02 3.140627756085384e-02
14 34 1.520686497185084e-02 2.806607935265767e-02
15 34 1.620473087949915e-02 2.593732542344567e-02
16 34 1.412760502358484e-02 2.349050686850448e-02
17 34 1.425726239595254e-02 2.153748989051997e-02
18 34 1.203545685588141e-02 1.987078383452556e-02
19 34 1.154157612178909e-02 1.823514969873612e-02
20 34 9.358300574843744e-03 1.719816994380276e-02
21 34 8.423840650188039e-03 1.591737780308078e-02
22 34 6.365304271156631e-03 1.538367410180589e-02
23 34 5.110250938239361e-03 1.445431113598963e-02
24 34 3.214747565342360e-03 1.433616862403583e-02
25 34 1.711270958141805e-03 1.374809387947384e-02
26 34 2.762021462633585e-17 1.399410015389709e-02
27 34 -1.711270958141841e-03 1.374809387947382e-02
28 34 -3.214747565342313e-03 1.433616862403588e-02
29 34 -5.110250938239388e-03 1.445431113598958e-02
30 34 -6.365304271156601e-03 1.538367410180595e-02
31 34 -8.423840650188039e-03 1.591737780308076e-02
32 34 -9.358300574843739e-03 1.719816994380281e-02
33 34 -1.154157612178907e-02 1.823514969873613e-02
34 34 -1.203545685588142e-02 1.987078383452551e-02
35 34 -1.425726239595252e-02 2.153748989052002e-02
36 34 -1.412760502358488e-02 2.349050686850438e-02
37 34 -1.620473087949906e-02 2.593732542344575e-02
38 34 -1.520686497185092e-02 2.806607935265759e-02
39 34 -1.679549043581366e-02 3.140627756085394e-02
0 35 -1.937315927766972e-02 4.047697684393327e-02
1 35 -1.976649316280298e-02 4.658919093813147e-02
2 35 -1.436147471011347e-02 4.819356365192574e-02
3 35 -1.183901997230059e-02 5.464353236114798e-02
4 35 -5.381539977670304e-03 5.324953092471896e-02
5 35 6.098011622568710e-17 5.796218569846086e-02
6 35 5.381539977670167e-03 5.324953092471896e-02
7 35 1.183901997230070e-02 5.464353236114788e-02
8 35 1.436147471011334e-02 4.819356365192585e-02
9 35 1.976649316280310e-02 4.658919093813137e-02
10 35 1.937315927766960e-02 4.047697684393337e-02
11 35 2.276514740331506e-02 3.740310561012083e-02
12 35 2.059674957841435e-02 3.269063432720643e-02
13 35 2.214861890627257e-02 2.941467571275096e-02
14 35 1.928948333143754e-02 2.616829881149155e-02
15 35 1.954267579621209e-02 2.327152546468306e-02
16 35 1.658646540370869e-02 2.118960056586755e-02
17 35 1.600961099049815e-02 1.883225205177888e-02
18 35 1.320426930410136e-02 1.759826049889429e-02
19 35 1.210469349826500e-02 1.576650835098699e-02
20 35 9.526830529215657e-03 1.514800314731636e-02
21 35 8.081641030911815e-03 1.377952036174384e-02
22 35 5.737883815361034e-03 1.363003931974963e-02
23 35 4.038583822416012e-03 1.266532821304625e-02
24 35 1.914815484787710e-03 1.290509190887658e-02
25 35 8.169974410715305e-18 1.230653617269914e-02
26 35 -1.914815484787712e-03 1.290509190887658e-02
27 35 -4.038583822415990e-03 1.266532821304626e-02
28 35 -5.737883815361037e-03 1.363003931974964e-02
29 35 -8.081641030911796e-03 1.377952036174383e-02
30 35 -9.526830529215670e-03 1.514800314731635e-02
31 35 -1.210469349826496e-02 1.576650835098703e-02
32 35 -1.320426930410141e-02 1.759826049889427e-02
33 35 -1.600961099049811e-02 1.883225205177893e-02
34 35 -1.658646540370876e-02 2.118960056586751e-02
35 35 -1.954267579621201e-02 2.327152546468314e-02
36 35 -1.928948333143763e-02 2.616829881149146e-02
37 35 -2.214861890627247e-02 2.941467571275105e-02
38 35 -2.059674957841444e-02 3.269063432720630e-02
39 35 -2.276514740331496e-02 3.740310561012093e-02
0 36 -2.616232183812295e-02 5.105272541880397e-02
1 36 -2.598934817020757e-02 6.084951631318147e-02
2 36 -1.651115614827263e-02 6.281518822663873e-02
3 36 -1.035743075406722e-02 7.247693970005172e-02
4 36 -6.880912152606067e-17 6.793965772663578e-02
5 36 1.035743075406734e-02 7.247693970005169e-02
6 36 1.651115614827249e-02 6.281518822663876e-02
7 36 2.598934817020768e-02 6.084951631318145e-02
8 36 2.616232183812283e-02 5.105272541880401e-02
9 36 3.183797751784932e-02 4.589110177059584e-02
10 36 2.849476322799618e-02 3.884504976796022e-02
11 36 3.079384087044546e-02 3.358677458754097e-02
12 36 2.653510238377950e-02 2.921836020525214e-02
13 36 2.678982805233553e-02 2.488304562987384e-02
14 36 2.268411262727578e-02 2.235461154947787e-02
15 36 2.184600355272174e-02 1.902436407974325e-02
16 36 1.817786527998126e-02 1.765514183232901e-02
17 36 1.676545457805365e-02 1.515847482603206e-02
18 36 1.354069718097976e-02 1.452786366954263e-02
19 36 1.180603761815326e-02 1.267627536456377e-02
20 36 8.954528028850533e-03 1.255001135010706e-02
21 36 7.006439658207137e-03 1.119732130280175e-02
22 36 4.451077012807787e-03 1.145728678636246e-02
23 36 2.321900348984827e-03 1.050618642558535e-02
24 36 -2.159981254843302e-17 1.110786466034354e-02
25 36 -2.321900348984772e-03 1.050618642558536e-02
26 36 -4.451077012807838e-03 1.145728678636246e-02
27 36 -7.006439658207078e-03 1.119732130280176e-02
28 36 -8.954528028850592e-03 1.255001135010702e-02
29 36 -1.180603761815321e-02 1.267627536456381e-02
30 36 -1.354069718097982e-02 1.452786366954259e-02
31 36 -1.676545457805360e-02 1.515847482603211e-02
32 36 -1.817786527998134e-02 1.765514183232895e-02
33 36 -2.184600355272165e-02 1.902436407974332e-02
34 36 -2.268411262727585e-02 2.235461154947779e-02
35 36 -2.678982805233547e-02 2.488304562987391e-02
36 36 -2.653510238377957e-02 2.921836020525204e-02
37 36 -3.079384087044536e-02 3.358677458754103e-02
38 36 -2.849476322799627e-02 3.884504976796012e-02
39 36 -3.183797751784921e-02 4.589110177059592e-02
0 37 -3.711207773984555e-02 6.870139760919203e-02
1 37 -3.467364713595599e-02 8.677893580565217e-02
2 37 -1.604952262387181e-02 8.775425402854577e-02
3 37 1.931096462727510e-17 1.021505283218131e-01
4 37 1.604952262387173e-02 8.775425402854577e-02
5 37 3.467364713595608e-02 8.677893580565214e-02
6 37 3.711207773984547e-02 6.870139760919193e-02
7 37 4.746152047825216e-02 5.871739730350533e-02
8 37 4.112129992483370e-02 4.728417641317331e-02
9 37 4.425151502207257e-02 3.820062587109896e-02
10 37 3.717994636515936e-02 3.234742539940699e-02
11 37 3.696995832083150e-02 2.572809293081714e-02
12 37 3.096555917238783e-02 2.290414137597810e-02
13 37 2.943787086751992e-02 1.827284100371060e-02
14 37 2.455020019235513e-02 1.699212650595578e-02
15 37 2.253058103170112e-02 1.372804550239141e-02
16 37 1.850144697146858e-02 1.326838820426092e-02
17 37 1.629580077699378e-02 1.092340360675033e-02
18 37 1.287924297227896e-02 1.094737698437174e-02
19 37 1.058219616650295e-02 9.232423739081832e-03
20 37 7.591436662455255e-03 9.589498193305776e-03
21 37 5.208278962263531e-03 8.324193712786374e-03
22 37 2.507798085378133e-03 8.961215285797618e-03
23 37 3.518228593610624e-17 8.037552726592305e-03
24 37 -2.507798085378203e-03 8.961215285797606e-03
25 37 -5.208278962263462e-03 8.324193712786410e-03
26 37 -7.591436662455319e-03 9.589498193305738e-03
27 37 -1.058219616650288e-02 9.232423739081881e-03
28 37 -1.287924297227902e-02 1.094737698437170e-02
29 37 -1.629580077699376e-02 1.092340360675039e-02
30 37 -1.850144697146864e-02 1.326838820426086e-02
31 37 -2.253058103170109e-02 1.372804550239147e-02
32 37 -2.455020019235521e-02 1.699212650595571e-02
33 37 -2.943787086751989e-02 1.827284100371069e-02
34 37 -3.096555917238791e-02 2.290414137597802e-02
35 37 -3.696995832083148e-02 2.572809293081720e-02
36 37 -3.717994636515942e-02 3.234742539940687e-02
37 37 -4.425151502207254e-02 3.820062587109902e-02
38 37 -4.112129992483377e-02 4.728417641317327e-02
39 37 -4.746152047825218e-02 5.871739730350541e-02
0 38 -5.872342447897999e-02 1.047157077337289e-01
1 38 -4.321678994848743e-02 1.471957094597421e-01
2 38 -1.236619499459308e-17 1.345993188465403e-01
3 38 4.321678994848740e-02 1.471957094597422e-01
4 38 5.872342447897991e-02 1.047157077337288e-01
5 38 8.101679346471258e-02 7.928352373562743e-02
6 38 6.410474142497752e-02 5.858633383426413e-02
7 38 6.699984155870482e-02 4.130068032487973e-02
8 38 5.367394895289349e-02 3.417212644941451e-02
9 38 5.144595138635299e-02 2.397970830925852e-02
10 38 4.228900452907287e-02 2.166069818466175e-02
11 38 3.910074372626186e-02 1.544556218341623e-02
12 38 3.255498893667703e-02 1.485162641111150e-02
13 38 2.939011052125607e-02 1.082793569601149e-02
14 38 2.441722816632534e-02 1.091884966257668e-02
15 38 2.144824589365605e-02 8.161253802090077e-03
16 38 1.744344803689766e-02 8.568970570791144e-03
17 38 1.464228937391104e-02 6.583948406345950e-03
18 38 1.124390095303977e-02 7.179529918236159e-03
19 38 8.534330609498871e-03 5.689400041260845e-03
20 38 5.512072922376187e-03 6.441568834965511e-03
21 38 2.804806990376357e-03 5.282278041402656e-03
22 38 -3.716562039014945e-17 6.209857954005513e-03
23 38 -2.804806990376294e-03 5.282278041402665e-03
24 38 -5.512072922376248e-03 6.441568834965486e-03
25 38 -8.534330609498823e-03 5.689400041260883e-03
26 38 -1.124390095303984e-02 7.179529918236123e-03
27 38 -1.464228937391101e-02 6.583948406345997e-03
28 38 -1.744344803689767e-02 8.568970570791095e-03
29 38 -2.144824589365600e-02 8.161253802090134e-03
30 38 -2.441722816632537e-02 1.091884966257663e-02
31 38 -2.939011052125608e-02 1.082793569601156e-02
32 38 -3.255498893667707e-02 1.485162641111144e-02
33 38 -3.910074372626191e-02 1.544556218341627e-02
34 38 -4.228900452907287e-02 2.166069818466169e-02
35 38 -5.144595138635303e-02 2.397970830925856e-02
36 38 -5.367394895289351e-02 3.417212644941444e-02
37 38 -6.699984155870495e-02 4.130068032487975e-02
38 38 -6.410474142497753e-02 5.858633383426411e-02
39 38 -8.101679346471263e-02 7.928352373562746e-02
0 39 -1.211334329123200e-01 2.113279947773508e-01
1 39 -5.359748307836201e-17 3.588799697591149e-01
2 39 1.211334329123200e-01 2.113279947773506e-01
3 39 1.868270890387428e-01 1.088855896765103e-01
4 39 1.139407721728603e-01 6.732494730648889e-02
5 39 1.069218726281214e-01 3.282282984348079e-02
6 39 8.005692528044055e-02 2.931964749359318e-02
7 39 7.090139637271102e-02 1.479999688631061e-02
8 39 5.729177619288346e-02 1.583447737138947e-02
9 39 5.045225331755162e-02 8.403291659023697e-03
10 39 4.206780755443954e-02 9.854392100664649e-03
11 39 3.690831794406444e-02 5.461503501660678e-03
12 39 3.104013400547416e-02 6.779550636813408e-03
13 39 2.691490366432421e-02 3.898408182776464e-03
14 39 2.241315085507375e-02 5.052435646499456e-03
15 39 1.891578999373909e-02 3.005781418233166e-03
16 39 1.520571830320108e-02 4.047243008788668e-03
17 39 1.207737280307112e-02 2.491427830653013e-03
18 39 8.831486821032740e-03 3.482521917203356e-03
19 39 5.891039360884515e-03 2.222128517295991e-03
20 39 2.897815012359608e-03 3.226789741239044e-03
21 39 2.366231897583685e-17 2.138115209038594e-03
22 39 -2.897815012359668e-03 3.226789741239035e-03
23 39 -5.891039360884483e-03 2.222128517296004e-03
24 39 -8.831486821032785e-03 3.482521917203336e-03
25 39 -1.207737280307112e-02 2.491427830653034e-03
26 39 -1.520571830320110e-02 4.047243008788632e-03
27 39 -1.891578999373912e-02 3.005781418233191e-03
28 39 -2.241315085507371e-02 5.052435646499428e-03
29 39 -2.691490366432424e-02 3.898408182776497e-03
30 39 -3.104013400547415e-02 6.779550636813390e-03
31 39 -3.690831794406453e-02 5.461503501660709e-03
32 39 -4.206780755443946e-02 9.854392100664645e-03
33 39 -5.045225331755170e-02 8.403291659023713e-03
34 39 -5.729177619288347e-02 1.583447737138947e-02
35 39 -7.090139637271124e-02 1.479999688631064e-02
36 39 -8.005692528044041e-02 2.931964749359317e-02
37 39 -1.069218726281216e-01 3.282282984348078e-02
38 39 -1.139407721728604e-01 6.732494730648898e-02
39 39 -1.868270890387428e-01 1.088855896765103e-01
