0 0 -3.854371144540163e-17 5.720206828406778e-17
1 0 3.114433459861363e-01 1.791851797176296e-01
2 0 2.453097333158489e-01 4.584400492314907e-17
3 0 1.514618547254463e-01 3.516097570860054e-02
4 0 1.235085405738667e-01 4.279098036402492e-17
5 0 9.661493806166570e-02 1.161918756096604e-02
6 0 8.325849417733333e-02 3.863248989505207e-17
7 0 7.158596424069723e-02 5.482279968404257e-03
8 0 6.426731928413587e-02 3.536723952265922e-17
9 0 5.792827185686755e-02 3.102099968124502e-03
10 0 5.352132977421579e-02 3.047019435893774e-17
11 0 4.968264180932504e-02 1.913926370225069e-03
12 0 4.689129434384639e-02 2.239914811396895e-17
13 0 4.445675305533022e-02 1.217454501228709e-03
14 0 4.267390823978682e-02 1.237782302097920e-17
15 0 4.113624391455849e-02 7.564549982325537e-04
16 0 4.005347125865508e-02 1.140198562124659e-18
17 0 3.915608923855981e-02 4.155175458564816e-04
18 0 3.861407625694642e-02 -9.721640273392672e-18
19 0 3.822775926173506e-02 1.326918112485855e-04
20 0 3.815441833927762e-02 -1.886449549325824e-17
21 0 3.822775926173510e-02 -1.326918112485377e-04
22 0 3.861407625694638e-02 -2.367473341089528e-17
23 0 3.915608923855988e-02 -4.155175458564406e-04
24 0 4.005347125865499e-02 -2.531218845924375e-17
25 0 4.113624391455857e-02 -7.564549982325252e-04
26 0 4.267390823978677e-02 -2.313889502168088e-17
27 0 4.445675305533033e-02 -1.217454501228694e-03
28 0 4.689129434384637e-02 -1.859973995354615e-17
29 0 4.968264180932516e-02 -1.913926370225069e-03
30 0 5.352132977421575e-02 -1.291374252152427e-17
31 0 5.792827185686760e-02 -3.102099968124517e-03
32 0 6.426731928413602e-02 -8.903413628789803e-18
33 0 7.158596424069720e-02 -5.482279968404278e-03
34 0 8.325849417733348e-02 -5.636913664783041e-18
35 0 9.661493806166571e-02 -1.161918756096604e-02
36 0 1.235085405738669e-01 -9.147991415347723e-18
37 0 1.514618547254463e-01 -3.516097570860050e-02
38 0 2.453097333158490e-01 -4.162403492791301e-17
39 0 3.114433459861360e-01 -1.791851797176297e-01
0 1 1.226512599858087e-01 2.105643010727608e-01
1 1 1.067167695285742e-01 1.107586759401973e-01
2 1 1.185109677825862e-01 6.653177006139052e-02
3 1 9.107236532540824e-02 5.004671386721499e-02
4 1 8.773054019242062e-02 2.846587623877258e-02
5 1 7.233956795510740e-02 2.550190606544371e-02
6 1 6.815701241057261e-02 1.488557808044959e-02
7 1 5.946107908913655e-02 1.459960608951815e-02
8 1 5.625503346605359e-02 8.770239042467936e-03
9 1 5.098340228830429e-02 9.025187253112688e-03
10 1 4.872964904260436e-02 5.511611140261060e-03
11 1 4.536214003681277e-02 5.794521979795369e-03
12 1 4.384661498194990e-02 3.539893696349804e-03
13 1 4.164598646065524e-02 3.709641664040335e-03
14 1 4.070272693617605e-02 2.211396842494591e-03
15 1 3.928614690369572e-02 2.221936271199196e-03
16 1 3.881369459141148e-02 1.218331663220022e-03
17 1 3.797420687421357e-02 1.044092377882039e-03
18 1 3.792458938044846e-02 3.895830228227569e-04
19 1 3.755298167243809e-02 2.501911560827376e-17
20 1 3.792458938044840e-02 -3.895830228227978e-04
21 1 3.797420687421365e-02 -1.044092377881991e-03
22 1 3.881369459141144e-02 -1.218331663220054e-03
23 1 3.928614690369582e-02 -2.221936271199162e-03
24 1 4.070272693617599e-02 -2.211396842494609e-03
25 1 4.164598646065529e-02 -3.709641664040319e-03
26 1 4.384661498194978e-02 -3.539893696349805e-03
27 1 4.536214003681287e-02 -5.794521979795369e-03
28 1 4.872964904260431e-02 -5.511611140261035e-03
29 1 5.098340228830439e-02 -9.025187253112715e-03
30 1 5.625503346605357e-02 -8.770239042467902e-03
31 1 5.946107908913662e-02 -1.459960608951818e-02
32 1 6.815701241057248e-02 -1.488557808044956e-02
33 1 7.233956795510742e-02 -2.550190606544377e-02
34 1 8.773054019242067e-02 -2.846587623877254e-02
35 1 9.107236532540824e-02 -5.004671386721500e-02
36 1 1.185109677825863e-01 -6.653177006139055e-02
37 1 1.067167695285742e-01 -1.107586759401973e-01
38 1 1.226512599858088e-01 -2.105643010727607e-01
39 1 -3.132120280715547e-17 -2.167469658098703e-01
0 2 6.172541691000589e-02 1.031887169187148e-01
1 2 5.886947932450658e-02 7.311517876608394e-02
2 2 7.014031571756735e-02 5.697172613809925e-02
3 2 6.043158235714301e-02 4.412435916199928e-02
4 2 6.280791049259188e-02 3.240618315269890e-02
5 2 5.487147865659006e-02 2.713928974455928e-02
6 2 5.462277685089460e-02 1.967117004876872e-02
7 2 4.905778953724297e-02 1.734687353747489e-02
8 2 4.823211343388616e-02 1.255307498534318e-02
9 2 4.440849140043804e-02 1.139409557354487e-02
10 2 4.363150825569139e-02 8.206459117414184e-03
11 2 4.099556520685149e-02 7.506826516622570e-03
12 2 4.045060307362339e-02 5.309895077930792e-03
13 2 3.863906964670177e-02 4.760655717149427e-03
14 2 3.837806947163373e-02 3.200260617452099e-03
15 2 3.716528528747298e-02 2.645255324020051e-03
16 2 3.720923424457769e-02 1.508749496553110e-03
17 2 3.645697888136487e-02 8.491533149866689e-04
18 2 3.683152347003017e-02 -2.122894376736592e-17
19 2 3.645697888136493e-02 -8.491533149866238e-04
20 2 3.720923424457768e-02 -1.508749496553147e-03
21 2 3.716528528747304e-02 -2.645255324020018e-03
22 2 3.837806947163370e-02 -3.200260617452126e-03
23 2 3.863906964670184e-02 -4.760655717149420e-03
24 2 4.045060307362325e-02 -5.309895077930794e-03
25 2 4.099556520685158e-02 -7.506826516622577e-03
26 2 4.363150825569125e-02 -8.206459117414159e-03
27 2 4.440849140043820e-02 -1.139409557354488e-02
28 2 4.823211343388609e-02 -1.255307498534316e-02
29 2 4.905778953724301e-02 -1.734687353747492e-02
30 2 5.462277685089454e-02 -1.967117004876868e-02
31 2 5.487147865659017e-02 -2.713928974455931e-02
32 2 6.280791049259196e-02 -3.240618315269887e-02
33 2 6.043158235714303e-02 -4.412435916199937e-02
34 2 7.014031571756735e-02 -5.697172613809925e-02
35 2 5.886947932450656e-02 -7.311517876608402e-02
36 2 6.172541691000591e-02 -1.031887169187148e-01
37 2 2.745357180995578e-02 -1.102970417717800e-01
38 2 2.942743973854822e-17 -1.331010183836952e-01
39 2 -2.745357180995580e-02 -1.102970417717799e-01
0 3 4.153186587884346e-02 6.641344869672908e-02
1 3 4.095383310935532e-02 5.255470972371343e-02
2 3 4.853519304895162e-02 4.482436176028657e-02
3 3 4.448276977188551e-02 3.638835680497783e-02
4 3 4.766162473514238e-02 2.961838664981674e-02
5 3 4.345608322903285e-02 2.487463680794962e-02
6 3 4.462296656711668e-02 1.979355838184472e-02
7 3 4.116620255994415e-02 1.704842575618596e-02
8 3 4.153074642095109e-02 1.336541218131745e-02
9 3 3.888584877348080e-02 1.164273839809741e-02
10 3 3.899932258115250e-02 8.958867623285630e-03
11 3 3.703185492302819e-02 7.739305767103868e-03
12 3 3.714537621514374e-02 5.742492570571502e-03
13 3 3.570957909851147e-02 4.740968759891159e-03
14 3 3.594678176887607e-02 3.210698053929474e-03
15 3 3.492573032035220e-02 2.254725503004067e-03
16 3 3.536074678505608e-02 1.033623621899907e-03
17 3 3.466669025233254e-02 1.902785275118695e-17
18 3 3.536074678505603e-02 -1.033623621899944e-03
19 3 3.492573032035225e-02 -2.254725503004032e-03
20 3 3.594678176887603e-02 -3.210698053929500e-03
21 3 3.570957909851157e-02 -4.740968759891138e-03
22 3 3.714537621514365e-02 -5.742492570571517e-03
23 3 3.703185492302829e-02 -7.739305767103869e-03
24 3 3.899932258115243e-02 -8.958867623285609e-03
25 3 3.888584877348088e-02 -1.164273839809745e-02
26 3 4.153074642095099e-02 -1.336541218131741e-02
27 3 4.116620255994421e-02 -1.704842575618601e-02
28 3 4.462296656711660e-02 -1.979355838184467e-02
29 3 4.345608322903290e-02 -2.487463680794968e-02
30 3 4.766162473514236e-02 -2.961838664981668e-02
31 3 4.448276977188555e-02 -3.638835680497795e-02
32 3 4.853519304895165e-02 -4.482436176028648e-02
33 3 4.095383310935537e-02 -5.255470972371346e-02
34 3 4.153186587884347e-02 -6.641344869672902e-02
35 3 2.658875381660763e-02 -7.090957213159647e-02
36 3 1.751809209523708e-02 -8.555003715961068e-02
37 3 -1.585321516132792e-17 -7.995481621116031e-02
38 3 -1.751809209523698e-02 -8.555003715961063e-02
39 3 -2.658875381660768e-02 -7.090957213159643e-02
0 4 3.190281562349008e-02 4.801102977080850e-02
1 4 3.190542554574207e-02 3.991293989088675e-02
2 4 3.716662584607162e-02 3.552539615356314e-02
3 4 3.527821573345577e-02 2.972420550075193e-02
4 4 3.821427560524054e-02 2.548965040173794e-02
5 4 3.588004311509078e-02 2.160066950374160e-02
6 4 3.747626235658246e-02 1.806365602409760e-02
7 4 3.530895930437602e-02 1.543154071631739e-02
8 4 3.622230533127693e-02 1.261685695593663e-02
9 4 3.440401924623860e-02 1.073623605881325e-02
10 4 3.501539619022216e-02 8.512089836539121e-03
11 4 3.355704756637604e-02 7.048409152037517e-03
12 4 3.408208420535955e-02 5.263144214276772e-03
13 4 3.293848684715278e-02 3.997461096015772e-03
14 4 3.350517969148944e-02 2.515917802809001e-03
15 4 3.261736155527631e-02 1.295514523097370e-03
16 4 3.331101475029808e-02 -1.766398414587053e-17
17 4 3.261736155527636e-02 -1.295514523097343e-03
18 4 3.350517969148945e-02 -2.515917802809032e-03
19 4 3.293848684715280e-02 -3.997461096015753e-03
20 4 3.408208420535954e-02 -5.263144214276786e-03
21 4 3.355704756637616e-02 -7.048409152037521e-03
22 4 3.501539619022207e-02 -8.512089836539113e-03
23 4 3.440401924623871e-02 -1.073623605881328e-02
24 4 3.622230533127690e-02 -1.261685695593660e-02
25 4 3.530895930437613e-02 -1.543154071631744e-02
26 4 3.747626235658237e-02 -1.806365602409755e-02
27 4 3.588004311509087e-02 -2.160066950374168e-02
28 4 3.821427560524051e-02 -2.548965040173789e-02
29 4 3.527821573345578e-02 -2.972420550075199e-02
30 4 3.716662584607166e-02 -3.552539615356312e-02
31 4 3.190542554574207e-02 -3.991293989088675e-02
32 4 3.190281562349009e-02 -4.801102977080848e-02
33 4 2.344498784023918e-02 -5.087785158673926e-02
34 4 1.936936187780717e-02 -5.993482043285789e-02
35 4 8.810650815584889e-03 -5.865783473010924e-02
36 4 4.031972321705553e-17 -6.511218136606599e-02
37 4 -8.810650815584921e-03 -5.865783473010920e-02
38 4 -1.936936187780707e-02 -5.993482043285787e-02
39 4 -2.344498784023917e-02 -5.087785158673925e-02
0 5 2.630969802017370e-02 3.669761248320853e-02
1 5 2.650229711761155e-02 3.129692367245304e-02
2 5 3.037614804343273e-02 2.851133585551789e-02
3 5 2.944267562138661e-02 2.427170632450834e-02
4 5 3.198202608311496e-02 2.142556934558707e-02
5 5 3.062812224236259e-02 1.825350191674430e-02
6 5 3.228525413179607e-02 1.569088887816896e-02
7 5 3.088951988913390e-02 1.330767266433293e-02
8 5 3.202685030694314e-02 1.111022719221892e-02
9 5 3.075088502101172e-02 9.247749654997727e-03
10 5 3.161643850144061e-02 7.380950462939327e-03
11 5 3.050746026230805e-02 5.828733575390800e-03
12 5 3.126333286499646e-02 4.216716558851800e-03
13 5 3.031374228009582e-02 2.816415062645212e-03
14 5 3.106711777435246e-02 1.371324367872320e-03
15 5 3.024215807646180e-02 9.790103156376340e-18
16 5 3.106711777435246e-02 -1.371324367872348e-03
17 5 3.031374228009584e-02 -2.816415062645197e-03
18 5 3.126333286499642e-02 -4.216716558851822e-03
19 5 3.050746026230811e-02 -5.828733575390798e-03
20 5 3.161643850144057e-02 -7.380950462939330e-03
21 5 3.075088502101178e-02 -9.247749654997748e-03
22 5 3.202685030694311e-02 -1.111022719221890e-02
23 5 3.088951988913398e-02 -1.330767266433298e-02
24 5 3.228525413179602e-02 -1.569088887816891e-02
25 5 3.062812224236262e-02 -1.825350191674434e-02
26 5 3.198202608311495e-02 -2.142556934558705e-02
27 5 2.944267562138664e-02 -2.427170632450841e-02
28 5 3.037614804343275e-02 -2.851133585551786e-02
29 5 2.650229711761157e-02 -3.129692367245306e-02
30 5 2.630969802017375e-02 -3.669761248320849e-02
31 5 2.077044970189569e-02 -3.863559205668187e-02
32 5 1.850414906908141e-02 -4.467053909820505e-02
33 5 1.164081405223794e-02 -4.459646098745004e-02
34 5 6.759248600184195e-03 -4.985168650573789e-02
35 5 -2.016009171884929e-17 -4.695047273361642e-02
36 5 -6.759248600184108e-03 -4.985168650573787e-02
37 5 -1.164081405223798e-02 -4.459646098745001e-02
38 5 -1.850414906908130e-02 -4.467053909820501e-02
39 5 -2.077044970189572e-02 -3.863559205668179e-02
0 6 2.266590850055059e-02 2.888154725043428e-02
1 6 2.292069366829765e-02 2.496761439359383e-02
2 6 2.591835420546439e-02 2.304823949857891e-02
3 6 2.544668185151998e-02 1.978732295976026e-02
4 6 2.762186215618347e-02 1.774964541542354e-02
5 6 2.680085367267001e-02 1.512209933179257e-02
6 6 2.838221855667240e-02 1.317937833574897e-02
7 6 2.744427984813261e-02 1.105490830732692e-02
8 6 2.863948913022278e-02 9.281198683985768e-03
9 6 2.770298331384363e-02 7.510538172082184e-03
10 6 2.867147831087841e-02 5.902326291753291e-03
11 6 2.778161654536131e-02 4.351828314548974e-03
12 6 2.863769870645952e-02 2.866636213434681e-03
13 6 2.779537039403259e-02 1.424952866805372e-03
14 6 2.861836285854839e-02 -1.461043300427650e-17
15 6 2.779537039403262e-02 -1.424952866805360e-03
16 6 2.863769870645949e-02 -2.866636213434705e-03
17 6 2.778161654536131e-02 -4.351828314548972e-03
18 6 2.867147831087839e-02 -5.902326291753302e-03
19 6 2.770298331384367e-02 -7.510538172082194e-03
20 6 2.863948913022275e-02 -9.281198683985775e-03
21 6 2.744427984813267e-02 -1.105490830732696e-02
22 6 2.838221855667235e-02 -1.317937833574893e-02
23 6 2.680085367267006e-02 -1.512209933179263e-02
24 6 2.762186215618347e-02 -1.774964541542350e-02
25 6 2.544668185152003e-02 -1.978732295976030e-02
26 6 2.591835420546442e-02 -2.304823949857891e-02
27 6 2.292069366829766e-02 -2.496761439359389e-02
28 6 2.266590850055062e-02 -2.888154725043426e-02
29 6 1.869632243490173e-02 -3.026948386828989e-02
30 6 1.724254103841266e-02 -3.458582677071707e-02
31 6 1.243285122061931e-02 -3.485989233426894e-02
32 6 9.441229254393658e-03 -3.894225862590796e-02
33 6 4.385944735068903e-03 -3.759712248329586e-02
34 6 3.690646604556318e-17 -4.059863300566843e-02
35 6 -4.385944735068940e-03 -3.759712248329587e-02
36 6 -9.441229254393592e-03 -3.894225862590792e-02
37 6 -1.243285122061933e-02 -3.485989233426889e-02
38 6 -1.724254103841263e-02 -3.458582677071713e-02
39 6 -1.869632243490173e-02 -3.026948386828987e-02
0 7 2.009704932596156e-02 2.306817821779080e-02
1 7 2.036017061035341e-02 2.006511000977125e-02
2 7 2.276713112355397e-02 1.865316090669709e-02
3 7 2.252757529404929e-02 1.604390578212287e-02
4 7 2.439618883650346e-02 1.450063552773004e-02
5 7 2.386894291083217e-02 1.228528436044427e-02
6 7 2.532366677837950e-02 1.074367431694938e-02
7 7 2.465249428128610e-02 8.856105660304744e-03
8 7 2.581628232698647e-02 7.370635504300323e-03
9 7 2.508116392493060e-02 5.723903519927034e-03
10 7 2.605562833515210e-02 4.297820327004072e-03
11 7 2.528897909696433e-02 2.806426690446682e-03
12 7 2.615027209485369e-02 1.411629735125692e-03
13 7 2.535035597131677e-02 4.233801602224978e-18
14 7 2.615027209485370e-02 -1.411629735125719e-03
15 7 2.528897909696437e-02 -2.806426690446676e-03
16 7 2.605562833515210e-02 -4.297820327004090e-03
17 7 2.508116392493060e-02 -5.723903519927034e-03
18 7 2.581628232698645e-02 -7.370635504300339e-03
19 7 2.465249428128609e-02 -8.856105660304757e-03
20 7 2.532366677837950e-02 -1.074367431694937e-02
21 7 2.386894291083215e-02 -1.228528436044430e-02
22 7 2.439618883650346e-02 -1.450063552773002e-02
23 7 2.252757529404930e-02 -1.604390578212291e-02
24 7 2.276713112355398e-02 -1.865316090669707e-02
25 7 2.036017061035342e-02 -2.006511000977127e-02
26 7 2.009704932596160e-02 -2.306817821779079e-02
27 7 1.707601437402599e-02 -2.411513952676473e-02
28 7 1.605166036986966e-02 -2.737809067678110e-02
29 7 1.247562852696072e-02 -2.774174122595920e-02
30 7 1.048260101638296e-02 -3.094491248974723e-02
31 7 6.627947872612765e-03 -3.031895338390786e-02
32 7 3.658835802274298e-03 -3.300195388535711e-02
33 7 -1.373472524472522e-17 -3.125983297721759e-02
34 7 -3.658835802274238e-03 -3.300195388535716e-02
35 7 -6.627947872612783e-03 -3.031895338390785e-02
36 7 -1.048260101638291e-02 -3.094491248974728e-02
37 7 -1.247562852696076e-02 -2.774174122595917e-02
38 7 -1.605166036986961e-02 -2.737809067678111e-02
39 7 -1.707601437402601e-02 -2.411513952676471e-02
0 8 1.817069870658955e-02 1.852445964488458e-02
1 8 1.841568305110101e-02 1.612505975767506e-02
2 8 2.039863351062166e-02 1.502780713576995e-02
3 8 2.027311966782967e-02 1.287855827330885e-02
4 8 2.188362089362396e-02 1.165014705579179e-02
5 8 2.151533470103097e-02 9.756128807826118e-03
6 8 2.282420092625837e-02 8.480050794143924e-03
7 8 2.230226098892182e-02 6.805870794235765e-03
8 8 2.338323048100039e-02 5.518742611980170e-03
9 8 2.275864932319824e-02 4.012651487967461e-03
10 8 2.367480809074082e-02 2.716951605451898e-03
11 8 2.296671842296493e-02 1.325223953457421e-03
12 8 2.376486248339828e-02 -1.188913832691564e-17
13 8 2.296671842296491e-02 -1.325223953457419e-03
14 8 2.367480809074084e-02 -2.716951605451920e-03
15 8 2.275864932319820e-02 -4.012651487967461e-03
16 8 2.338323048100041e-02 -5.518742611980190e-03
17 8 2.230226098892182e-02 -6.805870794235772e-03
18 8 2.282420092625839e-02 -8.480050794143941e-03
19 8 2.151533470103096e-02 -9.756128807826120e-03
20 8 2.188362089362399e-02 -1.165014705579179e-02
21 8 2.027311966782963e-02 -1.287855827330886e-02
22 8 2.039863351062169e-02 -1.502780713576994e-02
23 8 1.841568305110100e-02 -1.612505975767508e-02
24 8 1.817069870658957e-02 -1.852445964488454e-02
25 8 1.577437542312738e-02 -1.935161763871715e-02
26 8 1.500854304974697e-02 -2.192357132936719e-02
27 8 1.222889558053162e-02 -2.229527002426640e-02
28 8 1.081331928817693e-02 -2.486450800262117e-02
29 8 7.791739679064384e-03 -2.459170821825173e-02
30 8 5.688020345130784e-03 -2.689683697707688e-02
31 8 2.681523073931394e-03 -2.586342306443621e-02
32 8 2.128681948927288e-17 -2.762712832836002e-02
33 8 -2.681523073931402e-03 -2.586342306443621e-02
34 8 -5.688020345130737e-03 -2.689683697707690e-02
35 8 -7.791739679064386e-03 -2.459170821825171e-02
36 8 -1.081331928817689e-02 -2.486450800262117e-02
37 8 -1.222889558053165e-02 -2.229527002426639e-02
38 8 -1.500854304974693e-02 -2.192357132936720e-02
39 8 -1.577437542312738e-02 -1.935161763871714e-02
0 9 1.665041594961955e-02 1.485156035459086e-02
1 9 1.686351481405649e-02 1.287945798857091e-02
2 9 1.852374555385689e-02 1.198687932495123e-02
3 9 1.844766723592471e-02 1.018151294323509e-02
4 9 1.983528975612459e-02 9.161835235234606e-03
5 9 1.954752312137626e-02 7.529440815449226e-03
6 9 2.070311532141332e-02 6.435270040630393e-03
7 9 2.025840058169204e-02 4.956994473968454e-03
8 9 2.122534788544912e-02 3.811727400381044e-03
9 9 2.065437292372414e-02 2.457489495799136e-03
10 9 2.146950726460132e-02 1.261789558249039e-03
11 9 2.078123479961905e-02 -1.975358104818361e-18
12 9 2.146950726460135e-02 -1.261789558249058e-03
13 9 2.065437292372412e-02 -2.457489495799142e-03
14 9 2.122534788544914e-02 -3.811727400381059e-03
15 9 2.025840058169203e-02 -4.956994473968456e-03
16 9 2.070311532141336e-02 -6.435270040630412e-03
17 9 1.954752312137620e-02 -7.529440815449237e-03
18 9 1.983528975612464e-02 -9.161835235234613e-03
19 9 1.844766723592470e-02 -1.018151294323509e-02
20 9 1.852374555385693e-02 -1.198687932495125e-02
21 9 1.686351481405642e-02 -1.287945798857092e-02
22 9 1.665041594961959e-02 -1.485156035459087e-02
23 9 1.469534249719907e-02 -1.553170885358094e-02
24 9 1.410241928003253e-02 -1.762247992511265e-02
25 9 1.187014642555427e-02 -1.797741766026397e-02
26 9 1.081611132787235e-02 -2.008371150903504e-02
27 9 8.385469054484942e-03 -1.999399587566291e-02
28 9 6.832979620057426e-03 -2.195992503373366e-02
29 9 4.350973965842142e-03 -2.133686573528970e-02
30 9 2.340386343870962e-03 -2.298259412263857e-02
31 9 8.997126056078325e-18 -2.180975500750939e-02
32 9 -2.340386343870947e-03 -2.298259412263859e-02
33 9 -4.350973965842123e-03 -2.133686573528970e-02
34 9 -6.832979620057408e-03 -2.195992503373367e-02
35 9 -8.385469054484937e-03 -1.999399587566290e-02
36 9 -1.081611132787232e-02 -2.008371150903504e-02
37 9 -1.187014642555427e-02 -1.797741766026396e-02
38 9 -1.410241928003250e-02 -1.762247992511262e-02
39 9 -1.469534249719908e-02 -1.553170885358092e-02
0 10 1.539932275609694e-02 1.181676349041334e-02
1 10 1.557401166080392e-02 1.016574400387088e-02
2 10 1.697519045706743e-02 9.413162677908414e-03
3 10 1.691249945045156e-02 7.879747770373648e-03
4 10 1.810186538451973e-02 7.005501517985007e-03
5 10 1.784897577022828e-02 5.596390103057041e-03
6 10 1.884875749511663e-02 4.633762684077126e-03
7 10 1.843862136269941e-02 3.340124147312756e-03
8 10 1.927266865981890e-02 2.303847901909874e-03
9 10 1.872261305216297e-02 1.109942912090048e-03
10 10 1.940984920359125e-02 -5.100237047636298e-18
11 10 1.872261305216295e-02 -1.109942912090062e-03
12 10 1.927266865981894e-02 -2.303847901909884e-03
13 10 1.843862136269935e-02 -3.340124147312766e-03
14 10 1.884875749511667e-02 -4.633762684077146e-03
15 10 1.784897577022824e-02 -5.596390103057051e-03
16 10 1.810186538451979e-02 -7.005501517985034e-03
17 10 1.691249945045150e-02 -7.879747770373653e-03
18 10 1.697519045706748e-02 -9.413162677908435e-03
19 10 1.557401166080387e-02 -1.016574400387086e-02
20 10 1.539932275609701e-02 -1.181676349041337e-02
21 10 1.377526477149196e-02 -1.239416409975284e-02
22 10 1.330767589052740e-02 -1.413097260642460e-02
23 10 1.147307049787025e-02 -1.446253597650454e-02
24 10 1.066107075584532e-02 -1.622060410637560e-02
25 10 8.663725500121662e-03 -1.622937759285300e-02
26 10 7.478335973391914e-03 -1.791118065701722e-02
27 10 5.407333175803078e-03 -1.753333602307375e-02
28 10 3.861704441899732e-03 -1.902071893402369e-02
29 10 1.839778811764997e-03 -1.822897622280303e-02
30 10 -7.878470175075231e-18 -1.940836133999789e-02
31 10 -1.839778811764950e-03 -1.822897622280304e-02
32 10 -3.861704441899743e-03 -1.902071893402365e-02
33 10 -5.407333175803043e-03 -1.753333602307375e-02
34 10 -7.478335973391917e-03 -1.791118065701721e-02
35 10 -8.663725500121632e-03 -1.622937759285300e-02
36 10 -1.066107075584529e-02 -1.622060410637557e-02
37 10 -1.147307049787026e-02 -1.446253597650457e-02
38 10 -1.330767589052735e-02 -1.413097260642457e-02
39 10 -1.377526477149200e-02 -1.239416409975284e-02
0 11 1.433644931011518e-02 9.277215285693212e-03
1 11 1.447099166163968e-02 7.881306502828480e-03
2 11 1.565446998169004e-02 7.230781213154283e-03
3 11 1.558582725273718e-02 5.924092253781116e-03
4 11 1.659436929570458e-02 5.158197256887642e-03
5 11 1.635098285241578e-02 3.947941157438713e-03
6 11 1.719517842379311e-02 3.088031986662459e-03
7 11 1.679638299596757e-02 1.971986741515936e-03
8 11 1.748737168635034e-02 1.027775782089629e-03
9 11 1.694245317879488e-02 -1.413640719469723e-17
10 11 1.748737168635033e-02 -1.027775782089628e-03
11 11 1.679638299596752e-02 -1.971986741515961e-03
12 11 1.719517842379314e-02 -3.088031986662463e-03
13 11 1.635098285241574e-02 -3.947941157438730e-03
14 11 1.659436929570467e-02 -5.158197256887661e-03
15 11 1.558582725273714e-02 -5.924092253781122e-03
16 11 1.565446998169011e-02 -7.230781213154308e-03
17 11 1.447099166163961e-02 -7.881306502828466e-03
18 11 1.433644931011524e-02 -9.277215285693250e-03
19 11 1.297413203126437e-02 -9.778274718447305e-03
20 11 1.260245937540641e-02 -1.124079069289393e-02
21 11 1.107151712775836e-02 -1.154726305752971e-02
22 11 1.043036722616456e-02 -1.303363706915433e-02
23 11 8.762426665090655e-03 -1.309528459506216e-02
24 11 7.831514837082639e-03 -1.454164287152310e-02
25 11 6.083907181922101e-03 -1.431369542657554e-02
26 11 4.866634857603383e-03 -1.564048148743513e-02
27 11 3.120144540706012e-03 -1.509710528527605e-02
28 11 1.651889856480654e-03 -1.622177096332880e-02
29 11 3.620034105310952e-17 -1.536781906286572e-02
30 11 -1.651889856480700e-03 -1.622177096332878e-02
31 11 -3.120144540705946e-03 -1.509710528527606e-02
32 11 -4.866634857603409e-03 -1.564048148743505e-02
33 11 -6.083907181922052e-03 -1.431369542657555e-02
34 11 -7.831514837082646e-03 -1.454164287152305e-02
35 11 -8.762426665090648e-03 -1.309528459506219e-02
36 11 -1.043036722616454e-02 -1.303363706915429e-02
37 11 -1.107151712775839e-02 -1.154726305752975e-02
38 11 -1.260245937540636e-02 -1.124079069289389e-02
39 11 -1.297413203126441e-02 -9.778274718447319e-03
0 12 1.341458885044837e-02 7.141562109955550e-03
1 12 1.351068809028605e-02 5.958932829649278e-03
2 12 1.450435659228158e-02 5.389048430482305e-03
3 12 1.442082569139437e-02 4.280235159320163e-03
4 12 1.526158789682837e-02 3.602057708939957e-03
5 12 1.501526404147469e-02 2.574818539613114e-03
6 12 1.570631550894049e-02 1.802550586046803e-03
7 12 1.530836348825710e-02 8.590936926167073e-04
8 12 1.585284663560446e-02 9.471124413092833e-18
9 12 1.530836348825708e-02 -8.590936926167505e-04
10 12 1.570631550894052e-02 -1.802550586046790e-03
11 12 1.501526404147465e-02 -2.574818539613144e-03
12 12 1.526158789682843e-02 -3.602057708939956e-03
13 12 1.442082569139430e-02 -4.280235159320181e-03
14 12 1.450435659228164e-02 -5.389048430482332e-03
15 12 1.351068809028598e-02 -5.958932829649270e-03
16 12 1.341458885044843e-02 -7.141562109955592e-03
17 12 1.226879148428705e-02 -7.581047440845625e-03
18 12 1.197266443998764e-02 -8.820231529826840e-03
19 12 1.068421548160798e-02 -9.100123205863281e-03
20 12 1.016827662953461e-02 -1.036592417585694e-02
21 12 8.759993319196250e-03 -1.045319574956189e-02
22 12 8.011205868574262e-03 -1.170188796187750e-02
23 12 6.522346363678400e-03 -1.156563976736028e-02
24 12 5.541474340920056e-03 -1.274206594729255e-02
25 12 4.027466846151263e-03 -1.236142929582354e-02
26 12 2.834889695870926e-03 -1.340550955142945e-02
27 12 1.362381228618759e-03 -1.277737568050829e-02
28 12 -3.597089447241828e-17 -1.363378350375057e-02
29 12 -1.362381228618667e-03 -1.277737568050831e-02
30 12 -2.834889695870990e-03 -1.340550955142941e-02
31 12 -4.027466846151183e-03 -1.236142929582358e-02
32 12 -5.541474340920091e-03 -1.274206594729250e-02
33 12 -6.522346363678364e-03 -1.156563976736033e-02
34 12 -8.011205868574249e-03 -1.170188796187745e-02
35 12 -8.759993319196248e-03 -1.045319574956195e-02
36 12 -1.016827662953460e-02 -1.036592417585687e-02
37 12 -1.068421548160801e-02 -9.100123205863323e-03
38 12 -1.197266443998759e-02 -8.820231529826800e-03
39 12 -1.226879148428712e-02 -7.581047440845648e-03
0 13 1.260787166829694e-02 5.349127781174847e-03
1 13 1.266969508203058e-02 4.352822255838158e-03
2 13 1.349325186070689e-02 3.852564512768587e-03
3 13 1.339249682941184e-02 2.922803919594443e-03
4 13 1.407605569954518e-02 2.321953480771139e-03
5 13 1.382253239140893e-02 1.466850567188802e-03
6 13 1.436485271153181e-02 7.754845578003219e-04
7 13 1.396518483366040e-02 -3.006724324246690e-17
8 13 1.436485271153184e-02 -7.754845578002877e-04
9 13 1.382253239140890e-02 -1.466850567188853e-03
10 13 1.407605569954524e-02 -2.321953480771117e-03
11 13 1.339249682941179e-02 -2.922803919594479e-03
12 13 1.349325186070698e-02 -3.852564512768590e-03
13 13 1.266969508203052e-02 -4.352822255838164e-03
14 13 1.260787166829704e-02 -5.349127781174869e-03
15 13 1.164799736960829e-02 -5.734093365271821e-03
16 13 1.141172111030524e-02 -6.782968419397834e-03
17 13 1.032472427131341e-02 -7.033554023003145e-03
18 13 9.902491364113048e-03 -8.112928495165690e-03
19 13 8.706134655823605e-03 -8.207404245774399e-03
20 13 8.090471502942721e-03 -9.286069306208124e-03
21 13 6.813319621200790e-03 -9.203459625747800e-03
22 13 6.005130674799792e-03 -1.024198840121444e-02
23 13 4.686964548521255e-03 -9.966773911374696e-03
24 13 3.699470111616022e-03 -1.092088541026482e-02
25 13 2.389057213493171e-03 -1.044798570382935e-02
26 13 1.249869008633505e-03 -1.127406999648145e-02
27 13 5.330182216376856e-17 -1.061253905472331e-02
28 13 -1.249869008633593e-03 -1.127406999648145e-02
29 13 -2.389057213493077e-03 -1.044798570382937e-02
30 13 -3.699470111616091e-03 -1.092088541026476e-02
31 13 -4.686964548521188e-03 -9.966773911374746e-03
32 13 -6.005130674799827e-03 -1.024198840121437e-02
33 13 -6.813319621200760e-03 -9.203459625747860e-03
34 13 -8.090471502942721e-03 -9.286069306208056e-03
35 13 -8.706134655823603e-03 -8.207404245774463e-03
36 13 -9.902491364113015e-03 -8.112928495165629e-03
37 13 -1.032472427131344e-02 -7.033554023003197e-03
38 13 -1.141172111030516e-02 -6.782968419397789e-03
39 13 -1.164799736960835e-02 -5.734093365271839e-03
0 14 1.190411980655117e-02 3.858023993952941e-03
1 14 1.193743723583370e-02 3.030383134338305e-03
2 14 1.260551950073512e-02 2.595175681296657e-03
3 14 1.248922653434438e-02 1.831713861293266e-03
4 14 1.302480671854199e-02 1.303887837802198e-03
5 14 1.276465862131313e-02 6.126733900472673e-04
6 14 1.316423899503794e-02 2.512159412525316e-17
7 14 1.276465862131311e-02 -6.126733900473378e-04
8 14 1.302480671854205e-02 -1.303887837802154e-03
9 14 1.248922653434434e-02 -1.831713861293322e-03
10 14 1.260551950073519e-02 -2.595175681296632e-03
11 14 1.193743723583363e-02 -3.030383134338336e-03
12 14 1.190411980655123e-02 -3.858023993952949e-03
13 14 1.110872527565033e-02 -4.190485126852776e-03
14 14 1.091919178947714e-02 -5.070599220476252e-03
15 14 1.000536001407093e-02 -5.287718515418475e-03
16 14 9.653518549503855e-03 -6.203361379766286e-03
17 14 8.635846622481470e-03 -6.290937364832136e-03
18 14 8.118295952406488e-03 -7.219016159918571e-03
19 14 7.018708619139756e-03 -7.163155505629472e-03
20 14 6.337428528210673e-03 -8.074670643188101e-03
21 14 5.185770220830344e-03 -7.864588574767200e-03
22 14 4.350733696539986e-03 -8.726351138430436e-03
23 14 3.183827025794503e-03 -8.357540500706495e-03
24 14 2.214723252963991e-03 -9.135327426727088e-03
25 14 1.073703631895553e-03 -8.612255779841036e-03
26 14 -4.880046553012318e-17 -9.274844090236696e-03
27 14 -1.073703631895446e-03 -8.612255779841066e-03
28 14 -2.214723252964079e-03 -9.135327426727052e-03
29 14 -3.183827025794410e-03 -8.357540500706542e-03
30 14 -4.350733696540049e-03 -8.726351138430385e-03
31 14 -5.185770220830285e-03 -7.864588574767255e-03
32 14 -6.337428528210706e-03 -8.074670643188045e-03
33 14 -7.018708619139737e-03 -7.163155505629530e-03
34 14 -8.118295952406472e-03 -7.219016159918505e-03
35 14 -8.635846622481493e-03 -6.290937364832189e-03
36 14 -9.653518549503781e-03 -6.203361379766237e-03
37 14 -1.000536001407099e-02 -5.287718515418508e-03
38 14 -1.091919178947707e-02 -5.070599220476212e-03
39 14 -1.110872527565040e-02 -4.190485126852764e-03
0 15 1.129976706971399e-02 2.638194849522250e-03
1 15 1.131113655226605e-02 1.967422854753611e-03
2 15 1.183511584937452e-02 1.596429412990536e-03
3 15 1.170709757584558e-02 9.901493018544206e-04
4 15 1.210305755502734e-02 5.342838939743170e-04
5 15 1.183925177128711e-02 -3.898472310169230e-17
6 15 1.210305755502735e-02 -5.342838939742606e-04
7 15 1.170709757584556e-02 -9.901493018544924e-04
8 15 1.183511584937457e-02 -1.596429412990493e-03
9 15 1.131113655226600e-02 -1.967422854753664e-03
10 15 1.129976706971405e-02 -2.638194849522227e-03
11 15 1.065334314132131e-02 -2.917050787717959e-03
12 15 1.049911695039699e-02 -3.642481918489589e-03
13 15 9.738518811051660e-03 -3.820842702539258e-03
14 15 9.438802651799690e-03 -4.587631830065556e-03
15 15 8.576347734303510e-03 -4.656398510010456e-03
16 15 8.130608428909123e-03 -5.447024153572666e-03
17 15 7.183804440228606e-03 -5.397393389165527e-03
18 15 6.595257340758307e-03 -6.190042981624068e-03
19 15 5.587376154264857e-03 -6.015149833512754e-03
20 15 4.864682001806011e-03 -6.784555871743750e-03
21 15 3.824425356061916e-03 -6.481452071652996e-03
22 15 2.982967609862097e-03 -7.200679077453143e-03
23 15 1.943041183986006e-03 -6.772186962791843e-03
24 15 1.005299091141117e-03 -7.415134847511660e-03
25 15 5.044252024334115e-17 -6.871026677176761e-03
26 15 -1.005299091141209e-03 -7.415134847511651e-03
27 15 -1.943041183985913e-03 -6.772186962791867e-03
28 15 -2.982967609862175e-03 -7.200679077453100e-03
29 15 -3.824425356061849e-03 -6.481452071653049e-03
30 15 -4.864682001806057e-03 -6.784555871743693e-03
31 15 -5.587376154264816e-03 -6.015149833512798e-03
32 15 -6.595257340758312e-03 -6.190042981624006e-03
33 15 -7.183804440228608e-03 -5.397393389165579e-03
34 15 -8.130608428909104e-03 -5.447024153572608e-03
35 15 -8.576347734303555e-03 -4.656398510010490e-03
36 15 -9.438802651799635e-03 -4.587631830065517e-03
37 15 -9.738518811051710e-03 -3.820842702539261e-03
38 15 -1.049911695039692e-02 -3.642481918489581e-03
39 15 -1.065334314132138e-02 -2.917050787717933e-03
0 16 1.079630317923428e-02 1.667364208327699e-03
1 16 1.079231285916536e-02 1.145420083442885e-03
2 16 1.118124107299970e-02 8.396700070280179e-04
3 16 1.104599911668641e-02 3.836656215957484e-04
4 16 1.130988513915987e-02 2.977461406298099e-17
5 16 1.104599911668639e-02 -3.836656215958209e-04
6 16 1.118124107299973e-02 -8.396700070279650e-04
7 16 1.079231285916532e-02 -1.145420083442945e-03
8 16 1.079630317923433e-02 -1.667364208327666e-03
9 16 1.028740196710604e-02 -1.889819959887495e-03
10 16 1.015842713201933e-02 -2.469693882085591e-03
11 16 9.536839006049529e-03 -2.603350947936824e-03
12 16 9.274393252836039e-03 -3.230747734843087e-03
13 16 8.550497694914122e-03 -3.270052327301297e-03
14 16 8.155986939663375e-03 -3.931576573248424e-03
15 16 7.344058823058541e-03 -3.871446760800935e-03
16 16 6.821789139306748e-03 -4.550515996811268e-03
17 16 5.940488688102402e-03 -4.387272360207558e-03
18 16 5.298739993892017e-03 -5.064475064526792e-03
19 16 4.371059601214511e-03 -4.797037099666238e-03
20 16 3.622964841580479e-03 -5.451116325261663e-03
21 16 2.675477950303391e-03 -5.082209458484242e-03
22 16 1.839402775160421e-03 -5.691588855062091e-03
23 16 9.008131398567229e-04 -5.228637288914787e-03
24 16 -4.026016569938349e-17 -5.773234788112215e-03
25 16 -9.008131398566420e-04 -5.228637288914799e-03
26 16 -1.839402775160496e-03 -5.691588855062062e-03
27 16 -2.675477950303323e-03 -5.082209458484273e-03
28 16 -3.622964841580532e-03 -5.451116325261621e-03
29 16 -4.371059601214465e-03 -4.797037099666273e-03
30 16 -5.298739993892037e-03 -5.064475064526731e-03
31 16 -5.940488688102385e-03 -4.387272360207600e-03
32 16 -6.821789139306742e-03 -4.550515996811207e-03
33 16 -7.344058823058552e-03 -3.871446760800967e-03
34 16 -8.155986939663335e-03 -3.931576573248385e-03
35 16 -8.550497694914162e-03 -3.270052327301307e-03
36 16 -9.274393252836001e-03 -3.230747734843067e-03
37 16 -9.536839006049576e-03 -2.603350947936815e-03
38 16 -1.015842713201929e-02 -2.469693882085601e-03
39 16 -1.028740196710610e-02 -1.889819959887457e-03
0 17 1.039772792574826e-02 9.287546466815312e-04
1 17 1.038432747962936e-02 5.500899658792193e-04
2 17 1.064535678943474e-02 3.111878802081474e-04
3 17 1.050700589747002e-02 -2.965372355962064e-17
4 17 1.064535678943474e-02 -3.111878802080979e-04
5 17 1.038432747962936e-02 -5.500899658792748e-04
6 17 1.039772792574828e-02 -9.287546466814902e-04
7 17 1.001791446345712e-02 -1.091372796704208e-03
8 17 9.905540025575522e-03 -1.531442451675625e-03
9 17 9.412865780421635e-03 -1.614302288783316e-03
10 17 9.175442314394830e-03 -2.107932129657915e-03
11 17 8.578406641500958e-03 -2.108037621392066e-03
12 17 8.218583528742128e-03 -2.645170075505153e-03
13 17 7.528815153512732e-03 -2.560237421122448e-03
14 17 7.051744636369203e-03 -3.128369648690225e-03
15 17 6.284399227264522e-03 -2.957326557005755e-03
16 17 5.698397496222916e-03 -3.541607559211425e-03
17 17 4.872233882559042e-03 -3.285280521104357e-03
18 17 4.189349143668287e-03 -3.869011652509913e-03
19 17 3.326355576000795e-03 -3.530858353039660e-03
20 17 2.562647525106040e-03 -4.096387430284388e-03
21 17 1.687172844708912e-03 -3.683084974850034e-03
22 17 8.625375832691605e-04 -4.212980661763322e-03
23 17 2.730961079754487e-17 -3.734678371257628e-03
24 17 -8.625375832692166e-04 -4.212980661763311e-03
25 17 -1.687172844708863e-03 -3.683084974850045e-03
26 17 -2.562647525106086e-03 -4.096387430284361e-03
27 17 -3.326355576000758e-03 -3.530858353039682e-03
28 17 -4.189349143668322e-03 -3.869011652509872e-03
29 17 -4.872233882559018e-03 -3.285280521104382e-03
30 17 -5.698397496222925e-03 -3.541607559211385e-03
31 17 -6.284399227264520e-03 -2.957326557005773e-03
32 17 -7.051744636369187e-03 -3.128369648690192e-03
33 17 -7.528815153512737e-03 -2.560237421122452e-03
34 17 -8.218583528742095e-03 -2.645170075505137e-03
35 17 -8.578406641500978e-03 -2.108037621392059e-03
36 17 -9.175442314394792e-03 -2.107932129657919e-03
37 17 -9.412865780421657e-03 -1.614302288783288e-03
38 17 -9.905540025575497e-03 -1.531442451675648e-03
39 17 -1.001791446345715e-02 -1.091372796704165e-03
0 18 1.010873843422372e-02 4.098905077469530e-04
1 18 1.009069109607378e-02 1.707296762752162e-04
2 18 1.022919137500301e-02 1.589122613168608e-17
3 18 1.009069109607377e-02 -1.707296762752515e-04
4 18 1.010873843422372e-02 -4.098905077469237e-04
5 18 9.852041444895931e-03 -5.093516172521045e-04
6 18 9.749188053017910e-03 -8.129728251045751e-04
7 18 9.378537249546992e-03 -8.392528649776370e-04
8 18 9.156151549082444e-03 -1.201937018206919e-03
9 18 8.678095354914600e-03 -1.153979541809229e-03
10 18 8.339558398142538e-03 -1.568601615638214e-03
11 18 7.763326859201547e-03 -1.446303201404168e-03
12 18 7.314375631034703e-03 -1.903792750953120e-03
13 18 6.652201675108315e-03 -1.708258058829766e-03
14 18 6.101335083215222e-03 -2.197554936416813e-03
15 18 5.368597141217084e-03 -1.931464219969583e-03
16 18 4.727426980864288e-03 -2.439718056320926e-03
17 18 3.942503061552920e-03 -2.107724536734648e-03
18 18 3.225918024349027e-03 -2.620765479457924e-03
19 18 2.409686115681987e-03 -2.229813527388226e-03
20 18 1.635712782628064e-03 -2.732861607638547e-03
21 18 8.107042864317835e-04 -2.292312849993403e-03
22 18 -1.263740287596352e-17 -2.770830627689961e-03
23 18 -8.107042864317634e-04 -2.292312849993399e-03
24 18 -1.635712782628087e-03 -2.732861607638536e-03
25 18 -2.409686115681967e-03 -2.229813527388230e-03
26 18 -3.225918024349046e-03 -2.620765479457905e-03
27 18 -3.942503061552905e-03 -2.107724536734650e-03
28 18 -4.727426980864298e-03 -2.439718056320909e-03
29 18 -5.368597141217081e-03 -1.931464219969584e-03
30 18 -6.101335083215227e-03 -2.197554936416800e-03
31 18 -6.652201675108304e-03 -1.708258058829762e-03
32 18 -7.314375631034703e-03 -1.903792750953107e-03
33 18 -7.763326859201547e-03 -1.446303201404158e-03
34 18 -8.339558398142528e-03 -1.568601615638213e-03
35 18 -8.678095354914603e-03 -1.153979541809211e-03
36 18 -9.156151549082440e-03 -1.201937018206930e-03
37 18 -9.378537249547000e-03 -8.392528649776120e-04
38 18 -9.749188053017900e-03 -8.129728251045970e-04
39 18 -9.852041444895938e-03 -5.093516172520728e-04
0 19 9.933478901330362e-03 1.020397752795873e-04
1 19 9.913953020900779e-03 -3.019074969908919e-18
2 19 9.933478901330358e-03 -1.020397752795819e-04
3 19 9.796127637437398e-03 -1.356661507980231e-04
4 19 9.697487560784741e-03 -3.043879192059749e-04
5 19 9.444650743232858e-03 -2.689982488706715e-04
6 19 9.229482822714548e-03 -5.014244070973258e-04
7 19 8.865655710391430e-03 -3.975126964356226e-04
8 19 8.537697680685710e-03 -6.892486800644487e-04
9 19 8.069779888453869e-03 -5.184685778597480e-04
10 19 7.635099684928861e-03 -8.635290394435853e-04
11 19 7.072662441715948e-03 -6.288379874084792e-04
12 19 6.539932454786021e-03 -1.019531190016272e-03
13 19 5.895409227708736e-03 -7.253789660604093e-04
14 19 5.276133299984278e-03 -1.152310413296860e-03
15 19 4.564835773095398e-03 -8.048166800587052e-04
16 19 3.873428837750882e-03 -1.257058297010503e-03
17 19 3.113309880770323e-03 -8.641139188206052e-04
18 19 2.366942876091748e-03 -1.329555832962779e-03
19 19 1.578071044649421e-03 -9.007865308752055e-04
20 19 7.962306869777227e-04 -1.366649613659064e-03
21 19 -8.495889337184301e-18 -9.132008455853979e-04
22 19 -7.962306869777112e-04 -1.366649613659066e-03
23 19 -1.578071044649437e-03 -9.007865308751977e-04
24 19 -2.366942876091740e-03 -1.329555832962780e-03
25 19 -3.113309880770333e-03 -8.641139188205919e-04
26 19 -3.873428837750880e-03 -1.257058297010504e-03
27 19 -4.564835773095396e-03 -8.048166800586875e-04
28 19 -5.276133299984284e-03 -1.152310413296864e-03
29 19 -5.895409227708716e-03 -7.253789660603882e-04
30 19 -6.539932454786031e-03 -1.019531190016277e-03
31 19 -7.072662441715921e-03 -6.288379874084589e-04
32 19 -7.635099684928865e-03 -8.635290394435896e-04
33 19 -8.069779888453837e-03 -5.184685778597303e-04
34 19 -8.537697680685718e-03 -6.892486800644542e-04
35 19 -8.865655710391399e-03 -3.975126964356091e-04
36 19 -9.229482822714555e-03 -5.014244070973315e-04
37 19 -9.444650743232832e-03 -2.689982488706619e-04
38 19 -9.697487560784757e-03 -3.043879192059802e-04
39 19 -9.796127637437391e-03 -1.356661507980162e-04
0 20 9.874733734820972e-03 -1.207979830269004e-17
1 20 9.855040329171717e-03 3.391653769972949e-05
2 20 9.757243401785022e-03 -1.584531610956270e-17
3 20 9.620389190334474e-03 1.011660999173830e-04
4 20 9.406793751644186e-03 -1.570734085768510e-17
5 20 9.155153226810516e-03 1.666277363265991e-04
6 20 8.829578341099010e-03 -1.222090679003460e-17
7 20 8.467717799420007e-03 2.289953185733636e-04
8 20 8.036315288176832e-03 -6.797545574962683e-18
9 20 7.571221165086585e-03 2.868266413165044e-04
10 20 7.042718656737757e-03 -2.278337652042660e-19
11 20 6.484035834713334e-03 3.385542383664872e-04
12 20 5.869932372794730e-03 5.227142177212339e-18
13 20 5.230122500400644e-03 3.825489115293665e-04
14 20 4.544744070494511e-03 8.438889468629973e-18
15 20 3.839072826933835e-03 4.172326497204478e-04
16 20 3.099407774721172e-03 8.679626571356855e-18
17 20 2.345690462708602e-03 4.412251124237901e-04
18 20 1.570959150140034e-03 5.712802734495060e-18
19 20 7.890355223227945e-04 4.534968441153330e-04
20 20 2.540961733857550e-17 2.220758234079265e-19
21 20 -7.890355223228474e-04 4.534968441153427e-04
22 20 -1.570959150139989e-03 -6.757105584455121e-18
23 20 -2.345690462708645e-03 4.412251124238159e-04
24 20 -3.099407774721136e-03 -1.338036522724537e-17
25 20 -3.839072826933855e-03 4.172326497204852e-04
26 20 -4.544744070494493e-03 -1.851503852604127e-17
27 20 -5.230122500400641e-03 3.825489115294081e-04
28 20 -5.869932372794738e-03 -2.092035259740440e-17
29 20 -6.484035834713305e-03 3.385542383665254e-04
30 20 -7.042718656737782e-03 -2.037236467522980e-17
31 20 -7.571221165086542e-03 2.868266413165323e-04
32 20 -8.036315288176856e-03 -1.667864367122731e-17
33 20 -8.467717799419955e-03 2.289953185733757e-04
34 20 -8.829578341099056e-03 -1.010603289654312e-17
35 20 -9.155153226810457e-03 1.666277363265950e-04
36 20 -9.406793751644221e-03 -2.141656167033607e-18
37 20 -9.620389190334437e-03 1.011660999173657e-04
38 20 -9.757243401785031e-03 5.632278099236690e-18
39 20 -9.855040329171704e-03 3.391653769970428e-05
0 21 9.933478901330344e-03 1.020397752795533e-04
1 21 9.912953392803337e-03 2.719158147751858e-04
2 21 9.697487560784703e-03 3.043879192059427e-04
3 21 9.558409812557137e-03 5.392009103673665e-04
4 21 9.229482822714517e-03 5.014244070972971e-04
5 21 8.974096104949350e-03 7.969150344077290e-04
6 21 8.537697680685684e-03 6.892486800644288e-04
7 21 8.170400700855888e-03 1.039583773691558e-03
8 21 7.635099684928854e-03 8.635290394435764e-04
9 21 7.162730325343248e-03 1.261133082547031e-03
10 21 6.539932454786038e-03 1.019531190016276e-03
11 21 5.972069348012560e-03 1.455033748287251e-03
12 21 5.276133299984311e-03 1.152310413296872e-03
13 21 4.625311991954491e-03 1.614668478922950e-03
14 21 3.873428837750922e-03 1.257058297010520e-03
15 21 3.155166352667920e-03 1.733883994315671e-03
16 21 2.366942876091794e-03 1.329555832962794e-03
17 21 1.599487148919644e-03 1.807637636086177e-03
18 21 7.962306869777639e-04 1.366649613659072e-03
19 21 -4.330669242091417e-17 1.832608848524037e-03
20 21 -7.962306869776792e-04 1.366649613659061e-03
21 21 -1.599487148919723e-03 1.807637636086205e-03
22 21 -2.366942876091724e-03 1.329555832962763e-03
23 21 -3.155166352667974e-03 1.733883994315715e-03
24 21 -3.873428837750880e-03 1.257058297010475e-03
25 21 -4.625311991954510e-03 1.614668478923011e-03
26 21 -5.276133299984295e-03 1.152310413296826e-03
27 21 -5.972069348012548e-03 1.455033748287308e-03
28 21 -6.539932454786055e-03 1.019531190016237e-03
29 21 -7.162730325343199e-03 1.261133082547077e-03
30 21 -7.635099684928895e-03 8.635290394435533e-04
31 21 -8.170400700855821e-03 1.039583773691578e-03
32 21 -8.537697680685736e-03 6.892486800644282e-04
33 21 -8.974096104949293e-03 7.969150344077236e-04
34 21 -9.229482822714567e-03 5.014244070973188e-04
35 21 -9.558409812557081e-03 5.392009103673351e-04
36 21 -9.697487560784744e-03 3.043879192059842e-04
37 21 -9.912953392803309e-03 2.719158147751363e-04
38 21 -9.933478901330346e-03 1.020397752796055e-04
39 21 -1.003177840435222e-02 -2.785276640103533e-17
0 22 1.010873843422369e-02 4.098905077468939e-04
1 22 1.008476112932799e-02 7.169381266124342e-04
2 22 9.749188053017853e-03 8.129728251045450e-04
3 22 9.603105831139791e-03 1.181642650155609e-03
4 22 9.156151549082399e-03 1.201937018206894e-03
5 22 8.889789258943893e-03 1.625439817327585e-03
6 22 8.339558398142511e-03 1.568601615638201e-03
7 22 7.956849551405593e-03 2.038192747972849e-03
8 22 7.314375631034712e-03 1.903792750953117e-03
9 22 6.821805351963491e-03 2.408607345653197e-03
10 22 6.101335083215264e-03 2.197554936416824e-03
11 22 5.508410083681500e-03 2.724690432693435e-03
12 22 4.727426980864355e-03 2.439718056320938e-03
13 22 4.047030840037097e-03 2.974621136960697e-03
14 22 3.225918024349109e-03 2.620765479457941e-03
15 22 2.474404845462116e-03 3.147918951760106e-03
16 22 1.635712782628146e-03 2.732861607638553e-03
17 22 8.326257103792690e-04 3.236692065368221e-03
18 22 5.703879884743811e-17 2.770830627689961e-03
19 22 -8.326257103793749e-04 3.236692065368241e-03
20 22 -1.635712782628041e-03 2.732861607638525e-03
21 22 -2.474404845462205e-03 3.147918951760153e-03
22 22 -3.225918024349030e-03 2.620765479457882e-03
23 22 -4.047030840037151e-03 2.974621136960763e-03
24 22 -4.727426980864304e-03 2.439718056320879e-03
25 22 -5.508410083681495e-03 2.724690432693510e-03
26 22 -6.101335083215266e-03 2.197554936416761e-03
27 22 -6.821805351963460e-03 2.408607345653265e-03
28 22 -7.314375631034751e-03 1.903792750953076e-03
29 22 -7.956849551405533e-03 2.038192747972885e-03
30 22 -8.339558398142592e-03 1.568601615638187e-03
31 22 -8.889789258943822e-03 1.625439817327590e-03
32 22 -9.156151549082473e-03 1.201937018206911e-03
33 22 -9.603105831139718e-03 1.181642650155578e-03
34 22 -9.749188053017910e-03 8.129728251045934e-04
35 22 -1.008476112932794e-02 7.169381266123731e-04
36 22 -1.010873843422372e-02 4.098905077469638e-04
37 22 -1.032734149105975e-02 2.402732140515968e-04
38 22 -1.022919137500297e-02 3.885343460633671e-17
39 22 -1.032734149105976e-02 -2.402732140516739e-04
0 23 1.039772792574821e-02 9.287546466814630e-04
1 23 1.036587642990785e-02 1.375537613344147e-03
2 23 9.905540025575456e-03 1.531442451675599e-03
3 23 9.745702251189805e-03 2.035824398868309e-03
4 23 9.175442314394777e-03 2.107932129657894e-03
5 23 8.888581114154779e-03 2.660480298877120e-03
6 23 8.218583528742121e-03 2.645170075505143e-03
7 23 7.807790557163449e-03 3.233912169741299e-03
8 23 7.051744636369220e-03 3.128369648690225e-03
9 23 6.522982246143273e-03 3.738681892670575e-03
10 23 5.698397496222985e-03 3.541607559211433e-03
11 23 5.061260723958648e-03 4.156529993658753e-03
12 23 4.189349143668384e-03 3.869011652509921e-03
13 23 3.457631042506012e-03 4.470034970396251e-03
14 23 2.562647525106150e-03 4.096387430284393e-03
15 23 1.754487978288876e-03 4.664643907417367e-03
16 23 8.625375832692635e-04 4.212980661763330e-03
17 23 -5.884721150168875e-17 4.730650983030978e-03
18 23 -8.625375832691373e-04 4.212980661763304e-03
19 23 -1.754487978288981e-03 4.664643907417404e-03
20 23 -2.562647525106045e-03 4.096387430284349e-03
21 23 -3.457631042506089e-03 4.470034970396308e-03
22 23 -4.189349143668317e-03 3.869011652509852e-03
23 23 -5.061260723958681e-03 4.156529993658834e-03
24 23 -5.698397496222961e-03 3.541607559211359e-03
25 23 -6.522982246143260e-03 3.738681892670653e-03
26 23 -7.051744636369248e-03 3.128369648690161e-03
27 23 -7.807790557163395e-03 3.233912169741353e-03
28 23 -8.218583528742171e-03 2.645170075505111e-03
29 23 -8.888581114154696e-03 2.660480298877136e-03
30 23 -9.175442314394872e-03 2.107932129657896e-03
31 23 -9.745702251189727e-03 2.035824398868289e-03
32 23 -9.905540025575525e-03 1.531442451675642e-03
33 23 -1.036587642990779e-02 1.375537613344091e-03
34 23 -1.039772792574828e-02 9.287546466815363e-04
35 23 -1.074087981849534e-02 6.930585569720785e-04
36 23 -1.064535678943472e-02 3.111878802081636e-04
37 23 -1.086633471028345e-02 -4.603863903255871e-17
38 23 -1.064535678943469e-02 -3.111878802080727e-04
39 23 -1.074087981849539e-02 -6.930585569721615e-04
0 24 1.079630317923424e-02 1.667364208327639e-03
1 24 1.075062722022908e-02 2.258097867452721e-03
2 24 1.015842713201927e-02 2.469693882085568e-03
3 24 9.976233652806928e-03 3.113748146065116e-03
4 24 9.274393252835994e-03 3.230747734843070e-03
5 24 8.955121413423335e-03 3.915764513283906e-03
6 24 8.155986939663367e-03 3.931576573248417e-03
7 24 7.701403665864611e-03 4.641746219992503e-03
8 24 6.821789139306794e-03 4.550515996811261e-03
9 24 6.237223094200360e-03 5.266605194295211e-03
10 24 5.298739993892103e-03 5.064475064526784e-03
11 24 4.594287037179540e-03 5.764546334944100e-03
12 24 3.622964841580590e-03 5.451116325261665e-03
13 24 2.814314830116283e-03 6.111949497641859e-03
14 24 1.839402775160544e-03 5.691588855062089e-03
15 24 9.479514412813568e-04 6.290616976292992e-03
16 24 6.444823096454831e-17 5.773234788112211e-03
17 24 -9.479514412814631e-04 6.290616976293011e-03
18 24 -1.839402775160426e-03 5.691588855062051e-03
19 24 -2.814314830116371e-03 6.111949497641909e-03
20 24 -3.622964841580502e-03 5.451116325261600e-03
21 24 -4.594287037179587e-03 5.764546334944174e-03
22 24 -5.298739993892062e-03 5.064475064526714e-03
23 24 -6.237223094200378e-03 5.266605194295292e-03
24 24 -6.821789139306794e-03 4.550515996811190e-03
25 24 -7.701403665864579e-03 4.641746219992571e-03
26 24 -8.155986939663420e-03 3.931576573248365e-03
27 24 -8.955121413423257e-03 3.915764513283946e-03
28 24 -9.274393252836074e-03 3.230747734843055e-03
29 24 -9.976233652806850e-03 3.113748146065116e-03
30 24 -1.015842713201934e-02 2.469693882085594e-03
31 24 -1.075062722022898e-02 2.258097867452681e-03
32 24 -1.079630317923432e-02 1.667364208327702e-03
33 24 -1.127018232909241e-02 1.367664080015874e-03
34 24 -1.118124107299969e-02 8.396700070280289e-04
35 24 -1.153078282127448e-02 4.579383078165016e-04
36 24 -1.130988513915983e-02 4.917199752997007e-17
37 24 -1.153078282127450e-02 -4.579383078165921e-04
38 24 -1.118124107299966e-02 -8.396700070279409e-04
39 24 -1.127018232909248e-02 -1.367664080015946e-03
0 25 1.129976706971398e-02 2.638194849522207e-03
1 25 1.123316855093334e-02 3.379306349635583e-03
2 25 1.049911695039693e-02 3.642481918489573e-03
3 25 1.028420136692464e-02 4.433015448269371e-03
4 25 9.438802651799661e-03 4.587631830065536e-03
5 25 9.072518123619864e-03 5.411684796753647e-03
6 25 8.130608428909140e-03 5.447024153572659e-03
7 25 7.612786560617033e-03 6.283828753208219e-03
8 25 6.595257340758364e-03 6.190042981624059e-03
9 25 5.930618331412104e-03 7.014297971301040e-03
10 25 4.864682001806105e-03 6.784555871743740e-03
11 25 4.064674200894211e-03 7.567860382374238e-03
12 25 2.982967609862211e-03 7.200679077453141e-03
13 25 2.066857280558478e-03 7.913994414445248e-03
14 25 1.005299091141229e-03 7.415134847511658e-03
15 25 -4.209563631241827e-17 8.031846078950983e-03
16 25 -1.005299091141118e-03 7.415134847511644e-03
17 25 -2.066857280558555e-03 7.913994414445277e-03
18 25 -2.982967609862122e-03 7.200679077453088e-03
19 25 -4.064674200894256e-03 7.567860382374289e-03
20 25 -4.864682001806050e-03 6.784555871743679e-03
21 25 -5.930618331412120e-03 7.014297971301115e-03
22 25 -6.595257340758353e-03 6.190042981623999e-03
23 25 -7.612786560617016e-03 6.283828753208287e-03
24 25 -8.130608428909171e-03 5.447024153572600e-03
25 25 -9.072518123619821e-03 5.411684796753692e-03
26 25 -9.438802651799715e-03 4.587631830065510e-03
27 25 -1.028420136692457e-02 4.433015448269384e-03
28 25 -1.049911695039699e-02 3.642481918489579e-03
29 25 -1.123316855093326e-02 3.379306349635564e-03
30 25 -1.129976706971404e-02 2.638194849522252e-03
31 25 -1.191260010748003e-02 2.276506616794246e-03
32 25 -1.183511584937453e-02 1.596429412990544e-03
33 25 -1.232032757716815e-02 1.144845517731551e-03
34 25 -1.210305755502731e-02 5.342838939743308e-04
35 25 -1.245618967130662e-02 -4.191285715823890e-17
36 25 -1.210305755502728e-02 -5.342838939742418e-04
37 25 -1.232032757716820e-02 -1.144845517731626e-03
38 25 -1.183511584937447e-02 -1.596429412990474e-03
39 25 -1.191260010748010e-02 -2.276506616794297e-03
0 26 1.190411980655116e-02 3.858023993952929e-03
1 26 1.180880590909629e-02 4.759133582655208e-03
2 26 1.091919178947709e-02 5.070599220476228e-03
3 26 1.065936055166489e-02 6.018455301232256e-03
4 26 9.653518549503819e-03 6.203361379766267e-03
5 26 9.222235183206142e-03 7.177298544536244e-03
6 26 8.118295952406507e-03 7.219016159918558e-03
7 26 7.512720965388711e-03 8.191339792383763e-03
8 26 6.337428528210736e-03 8.074670643188106e-03
9 26 5.562018130184077e-03 9.011607370630297e-03
10 26 4.350733696540075e-03 8.726351138430418e-03
11 26 3.419949595934684e-03 9.590766705303745e-03
12 26 2.214723252964085e-03 9.135327426727074e-03
13 26 1.154253615129192e-03 9.890926846129959e-03
14 26 3.951751179399368e-17 9.274844090236677e-03
15 26 -1.154253615129235e-03 9.890926846129971e-03
16 26 -2.214723252964012e-03 9.135327426727052e-03
17 26 -3.419949595934720e-03 9.590766705303766e-03
18 26 -4.350733696540023e-03 8.726351138430372e-03
19 26 -5.562018130184090e-03 9.011607370630335e-03
20 26 -6.337428528210717e-03 8.074670643188042e-03
21 26 -7.512720965388710e-03 8.191339792383812e-03
22 26 -8.118295952406518e-03 7.219016159918507e-03
23 26 -9.222235183206116e-03 7.177298544536287e-03
24 26 -9.653518549503857e-03 6.203361379766235e-03
25 26 -1.065936055166485e-02 6.018455301232281e-03
26 26 -1.091919178947714e-02 5.070599220476224e-03
27 26 -1.180880590909623e-02 4.759133582655208e-03
28 26 -1.190411980655123e-02 3.858023993952947e-03
29 26 -1.266654304909144e-02 3.435336436589040e-03
30 26 -1.260551950073516e-02 2.595175681296665e-03
31 26 -1.323475191838718e-02 2.073789449356837e-03
32 26 -1.302480671854200e-02 1.303887837802206e-03
33 26 -1.351745861546130e-02 6.931746524108794e-04
34 26 -1.316423899503791e-02 3.676880383821018e-17
35 26 -1.351745861546130e-02 -6.931746524109421e-04
36 26 -1.302480671854197e-02 -1.303887837802140e-03
37 26 -1.323475191838722e-02 -2.073789449356888e-03
38 26 -1.260551950073511e-02 -2.595175681296616e-03
39 26 -1.266654304909150e-02 -3.435336436589070e-03
0 27 1.260787166829697e-02 5.349127781174857e-03
1 27 1.247582564806139e-02 6.424691211923337e-03
2 27 1.141172111030519e-02 6.782968419397827e-03
3 27 1.109257707906948e-02 7.904908223238664e-03
4 27 9.902491364113039e-03 8.112928495165664e-03
5 27 9.383447818876300e-03 9.253574400401946e-03
6 27 8.090471502942736e-03 9.286069306208088e-03
7 27 7.365219768026189e-03 1.040743171422524e-02
8 27 6.005130674799835e-03 1.024198840121440e-02
9 27 5.078925919448490e-03 1.129794765818721e-02
10 27 3.699470111616081e-03 1.092088541026478e-02
11 27 2.592968429418936e-03 1.186226356005462e-02
12 27 1.249869008633572e-03 1.127406999648143e-02
13 27 4.391545284656173e-19 1.205576347191412e-02
14 27 -1.249869008633536e-03 1.127406999648141e-02
15 27 -2.592968429418932e-03 1.186226356005463e-02
16 27 -3.699470111616055e-03 1.092088541026476e-02
17 27 -5.078925919448487e-03 1.129794765818725e-02
18 27 -6.005130674799818e-03 1.024198840121437e-02
19 27 -7.365219768026168e-03 1.040743171422527e-02
20 27 -8.090471502942752e-03 9.286069306208055e-03
21 27 -9.383447818876260e-03 9.253574400401988e-03
22 27 -9.902491364113060e-03 8.112928495165627e-03
23 27 -1.109257707906944e-02 7.904908223238687e-03
24 27 -1.141172111030522e-02 6.782968419397808e-03
25 27 -1.247582564806136e-02 6.424691211923352e-03
26 27 -1.260787166829700e-02 5.349127781174862e-03
27 27 -1.353373628790420e-02 4.863996748269401e-03
28 27 -1.349325186070695e-02 3.852564512768600e-03
29 27 -1.427619552076016e-02 3.259285872842021e-03
30 27 -1.407605569954522e-02 2.321953480771149e-03
31 27 -1.471538664037951e-02 1.633587599804987e-03
32 27 -1.436485271153180e-02 7.754845578003272e-04
33 27 -1.486063727005721e-02 -1.884018501687865e-17
34 27 -1.436485271153179e-02 -7.754845578002817e-04
35 27 -1.471538664037953e-02 -1.633587599805023e-03
36 27 -1.407605569954517e-02 -2.321953480771108e-03
37 27 -1.427619552076018e-02 -3.259285872842044e-03
38 27 -1.349325186070691e-02 -3.852564512768573e-03
39 27 -1.353373628790424e-02 -4.863996748269413e-03
0 28 1.341458885044837e-02 7.141562109955573e-03
1 28 1.323797172573016e-02 8.413542887373339e-03
2 28 1.197266443998760e-02 8.820231529826817e-03
3 28 1.157662154687790e-02 1.014188699394574e-02
4 28 1.016827662953461e-02 1.036592417585692e-02
5 28 9.531312370682854e-03 1.169858113405166e-02
6 28 8.011205868574248e-03 1.170188796187747e-02
7 28 7.122893403562913e-03 1.299153992966605e-02
8 28 5.541474340920072e-03 1.274206594729252e-02
9 28 4.410506189591827e-03 1.392407666922608e-02
10 28 2.834889695870957e-03 1.340550955142941e-02
11 28 1.494175256440328e-03 1.441410000955116e-02
12 28 -3.955040801759967e-18 1.363378350375055e-02
13 28 -1.494175256440281e-03 1.441410000955119e-02
14 28 -2.834889695870963e-03 1.340550955142942e-02
15 28 -4.410506189591777e-03 1.392407666922608e-02
16 28 -5.541474340920082e-03 1.274206594729249e-02
17 28 -7.122893403562872e-03 1.299153992966603e-02
18 28 -8.011205868574270e-03 1.170188796187746e-02
19 28 -9.531312370682814e-03 1.169858113405166e-02
20 28 -1.016827662953462e-02 1.036592417585689e-02
21 28 -1.157662154687789e-02 1.014188699394575e-02
22 28 -1.197266443998762e-02 8.820231529826791e-03
23 28 -1.323797172573015e-02 8.413542887373346e-03
24 28 -1.341458885044840e-02 7.141562109955574e-03
25 28 -1.452250233488840e-02 6.588110528753382e-03
26 28 -1.450435659228160e-02 5.389048430482322e-03
27 28 -1.545254526551616e-02 4.717422856848162e-03
28 28 -1.526158789682840e-02 3.602057708939965e-03
29 28 -1.605420996328568e-02 2.831582146191499e-03
30 28 -1.570631550894052e-02 1.802550586046804e-03
31 28 -1.634906655433915e-02 9.436934780451407e-04
32 28 -1.585284663560443e-02 7.840593614789317e-18
33 28 -1.634906655433912e-02 -9.436934780451467e-04
34 28 -1.570631550894050e-02 -1.802550586046794e-03
35 28 -1.605420996328569e-02 -2.831582146191507e-03
36 28 -1.526158789682838e-02 -3.602057708939958e-03
37 28 -1.545254526551618e-02 -4.717422856848156e-03
38 28 -1.450435659228159e-02 -5.389048430482320e-03
39 28 -1.452250233488841e-02 -6.588110528753387e-03
0 29 1.433644931011520e-02 9.277215285693226e-03
1 29 1.410780282118586e-02 1.077939427402457e-02
2 29 1.260245937540638e-02 1.124079069289390e-02
3 29 1.210661746570799e-02 1.280132104459497e-02
4 29 1.043036722616453e-02 1.303363706915429e-02
5 29 9.633074221027811e-03 1.459573272147121e-02
6 29 7.831514837082616e-03 1.454164287152304e-02
7 29 6.718321952614878e-03 1.602546968083319e-02
8 29 4.866634857603373e-03 1.564048148743504e-02
9 29 3.455752176090358e-03 1.695313917705037e-02
10 29 1.651889856480650e-03 1.622177096332877e-02
11 29 4.455601629165553e-17 1.727525716949114e-02
12 29 -1.651889856480697e-03 1.622177096332876e-02
13 29 -3.455752176090276e-03 1.695313917705036e-02
14 29 -4.866634857603409e-03 1.564048148743505e-02
15 29 -6.718321952614802e-03 1.602546968083318e-02
16 29 -7.831514837082654e-03 1.454164287152304e-02
17 29 -9.633074221027778e-03 1.459573272147120e-02
18 29 -1.043036722616455e-02 1.303363706915430e-02
19 29 -1.210661746570797e-02 1.280132104459494e-02
20 29 -1.260245937540637e-02 1.124079069289390e-02
21 29 -1.410780282118585e-02 1.077939427402457e-02
22 29 -1.433644931011519e-02 9.277215285693228e-03
23 29 -1.565250092429882e-02 8.642266092358431e-03
24 29 -1.565446998169007e-02 7.230781213154302e-03
25 29 -1.678243415780581e-02 6.466743375738346e-03
26 29 -1.659436929570459e-02 5.158197256887657e-03
27 29 -1.754619332844731e-02 4.294818469270634e-03
28 29 -1.719517842379312e-02 3.088031986662459e-03
29 29 -1.798587247027726e-02 2.140684600306780e-03
30 29 -1.748737168635033e-02 1.027775782089624e-03
31 29 -1.812922642770690e-02 1.165534915778492e-17
32 29 -1.748737168635033e-02 -1.027775782089640e-03
33 29 -1.798587247027725e-02 -2.140684600306758e-03
34 29 -1.719517842379314e-02 -3.088031986662474e-03
35 29 -1.754619332844726e-02 -4.294818469270619e-03
36 29 -1.659436929570462e-02 -5.158197256887666e-03
37 29 -1.678243415780581e-02 -6.466743375738342e-03
38 29 -1.565446998169009e-02 -7.230781213154297e-03
39 29 -1.565250092429882e-02 -8.642266092358433e-03
0 30 1.539932275609699e-02 1.181676349041335e-02
1 30 1.511137402758216e-02 1.360177698063571e-02
2 30 1.330767589052736e-02 1.413097260642454e-02
3 30 1.267951980687412e-02 1.599055416345006e-02
4 30 1.066107075584526e-02 1.622060410637555e-02
5 30 9.639780326720323e-03 1.806693037625917e-02
6 30 7.478335973391877e-03 1.791118065701717e-02
7 30 6.047925398708987e-03 1.962139921134130e-02
8 30 3.861704441899698e-03 1.902071893402364e-02
9 30 2.063584259203566e-03 2.045853232186746e-02
10 30 -3.644464131585720e-17 1.940836133999784e-02
11 30 -2.063584259203449e-03 2.045853232186747e-02
12 30 -3.861704441899766e-03 1.902071893402364e-02
13 30 -6.047925398708888e-03 1.962139921134126e-02
14 30 -7.478335973391928e-03 1.791118065701720e-02
15 30 -9.639780326720242e-03 1.806693037625915e-02
16 30 -1.066107075584529e-02 1.622060410637557e-02
17 30 -1.267951980687406e-02 1.599055416345003e-02
18 30 -1.330767589052736e-02 1.413097260642458e-02
19 30 -1.511137402758215e-02 1.360177698063570e-02
20 30 -1.539932275609696e-02 1.181676349041335e-02
21 30 -1.696173123692804e-02 1.107557164522644e-02
22 30 -1.697519045706744e-02 9.413162677908435e-03
23 30 -1.830256326925071e-02 8.530233843020239e-03
24 30 -1.810186538451973e-02 7.005501517985018e-03
25 30 -1.921829982443246e-02 6.027608464158448e-03
26 30 -1.884875749511664e-02 4.633762684077132e-03
27 30 -1.978379828937253e-02 3.584869372359885e-03
28 30 -1.927266865981893e-02 2.303847901909865e-03
29 30 -2.005274025850256e-02 1.189144135963210e-03
30 30 -1.940984920359127e-02 -2.291106995685253e-17
31 30 -2.005274025850255e-02 -1.189144135963163e-03
32 30 -1.927266865981894e-02 -2.303847901909906e-03
33 30 -1.978379828937253e-02 -3.584869372359850e-03
34 30 -1.884875749511668e-02 -4.633762684077159e-03
35 30 -1.921829982443245e-02 -6.027608464158424e-03
36 30 -1.810186538451975e-02 -7.005501517985036e-03
37 30 -1.830256326925069e-02 -8.530233843020240e-03
38 30 -1.697519045706748e-02 -9.413162677908428e-03
39 30 -1.696173123692802e-02 -1.107557164522645e-02
0 31 1.665041594961954e-02 1.485156035459084e-02
1 31 1.629513365714262e-02 1.700279541665657e-02
2 31 1.410241928003249e-02 1.762247992511259e-02
3 31 1.329113914306993e-02 1.987476844108203e-02
4 31 1.081611132787230e-02 2.008371150903500e-02
5 31 9.468701438026963e-03 2.229365803939203e-02
6 31 6.832979620057373e-03 2.195992503373359e-02
7 31 4.941412239613345e-03 2.393066567265959e-02
8 31 2.340386343870909e-03 2.298259412263853e-02
9 31 6.311116403165607e-17 2.451220037879329e-02
10 31 -2.340386343870988e-03 2.298259412263855e-02
11 31 -4.941412239613234e-03 2.393066567265955e-02
12 31 -6.832979620057442e-03 2.195992503373367e-02
13 31 -9.468701438026869e-03 2.229365803939198e-02
14 31 -1.081611132787233e-02 2.008371150903505e-02
15 31 -1.329113914306989e-02 1.987476844108197e-02
16 31 -1.410241928003249e-02 1.762247992511263e-02
17 31 -1.629513365714262e-02 1.700279541665657e-02
18 31 -1.665041594961953e-02 1.485156035459086e-02
19 31 -1.851743917766131e-02 1.396102533985077e-02
20 31 -1.852374555385690e-02 1.198687932495124e-02
21 31 -2.007870720159518e-02 1.093873334145625e-02
22 31 -1.983528975612461e-02 9.161835235234622e-03
23 31 -2.112170627044406e-02 8.030480139168994e-03
24 31 -2.070311532141331e-02 6.435270040630395e-03
25 31 -2.177310363127050e-02 5.258505585388725e-03
26 31 -2.122534788544913e-02 3.811727400381029e-03
27 31 -2.212658022329584e-02 2.598454979074326e-03
28 31 -2.146950726460137e-02 1.261789558249019e-03
29 31 -2.223822388185053e-02 3.373444373799991e-17
30 31 -2.146950726460136e-02 -1.261789558249085e-03
31 31 -2.212658022329582e-02 -2.598454979074268e-03
32 31 -2.122534788544917e-02 -3.811727400381084e-03
33 31 -2.177310363127042e-02 -5.258505585388678e-03
34 31 -2.070311532141338e-02 -6.435270040630435e-03
35 31 -2.112170627044400e-02 -8.030480139168985e-03
36 31 -1.983528975612467e-02 -9.161835235234610e-03
37 31 -2.007870720159513e-02 -1.093873334145626e-02
38 31 -1.852374555385694e-02 -1.198687932495124e-02
39 31 -1.851743917766127e-02 -1.396102533985081e-02
0 32 1.817069870658955e-02 1.852445964488451e-02
1 32 1.773685346916902e-02 2.117728905841644e-02
2 32 1.500854304974692e-02 2.192357132936713e-02
3 32 1.392684616050449e-02 2.471738359232938e-02
4 32 1.081331928817687e-02 2.486450800262111e-02
5 32 8.965105359548305e-03 2.755080094270633e-02
6 32 5.688020345130722e-03 2.689683697707681e-02
7 32 3.103156982181625e-03 2.914740314185507e-02
8 32 -3.608364045446875e-17 2.762712832835994e-02
9 32 -3.103156982181509e-03 2.914740314185504e-02
10 32 -5.688020345130787e-03 2.689683697707683e-02
11 32 -8.965105359548213e-03 2.755080094270628e-02
12 32 -1.081331928817691e-02 2.486450800262116e-02
13 32 -1.392684616050443e-02 2.471738359232932e-02
14 32 -1.500854304974693e-02 2.192357132936719e-02
15 32 -1.773685346916903e-02 2.117728905841637e-02
16 32 -1.817069870658954e-02 1.852445964488458e-02
17 32 -2.043447631850091e-02 1.741135851652199e-02
18 32 -2.039863351062162e-02 1.502780713576996e-02
19 32 -2.222321262423611e-02 1.373591613862329e-02
20 32 -2.188362089362393e-02 1.165014705579179e-02
21 32 -2.334559063105041e-02 1.029917294285712e-02
22 32 -2.282420092625834e-02 8.480050794143922e-03
23 32 -2.401197306504751e-02 7.128626658154617e-03
24 32 -2.338323048100038e-02 5.518742611980169e-03
25 32 -2.437626411503039e-02 4.180993899445221e-03
26 32 -2.367480809074081e-02 2.716951605451880e-03
27 32 -2.453535116374777e-02 1.377216881300240e-03
28 32 -2.376486248339829e-02 -4.114758896278276e-17
29 32 -2.453535116374777e-02 -1.377216881300168e-03
30 32 -2.367480809074084e-02 -2.716951605451950e-03
31 32 -2.437626411503037e-02 -4.180993899445164e-03
32 32 -2.338323048100043e-02 -5.518742611980224e-03
33 32 -2.401197306504747e-02 -7.128626658154590e-03
34 32 -2.282420092625843e-02 -8.480050794143948e-03
35 32 -2.334559063105036e-02 -1.029917294285712e-02
36 32 -2.188362089362401e-02 -1.165014705579179e-02
37 32 -2.222321262423606e-02 -1.373591613862330e-02
38 32 -2.039863351062169e-02 -1.502780713576993e-02
39 32 -2.043447631850090e-02 -1.741135851652201e-02
0 33 2.009704932596161e-02 2.306817821779074e-02
1 33 1.956434349240778e-02 2.645074592954991e-02
2 33 1.605166036986962e-02 2.737809067678107e-02
3 33 1.453493406082820e-02 3.095703914284121e-02
4 33 1.048260101638291e-02 3.094491248974720e-02
5 33 7.815581276102386e-03 3.425865606715905e-02
6 33 3.658835802274243e-03 3.300195388535713e-02
7 33 5.091262552410012e-17 3.548469264793797e-02
8 33 -3.658835802274289e-03 3.300195388535711e-02
9 33 -7.815581276102287e-03 3.425865606715905e-02
10 33 -1.048260101638294e-02 3.094491248974722e-02
11 33 -1.453493406082813e-02 3.095703914284117e-02
12 33 -1.605166036986964e-02 2.737809067678110e-02
13 33 -1.956434349240777e-02 2.645074592954986e-02
14 33 -2.009704932596155e-02 2.306817821779080e-02
15 33 -2.290918204339022e-02 2.160668245437617e-02
16 33 -2.276713112355392e-02 1.865316090669710e-02
17 33 -2.492503693941270e-02 1.698444269122632e-02
18 33 -2.439618883650341e-02 1.450063552773003e-02
19 33 -2.603802547721137e-02 1.282076399985537e-02
20 33 -2.532366677837944e-02 1.074367431694938e-02
21 33 -2.659991914775610e-02 9.140517379904244e-03
22 33 -2.581628232698640e-02 7.370635504300315e-03
23 33 -2.685525459471258e-02 5.862090002185270e-03
24 33 -2.605562833515205e-02 4.297820327004057e-03
25 33 -2.695532201211790e-02 2.861069290599885e-03
26 33 -2.615027209485371e-02 1.411629735125665e-03
27 33 -2.698036558645858e-02 3.676294003009806e-17
28 33 -2.615027209485372e-02 -1.411629735125750e-03
29 33 -2.695532201211788e-02 -2.861069290599815e-03
30 33 -2.605562833515213e-02 -4.297820327004113e-03
31 33 -2.685525459471252e-02 -5.862090002185225e-03
32 33 -2.581628232698653e-02 -7.370635504300366e-03
33 33 -2.659991914775603e-02 -9.140517379904213e-03
34 33 -2.532366677837952e-02 -1.074367431694939e-02
35 33 -2.603802547721131e-02 -1.282076399985540e-02
36 33 -2.439618883650350e-02 -1.450063552773002e-02
37 33 -2.492503693941265e-02 -1.698444269122636e-02
38 33 -2.276713112355400e-02 -1.865316090669707e-02
39 33 -2.290918204339020e-02 -2.160668245437624e-02
0 34 2.266590850055064e-02 2.888154725043420e-02
1 34 2.198968975146987e-02 3.340066653247538e-02
2 34 1.724254103841265e-02 3.458582677071698e-02
3 34 1.494803832492003e-02 3.936398179280051e-02
4 34 9.441229254393613e-03 3.894225862590786e-02
5 34 5.342252929102492e-03 4.304801873478708e-02
6 34 -4.791435857614411e-18 4.059863300566843e-02
7 34 -5.342252929102420e-03 4.304801873478707e-02
8 34 -9.441229254393618e-03 3.894225862590792e-02
9 34 -1.494803832491999e-02 3.936398179280045e-02
10 34 -1.724254103841266e-02 3.458582677071703e-02
11 34 -2.198968975146982e-02 3.340066653247539e-02
12 34 -2.266590850055056e-02 2.888154725043427e-02
13 34 -2.628855546909724e-02 2.684541479685221e-02
14 34 -2.591835420546433e-02 2.304823949857892e-02
15 34 -2.850582657175632e-02 2.077084373367241e-02
16 34 -2.762186215618342e-02 1.774964541542353e-02
17 34 -2.943949860138868e-02 1.556109130429102e-02
18 34 -2.838221855667233e-02 1.317937833574895e-02
19 34 -2.969489491942766e-02 1.120344354221982e-02
20 34 -2.863948913022272e-02 9.281198683985763e-03
21 34 -2.965377619905650e-02 7.529007134157139e-03
22 34 -2.867147831087835e-02 5.902326291753277e-03
23 34 -2.953427302925487e-02 4.332325650862371e-03
24 34 -2.863769870645948e-02 2.866636213434662e-03
25 34 -2.945042358352788e-02 1.413789309816956e-03
26 34 -2.861836285854839e-02 -3.976681491320654e-17
27 34 -2.945042358352785e-02 -1.413789309816896e-03
28 34 -2.863769870645953e-02 -2.866636213434732e-03
29 34 -2.953427302925485e-02 -4.332325650862326e-03
30 34 -2.867147831087845e-02 -5.902326291753323e-03
31 34 -2.965377619905644e-02 -7.529007134157129e-03
32 34 -2.863948913022282e-02 -9.281198683985784e-03
33 34 -2.969489491942760e-02 -1.120344354221981e-02
34 34 -2.838221855667240e-02 -1.317937833574894e-02
35 34 -2.943949860138862e-02 -1.556109130429106e-02
36 34 -2.762186215618350e-02 -1.774964541542350e-02
37 34 -2.850582657175628e-02 -2.077084373367244e-02
38 34 -2.591835420546443e-02 -2.304823949857886e-02
39 34 -2.628855546909725e-02 -2.684541479685226e-02
0 35 2.630969802017378e-02 3.669761248320844e-02
1 35 2.537362102929307e-02 4.314212784476986e-02
2 35 1.850414906908140e-02 4.467053909820499e-02
3 35 1.463215090268818e-02 5.137738243476506e-02
4 35 6.759248600184166e-03 4.985168650573784e-02
5 35 2.620072189113911e-17 5.475538073127764e-02
6 35 -6.759248600184132e-03 4.985168650573785e-02
7 35 -1.463215090268813e-02 5.137738243476506e-02
8 35 -1.850414906908134e-02 4.467053909820500e-02
9 35 -2.537362102929306e-02 4.314212784476978e-02
10 35 -2.630969802017372e-02 3.669761248320853e-02
11 35 -3.122864613226943e-02 3.364468968803026e-02
12 35 -3.037614804343270e-02 2.851133585551787e-02
13 35 -3.353364482331002e-02 2.519886044299980e-02
14 35 -3.198202608311492e-02 2.142556934558705e-02
15 35 -3.393904155394295e-02 1.842857071226733e-02
16 35 -3.228525413179600e-02 1.569088887816892e-02
17 35 -3.353416614658382e-02 1.315848314648724e-02
18 35 -3.202685030694306e-02 1.111022719221891e-02
19 35 -3.290398394454399e-02 9.010798288615783e-03
20 35 -3.161643850144057e-02 7.380950462939309e-03
21 35 -3.233433155861199e-02 5.624867941149426e-03
22 35 -3.126333286499638e-02 4.216716558851785e-03
23 35 -3.195653022750793e-02 2.703130227254537e-03
24 35 -3.106711777435248e-02 1.371324367872304e-03
25 35 -3.182562706233660e-02 2.145569175757701e-17
26 35 -3.106711777435250e-02 -1.371324367872366e-03
27 35 -3.195653022750793e-02 -2.703130227254500e-03
28 35 -3.126333286499646e-02 -4.216716558851839e-03
29 35 -3.233433155861194e-02 -5.624867941149408e-03
30 35 -3.161643850144062e-02 -7.380950462939342e-03
31 35 -3.290398394454388e-02 -9.010798288615791e-03
32 35 -3.202685030694313e-02 -1.111022719221891e-02
33 35 -3.353416614658376e-02 -1.315848314648727e-02
34 35 -3.228525413179610e-02 -1.569088887816893e-02
35 35 -3.393904155394287e-02 -1.842857071226735e-02
36 35 -3.198202608311498e-02 -2.142556934558701e-02
37 35 -3.353364482330994e-02 -2.519886044299986e-02
38 35 -3.037614804343276e-02 -2.851133585551783e-02
39 35 -3.122864613226945e-02 -3.364468968803034e-02
0 36 3.190281562349009e-02 4.801102977080845e-02
1 36 3.032919158873413e-02 5.811404448068256e-02
2 36 1.936936187780719e-02 5.993482043285786e-02
3 36 1.179980154406444e-02 6.984074102428800e-02
4 36 3.485026864905777e-17 6.511218136606590e-02
5 36 -1.179980154406441e-02 6.984074102428800e-02
6 36 -1.936936187780709e-02 5.993482043285787e-02
7 36 -3.032919158873412e-02 5.811404448068250e-02
8 36 -3.190281562349002e-02 4.801102977080844e-02
9 36 -3.911400947566168e-02 4.295200213985922e-02
10 36 -3.716662584607162e-02 3.552539615356315e-02
11 36 -4.107235624479066e-02 3.032906637122734e-02
12 36 -3.821427560524052e-02 2.548965040173791e-02
13 36 -4.016744296802208e-02 2.117457735595932e-02
14 36 -3.747626235658238e-02 1.806365602409756e-02
15 36 -3.845367021260061e-02 1.470756829019996e-02
16 36 -3.622230533127686e-02 1.261685695593661e-02
17 36 -3.677390764758354e-02 1.003942674133838e-02
18 36 -3.501539619022206e-02 8.512089836539111e-03
19 36 -3.543282719597170e-02 6.509561226344955e-03
20 36 -3.408208420535955e-02 5.263144214276762e-03
21 36 -3.452459875533859e-02 3.664385119638086e-03
22 36 -3.350517969148942e-02 2.515917802808995e-03
23 36 -3.406992737598716e-02 1.183413342034546e-03
24 36 -3.331101475029807e-02 -2.089482895146237e-17
25 36 -3.406992737598715e-02 -1.183413342034529e-03
26 36 -3.350517969148946e-02 -2.515917802809034e-03
27 36 -3.452459875533856e-02 -3.664385119638076e-03
28 36 -3.408208420535958e-02 -5.263144214276786e-03
29 36 -3.543282719597172e-02 -6.509561226344956e-03
30 36 -3.501539619022215e-02 -8.512089836539130e-03
31 36 -3.677390764758356e-02 -1.003942674133840e-02
32 36 -3.622230533127695e-02 -1.261685695593661e-02
33 36 -3.845367021260061e-02 -1.470756829020001e-02
34 36 -3.747626235658243e-02 -1.806365602409754e-02
35 36 -4.016744296802214e-02 -2.117457735595941e-02
36 36 -3.821427560524056e-02 -2.548965040173790e-02
37 36 -4.107235624479064e-02 -3.032906637122738e-02
38 36 -3.716662584607164e-02 -3.552539615356304e-02
39 36 -3.911400947566169e-02 -4.295200213985924e-02
0 37 4.153186587884356e-02 6.641344869672902e-02
1 37 3.763726831702337e-02 8.477393088981937e-02
2 37 1.751809209523707e-02 8.555003715961063e-02
3 37 1.206907648010799e-17 1.001829665849059e-01
4 37 -1.751809209523697e-02 8.555003715961056e-02
5 37 -3.763726831702339e-02 8.477393088981942e-02
6 37 -4.153186587884346e-02 6.641344869672913e-02
7 37 -5.341829826366863e-02 5.659808255059926e-02
8 37 -4.853519304895160e-02 4.482436176028651e-02
9 37 -5.326194359520596e-02 3.588400190384527e-02
10 37 -4.766162473514237e-02 2.961838664981667e-02
11 37 -4.912845047428831e-02 2.312026669666024e-02
12 37 -4.462296656711660e-02 1.979355838184469e-02
13 37 -4.487749449920885e-02 1.526313162240006e-02
14 37 -4.153074642095105e-02 1.336541218131741e-02
15 37 -4.142996846025659e-02 1.018122016275409e-02
16 37 -3.899932258115243e-02 8.958867623285590e-03
17 37 -3.888882992552752e-02 6.668929333626107e-03
18 37 -3.714537621514367e-02 5.742492570571485e-03
19 37 -3.717131134422761e-02 4.048959933687627e-03
20 37 -3.594678176887604e-02 3.210698053929468e-03
21 37 -3.618266482973038e-02 1.916378047337731e-03
22 37 -3.536074678505599e-02 1.033623621899913e-03
23 37 -3.586021600502189e-02 -2.333731454490442e-18
24 37 -3.536074678505603e-02 -1.033623621899930e-03
25 37 -3.618266482973040e-02 -1.916378047337740e-03
26 37 -3.594678176887602e-02 -3.210698053929479e-03
27 37 -3.717131134422762e-02 -4.048959933687636e-03
28 37 -3.714537621514369e-02 -5.742492570571496e-03
29 37 -3.888882992552758e-02 -6.668929333626122e-03
30 37 -3.899932258115246e-02 -8.958867623285603e-03
31 37 -4.142996846025660e-02 -1.018122016275411e-02
32 37 -4.153074642095108e-02 -1.336541218131738e-02
33 37 -4.487749449920887e-02 -1.526313162240007e-02
34 37 -4.462296656711659e-02 -1.979355838184468e-02
35 37 -4.912845047428836e-02 -2.312026669666026e-02
36 37 -4.766162473514237e-02 -2.961838664981665e-02
37 37 -5.326194359520602e-02 -3.588400190384526e-02
38 37 -4.853519304895168e-02 -4.482436176028641e-02
39 37 -5.341829826366865e-02 -5.659808255059923e-02
0 38 6.172541691000595e-02 1.031887169187148e-01
1 38 4.472344711284354e-02 1.459342278406164e-01
2 38 6.225373216563859e-17 1.331010183836951e-01
3 38 -4.472344711284351e-02 1.459342278406164e-01
4 38 -6.172541691000585e-02 1.031887169187147e-01
5 38 -8.555287139282938e-02 7.797352285783241e-02
6 38 -7.014031571756729e-02 5.697172613809922e-02
7 38 -7.461450521255321e-02 3.989099303155270e-02
8 38 -6.280791049259193e-02 3.240618315269879e-02
9 38 -6.222404190027759e-02 2.241360063317389e-02
10 38 -5.462277685089458e-02 1.967117004876866e-02
11 38 -5.316742363822905e-02 1.365722229336823e-02
12 38 -4.823211343388614e-02 1.255307498534314e-02
13 38 -4.691801124185076e-02 8.737934935484141e-03
14 38 -4.363150825569132e-02 8.206459117414145e-03
15 38 -4.266789723477221e-02 5.670330053486586e-03
16 38 -4.045060307362330e-02 5.309895077930762e-03
17 38 -3.985706767035090e-02 3.564077884131185e-03
18 38 -3.837806947163373e-02 3.200260617452094e-03
19 38 -3.814187968846126e-02 1.970427991033246e-03
20 38 -3.720923424457766e-02 1.508749496553120e-03
21 38 -3.732805580933951e-02 6.310818976220730e-04
22 38 -3.683152347003016e-02 2.542000945541744e-18
23 38 -3.732805580933957e-02 -6.310818976220992e-04
24 38 -3.720923424457769e-02 -1.508749496553115e-03
25 38 -3.814187968846131e-02 -1.970427991033277e-03
26 38 -3.837806947163368e-02 -3.200260617452091e-03
27 38 -3.985706767035099e-02 -3.564077884131208e-03
28 38 -4.045060307362332e-02 -5.309895077930761e-03
29 38 -4.266789723477227e-02 -5.670330053486603e-03
30 38 -4.363150825569133e-02 -8.206459117414128e-03
31 38 -4.691801124185089e-02 -8.737934935484169e-03
32 38 -4.823211343388613e-02 -1.255307498534313e-02
33 38 -5.316742363822904e-02 -1.365722229336823e-02
34 38 -5.462277685089456e-02 -1.967117004876865e-02
35 38 -6.222404190027755e-02 -2.241360063317391e-02
36 38 -6.280791049259206e-02 -3.240618315269880e-02
37 38 -7.461450521255326e-02 -3.989099303155271e-02
38 38 -7.014031571756746e-02 -5.697172613809923e-02
39 38 -8.555287139282949e-02 -7.797352285783250e-02
0 39 1.226512599858088e-01 2.105643010727606e-01
1 39 1.762904810760019e-18 3.583724417483762e-01
2 39 -1.226512599858088e-01 2.105643010727606e-01
3 39 -1.898739900800520e-01 1.083682771221422e-01
4 39 -1.185109677825861e-01 6.653177006139054e-02
5 39 -1.130497193708403e-01 3.227562571226003e-02
6 39 -8.773054019242060e-02 2.846587623877252e-02
7 39 -8.018015675249061e-02 1.420112453160427e-02
8 39 -6.815701241057255e-02 1.488557808044953e-02
9 39 -6.299177172890112e-02 7.727995342014344e-03
10 39 -5.625503346605358e-02 8.770239042467869e-03
11 39 -5.286477198483226e-02 4.680404530486461e-03
12 39 -4.872964904260432e-02 5.511611140261000e-03
13 39 -4.650051163382082e-02 2.975300950415512e-03
14 39 -4.384661498194985e-02 3.539893696349769e-03
15 39 -4.241299447684614e-02 1.894517054500523e-03
16 39 -4.070272693617600e-02 2.211396842494578e-03
17 39 -3.985949335227278e-02 1.131302938429960e-03
18 39 -3.881369459141144e-02 1.218331663220030e-03
19 39 -3.845268512483747e-02 5.307672449950465e-04
20 39 -3.792458938044843e-02 3.895830228227831e-04
21 39 -3.800283339863497e-02 -1.979929391169141e-17
22 39 -3.792458938044846e-02 -3.895830228227589e-04
23 39 -3.845268512483752e-02 -5.307672449950840e-04
24 39 -3.881369459141145e-02 -1.218331663220010e-03
25 39 -3.985949335227280e-02 -1.131302938429992e-03
26 39 -4.070272693617600e-02 -2.211396842494562e-03
27 39 -4.241299447684620e-02 -1.894517054500545e-03
28 39 -4.384661498194979e-02 -3.539893696349763e-03
29 39 -4.650051163382092e-02 -2.975300950415525e-03
30 39 -4.872964904260427e-02 -5.511611140261008e-03
31 39 -5.286477198483231e-02 -4.680404530486469e-03
32 39 -5.625503346605359e-02 -8.770239042467884e-03
33 39 -6.299177172890121e-02 -7.727995342014325e-03
34 39 -6.815701241057248e-02 -1.488557808044954e-02
35 39 -8.018015675249064e-02 -1.420112453160427e-02
36 39 -8.773054019242073e-02 -2.846587623877256e-02
37 39 -1.130497193708403e-01 -3.227562571226007e-02
38 39 -1.185109677825862e-01 -6.653177006139042e-02
39 39 -1.898739900800519e-01 -1.083682771221421e-01
