0 0 7.500000000000003e-01 -1.356132616770033e-16
1 0 1.089968378129914e-01 1.739564009170388e-16
2 0 -1.733385552661793e-15 -5.543657997932203e-02
3 0 1.298348344496952e-02 1.799554966065789e-16
4 0 -4.829429820670319e-16 -1.046047400748099e-02
5 0 2.130338360643841e-03 6.652893018849845e-17
6 0 -3.414326113946055e-15 -3.080765451573249e-03
7 0 5.202141293433221e-04 -7.718641380109359e-17
8 0 5.720859589665135e-16 -1.278690845888053e-03
9 0 1.785028658952192e-04 -1.962689678152468e-16
10 0 7.938803837698318e-15 -6.603387798493154e-04
11 0 7.656548014033486e-05 -2.304973245545029e-16
12 0 5.960657049660321e-15 -3.951081764633513e-04
13 0 3.736352067767867e-05 -1.737584898223077e-16
14 0 -1.535075450212003e-15 -2.656771441442175e-04
15 0 1.923015319277863e-05 -7.156951500191798e-17
16 0 -4.377520164667061e-15 -1.990619393959818e-04
17 0 9.350535665664628e-06 4.429871319314714e-18
18 0 -4.274393786335008e-15 -1.666707336782162e-04
19 0 2.811831150793311e-06 -1.219841334835977e-18
20 0 3.856936981884966e-17 -1.569302648374429e-04
21 0 -2.811831150845147e-06 -9.232415000847459e-17
22 0 4.339950801045569e-15 -1.666707336780443e-04
23 0 -9.350535665704815e-06 -2.217121372031697e-16
24 0 4.420320286692922e-15 -1.990619393957264e-04
25 0 -1.923015319279628e-05 -3.154945051953567e-16
26 0 1.549353156176598e-15 -2.656771441440073e-04
27 0 -3.736352067768216e-05 -3.185364791232587e-16
28 0 -5.969044918123591e-15 -3.951081764632817e-04
29 0 -7.656548014033057e-05 -2.242210215892652e-16
30 0 -7.948572067007775e-15 -6.603387798493905e-04
31 0 -1.785028658952204e-04 -8.023542460879336e-17
32 0 -5.745495634753905e-16 -1.278690845888188e-03
33 0 -5.202141293433293e-04 3.578042410033395e-17
34 0 3.440384144302061e-15 -3.080765451573324e-03
35 0 -2.130338360643835e-03 7.597117743598400e-17
36 0 5.127748259648577e-16 -1.046047400748092e-02
37 0 -1.298348344496952e-02 2.278756574226078e-17
38 0 1.760323384644661e-15 -5.543657997932172e-02
39 0 -1.089968378129915e-01 -9.722065172935188e-17
0 1 9.405449160311428e-16 5.543171298809298e-02
1 1 1.298067581301651e-02 1.586241766475500e-16
2 1 -2.790450554439238e-15 -4.864976212575690e-06
3 1 5.726982463060014e-03 1.277104325663095e-16
4 1 -2.686619585624640e-15 -2.117884330781665e-03
5 1 2.072703569092032e-03 1.193036773479028e-17
6 1 4.863771708596931e-16 -1.254829597249567e-03
7 1 8.205964978229130e-04 -1.274176278397081e-16
8 1 2.133620436327757e-15 -7.106908247099595e-04
9 1 3.676525516160446e-04 -2.098336133614210e-16
10 1 6.095399917151437e-15 -4.334260036611326e-04
11 1 1.821358631323809e-04 -1.916393351306000e-16
12 1 1.483244311538962e-15 -2.888905637313489e-04
13 1 9.570371030099654e-05 -8.394648094136350e-17
14 1 -1.290194176755625e-15 -2.110558107678598e-04
15 1 4.988376531985866e-05 4.855341537851198e-17
16 1 -1.481761283834342e-15 -1.699560685075139e-04
17 1 2.157960702454805e-05 1.261816959623803e-16
18 1 -2.715211118813410e-15 -1.520600304160736e-04
19 1 2.293273643618917e-17 1.024279035781183e-16
20 1 2.695822446276562e-15 -1.520600304159933e-04
21 1 -2.157960702450374e-05 -1.122415338617967e-17
22 1 1.458608111099730e-15 -1.699560685073190e-04
23 1 -4.988376531981481e-05 -1.487997980586947e-16
24 1 1.265419237137633e-15 -2.110558107676576e-04
25 1 -9.570371030095593e-05 -2.297547722315337e-16
26 1 -1.506638393584957e-15 -2.888905637312490e-04
27 1 -1.821358631323527e-04 -2.056358094560331e-16
28 1 -6.107076252127665e-15 -4.334260036611855e-04
29 1 -3.676525516160231e-04 -8.800991269255786e-17
30 1 -2.125886799300781e-15 -7.106908247101265e-04
31 1 -8.205964978229006e-04 5.833562131146087e-17
32 1 -4.579020075191723e-16 -1.254829597249748e-03
33 1 -2.072703569092023e-03 1.535360246424233e-16
34 1 2.738072193423198e-15 -2.117884330781752e-03
35 1 -5.726982463059991e-03 1.495809607671885e-16
36 1 2.817497942277963e-15 -4.864976212529417e-06
37 1 -1.298067581301658e-02 5.337931041487943e-17
38 1 -1.055116023325412e-15 5.543171298809315e-02
39 1 4.499261894105241e-02 -7.422057274895895e-17
0 2 8.804511997425402e-16 1.045073397996311e-02
1 2 2.124740547310680e-03 1.484672139381637e-16
2 2 -3.036067895070765e-15 2.103301492257018e-03
3 2 2.069953043338521e-03 9.884712928037149e-17
4 2 -1.459076186978255e-15 -9.673444437914246e-06
5 2 1.168136920331724e-03 -1.940948193606363e-17
6 2 -1.875405740035834e-15 -3.312726861072917e-04
7 2 6.163689506571784e-04 -1.356943432351929e-16
8 2 6.637304096764165e-16 -3.055870354975793e-04
9 2 3.317456520500789e-04 -1.705189954747726e-16
10 2 1.166330690196398e-15 -2.399406417173970e-04
11 2 1.837842640054928e-04 -9.372322314152433e-17
12 2 -1.824044730535866e-16 -1.881356056365251e-04
13 2 1.018246954671593e-04 5.998875398302314e-17
14 2 -4.691901292185555e-15 -1.546135431985032e-04
15 2 5.161389026184098e-05 2.091895737924083e-16
16 2 -3.498583716538630e-15 -1.362743535828521e-04
17 2 1.581761974710494e-05 2.745731176993118e-16
18 2 -4.917007892321122e-17 -1.304687314707102e-04
19 2 -1.581761974699173e-05 2.231212799394790e-16
20 2 3.405566517144088e-15 -1.362743535827439e-04
21 2 -5.161389026174021e-05 8.944352027346779e-17
22 2 4.617407970383981e-15 -1.546135431983571e-04
23 2 -1.018246954670812e-04 -4.724562756780326e-17
24 2 1.341790635784962e-16 -1.881356056364371e-04
25 2 -1.837842640054412e-04 -1.057171917181285e-16
26 2 -1.190212185692747e-15 -2.399406417174408e-04
27 2 -3.317456520500514e-04 -5.364267173737134e-17
28 2 -6.604073381595813e-16 -3.055870354977569e-04
29 2 -6.163689506571592e-04 7.789692929847845e-17
30 2 1.901734990343448e-15 -3.312726861075337e-04
31 2 -1.168136920331705e-03 2.092039032241669e-16
32 2 1.505864391891744e-15 -9.673444438123733e-06
33 2 -2.069953043338502e-03 2.623543047768782e-16
34 2 3.076540154398584e-15 2.103301492256913e-03
35 2 -2.124740547310684e-03 2.015548128993566e-16
36 2 -8.712487013668407e-16 1.045073397996312e-02
37 2 6.955370449174097e-03 5.879080884406266e-17
38 2 -5.243942164027733e-15 2.335346220897733e-17
39 2 6.955370449174103e-03 -8.350989598078807e-17
0 3 1.685911228805183e-15 3.066115061214199e-03
1 3 5.118860316316774e-04 1.620453810273560e-16
2 3 -1.976822364348118e-15 1.235382663795198e-03
3 3 8.152687286142440e-04 8.968126631841051e-17
4 3 -1.645316673148102e-15 3.072617914642439e-04
5 3 6.139307324658814e-04 -3.465507214350893e-17
6 3 -3.575851043862842e-15 -1.411700621643329e-05
7 3 3.961513496650247e-04 -1.235888613635973e-16
8 3 -2.491364493273514e-15 -1.040750505717880e-04
9 3 2.443809332294465e-04 -1.071398185481917e-16
10 3 -1.301248664724513e-15 -1.195295912098934e-04
11 3 1.469147298516010e-04 1.935550410452839e-17
12 3 3.506418814140846e-17 -1.147834831893151e-04
13 3 8.304781307554315e-05 1.985003353010802e-16
14 3 2.630267946443704e-15 -1.074759375007190e-04
15 3 3.752984094736991e-05 3.404498757036618e-16
16 3 5.175621937968077e-17 -1.030718104133471e-04
17 3 6.848388480258302e-17 3.744099323804165e-16
18 3 -1.866686626856633e-16 -1.030718104133103e-04
19 3 -3.752984094724417e-05 2.878235889253657e-16
20 3 -2.740351289939867e-15 -1.074759375006377e-04
21 3 -8.304781307544809e-05 1.384266113552631e-16
22 3 -1.070896058614479e-16 -1.147834831892581e-04
23 3 -1.469147298515453e-04 1.456296562036555e-17
24 3 1.268137496891176e-15 -1.195295912099285e-04
25 3 -2.443809332294211e-04 -1.133768532234648e-17
26 3 2.488723054227785e-15 -1.040750505719430e-04
27 3 -3.961513496650086e-04 7.001253878497594e-17
28 3 3.600155780981874e-15 -1.411700621667570e-05
29 3 -6.139307324658590e-04 2.053245472767657e-16
30 3 1.676272260722850e-15 3.072617914639855e-04
31 3 -8.152687286142128e-04 3.045313766510718e-16
32 3 1.997736219994572e-15 1.235382663795004e-03
33 3 -5.118860316316583e-04 3.006052964699397e-16
34 3 -1.682617222541249e-15 3.066115061214094e-03
35 3 1.585683618001954e-03 1.855149402388303e-16
36 3 -5.040457328287977e-15 2.108139314426914e-03
37 3 3.303966047151474e-03 1.237470296839410e-17
38 3 -5.048232603938948e-15 -2.108139314426947e-03
39 3 1.585683618001943e-03 -1.223447521834116e-16
0 4 5.234982357266749e-15 1.259006757045407e-03
1 4 1.675852048529523e-04 1.752004247272708e-16
2 4 -1.169769828082196e-15 6.862843252238842e-04
3 4 3.601204390728642e-04 6.883100387310206e-17
4 4 -4.072240400447189e-15 2.769668965251254e-04
5 4 3.275380064483647e-04 -5.841462435990756e-17
6 4 -4.450884516659045e-15 7.200404689172145e-05
7 4 2.429438231459998e-04 -1.176295590153346e-16
8 4 -2.175866368331522e-15 -1.728007567898802e-05
9 4 1.647457806623955e-04 -5.884450921988987e-17
10 4 8.266464180101552e-16 -5.296269046514620e-05
11 4 1.037048926680578e-04 9.781309020815909e-17
12 4 2.793716494771809e-15 -6.598353113246977e-05
13 4 5.669882924422868e-05 2.736991339633433e-16
14 4 1.357193366143330e-15 -7.012890348796850e-05
15 4 1.800089335114793e-05 3.797301641218193e-16
16 4 -6.535756889984512e-17 -7.101112601856783e-05
17 4 -1.800089335103933e-05 3.632074706960311e-16
18 4 -1.471614050780319e-15 -7.012890348793258e-05
19 4 -5.669882924414924e-05 2.411190280767669e-16
20 4 -2.868219849698981e-15 -6.598353113243496e-05
21 4 -1.037048926680209e-04 8.805871286836462e-17
22 4 -8.562867278136733e-16 -5.296269046516388e-05
23 4 -1.647457806623916e-04 -5.915142855155498e-18
24 4 2.178490497871534e-15 -1.728007567909181e-05
25 4 -2.429438231460057e-04 1.047402429921730e-17
26 4 4.465489860589259e-15 7.200404689153739e-05
27 4 -3.275380064483482e-04 1.204375374210331e-16
28 4 4.081121109123977e-15 2.769668965249054e-04
29 4 -3.601204390728160e-04 2.476159384116960e-16
30 4 1.162066199384983e-15 6.862843252236896e-04
31 4 -1.675852048528931e-04 3.058547072569260e-16
32 4 -5.262414754771057e-15 1.259006757045282e-03
33 4 5.205477163360931e-04 2.495802058777060e-16
34 4 -6.875680089386107e-16 1.240126159807415e-03
35 4 1.370844074290928e-03 9.581348692369085e-17
36 4 -1.788690897634295e-15 -1.191186114641105e-17
37 4 1.370844074290909e-03 -7.814708187561066e-17
38 4 -6.677305832775899e-16 -1.240126159807469e-03
39 4 5.205477163360447e-04 -1.852426191021999e-16
0 5 4.917373153692394e-15 6.353186656062610e-04
1 5 6.332508252570463e-05 1.522091289849890e-16
2 5 8.922167611831209e-17 4.037691769124953e-04
3 5 1.730748795510444e-04 1.199091570789918e-17
4 5 -3.482642865895368e-15 2.065990448731740e-04
5 5 1.790068148102814e-04 -1.093946474788702e-16
6 5 -9.321002481982554e-18 8.393047242160402e-05
7 5 1.458400540572965e-04 -1.357610792179843e-16
8 5 -7.633765393152594e-16 1.695235885200189e-05
9 5 1.046902510287024e-04 -4.643259220240272e-17
10 5 1.911703342247511e-15 -1.715182043250295e-05
11 5 6.613195215167468e-05 1.128630685134557e-16
12 5 7.151092088727465e-15 -3.339835170841548e-05
13 5 3.177758326434208e-05 2.547773282268402e-16
14 5 3.163725566939565e-15 -3.983266415829355e-05
15 5 2.919576361096403e-17 3.005727087411181e-16
16 5 -3.250625518801853e-15 -3.983266415827890e-05
17 5 -3.177758326430189e-05 2.277671392763554e-16
18 5 -7.204328537489955e-15 -3.339835170838432e-05
19 5 -6.613195215167739e-05 8.110787597632910e-17
20 5 -1.917450323822498e-15 -1.715182043248757e-05
21 5 -1.046902510287446e-04 -5.385868643678093e-17
22 5 7.916112180387436e-16 1.695235885197101e-05
23 5 -1.458400540573432e-04 -1.001896847618068e-16
24 5 4.334573066649851e-17 8.393047242151824e-05
25 5 -1.790068148102918e-04 -3.456624031266333e-17
26 5 3.487986794833307e-15 2.065990448730539e-04
27 5 -1.730748795509964e-04 9.718214918172204e-17
28 5 -1.258666455119226e-16 4.037691769123806e-04
29 5 -6.332508252560935e-05 2.088902590829502e-16
30 5 -4.988316085396179e-15 6.353186656061902e-04
31 5 2.245413364074255e-04 2.266655803047902e-16
32 5 -2.883377748902512e-15 6.908136666264894e-04
33 5 6.216885058226772e-04 1.310982680414750e-16
34 5 8.441776938923282e-15 3.166821595373839e-04
35 5 8.223344841320070e-04 -3.217100745024350e-17
36 5 8.469566794977559e-15 -3.166821595373524e-04
37 5 6.216885058226098e-04 -1.757060199822548e-16
38 5 -2.814770661050022e-15 -6.908136666264993e-04
39 5 2.245413364073201e-04 -2.219301196672357e-16
0 6 7.015664967867591e-15 3.641251003818762e-04
1 6 2.224084027032899e-05 7.481168091508651e-17
2 6 2.469627837690539e-15 2.533210288678364e-04
3 6 8.621809417128536e-05 -7.718093066928328e-17
4 6 -6.348562707591385e-15 1.496026476075221e-04
5 6 9.842603150114060e-05 -1.753823444306927e-16
6 6 -1.714241359433142e-15 7.570481199160097e-05
7 6 8.522762318095378e-05 -1.684414266980959e-16
8 6 1.549225715073315e-15 2.947345528063847e-05
9 6 6.249120346434484e-05 -6.442040470982718e-17
10 6 5.311172312806851e-15 3.007836573687660e-06
11 6 3.742895321134312e-05 7.089251404044500e-17
12 6 2.564211066145578e-16 -1.030102762536625e-05
13 6 1.240487161618185e-05 1.536753067462079e-16
14 6 -2.120481816425698e-17 -1.432391193686803e-05
15 6 -1.240487161618195e-05 1.321873354488298e-16
16 6 -2.777585696644528e-16 -1.030102762533122e-05
17 6 -3.742895321138306e-05 1.512161747073864e-17
18 6 -5.284127184784655e-15 3.007836573739180e-06
19 6 -6.249120346443518e-05 -1.312126890244317e-16
20 6 -1.479024685539000e-15 2.947345528068299e-05
21 6 -8.522762318106365e-05 -2.233647088399814e-16
22 6 1.790536602346817e-15 7.570481199161993e-05
23 6 -9.842603150121632e-05 -2.093956870578536e-16
24 6 6.385912113144245e-15 1.496026476075172e-04
25 6 -8.621809417128070e-05 -9.832500252658488e-17
26 6 -2.505075568078545e-15 2.533210288678310e-04
27 6 -2.224084027023837e-05 4.130179897797036e-17
28 6 -7.117378718918750e-15 3.641251003818959e-04
29 6 1.185295321967852e-04 1.285212937506443e-16
30 6 -3.622205550041237e-15 4.079129674469929e-04
31 6 3.173925514876461e-04 1.099628217003922e-16
32 6 4.178647171223933e-15 2.858352903155304e-04
33 6 4.744708722647475e-04 -1.129477139358770e-18
34 6 9.006215221266305e-15 6.288476264889565e-17
35 6 4.744708722647007e-04 -1.406694905661884e-16
36 6 4.259789556725045e-15 -2.858352903154225e-04
37 6 3.173925514875192e-04 -2.238470935037193e-16
38 6 -3.499222550926016e-15 -4.079129674469294e-04
39 6 1.185295321966480e-04 -1.986231620097648e-16
0 7 8.049587925837168e-15 2.275578634670122e-04
1 7 2.886697795759564e-06 -2.981220268181878e-17
2 7 2.216838377333243e-15 1.682723399710514e-04
3 7 4.167330110149844e-05 -1.651698025707977e-16
4 7 -4.290693593590599e-15 1.097881875218141e-04
5 7 5.259030171197247e-05 -2.233765228442159e-16
6 7 -2.000160196384409e-15 6.448175025621789e-05
7 7 4.732789731276263e-05 -1.846740194671432e-16
8 7 1.443030126797907e-16 3.384579444077965e-05
9 7 3.414054389412825e-05 -8.430949135756239e-17
10 7 4.978634132235119e-15 1.557896950439871e-05
11 7 1.762756487131998e-05 6.607450820924517e-18
12 7 -1.032903569078452e-15 7.161955968270829e-06
13 7 -9.150442553346798e-18 2.424137335168134e-17
14 7 1.031163588197006e-15 7.161955968297577e-06
15 7 -1.762756487136560e-05 -5.187520328619048e-17
16 7 -4.933535215236112e-15 1.557896950447056e-05
17 7 -3.414054389423595e-05 -1.847148297292114e-16
18 7 -3.871363055522365e-17 3.384579444087542e-05
19 7 -4.732789731292304e-05 -3.004259666957031e-16
20 7 2.133443920093670e-15 6.448175025631589e-05
21 7 -5.259030171212856e-05 -3.330359545690584e-16
22 7 4.392292548642208e-15 1.097881875219028e-04
23 7 -4.167330110158071e-05 -2.617733425767469e-16
24 7 -2.199165471843961e-15 1.682723399711335e-04
25 7 -2.886697795727339e-06 -1.242986330006694e-16
26 7 -8.135027518461117e-15 2.275578634671057e-04
27 7 7.353018025608569e-05 4.249522833464488e-18
28 7 -3.163384419926021e-15 2.568708999899537e-04
29 7 1.812790478390418e-04 5.655728408939522e-17
30 7 3.746219044677079e-15 2.145141817593759e-04
31 7 2.838460143935889e-04 1.270365706246125e-17
32 7 9.024858056412800e-15 8.508876652946347e-05
33 7 3.270928054836259e-04 -9.190441062392044e-17
34 7 9.082308701503850e-15 -8.508876652928736e-05
35 7 2.838460143934817e-04 -1.855007957244611e-16
36 7 3.881321837289992e-15 -2.145141817592229e-04
37 7 1.812790478388847e-04 -1.996197708855337e-16
38 7 -3.015886217780642e-15 -2.568708999898343e-04
39 7 7.353018025595972e-05 -1.152348737433353e-16
0 8 -9.999065003831878e-16 1.517477973372051e-04
1 8 -7.278558093660440e-06 -1.161711977842517e-16
2 8 2.916926636987614e-15 1.176165150313271e-04
3 8 1.719723950350632e-05 -2.048878555862983e-16
4 8 -1.361978790944628e-15 8.305106027976046e-05
5 8 2.568971768761304e-05 -2.154686525758382e-16
6 8 -3.859609967859679e-15 5.502719201915323e-05
7 8 2.382799395725200e-05 -1.563375509093887e-16
8 8 -8.693823737543148e-17 3.550556300920901e-05
9 8 1.613965054305936e-05 -7.554231050151479e-17
10 8 1.756234361546088e-15 2.425369465361936e-05
11 8 5.651369947042731e-06 -3.478989580023252e-17
12 8 -6.306312119921740e-18 2.060205525043298e-05
13 8 -5.651369947044624e-06 -6.888451291014121e-17
14 8 -1.735541220856658e-15 2.425369465367989e-05
15 8 -1.613965054312660e-05 -1.688391997333812e-16
16 8 1.847175567113762e-16 3.550556300931437e-05
17 8 -2.382799395740607e-05 -2.826755699176277e-16
18 8 4.024269630647163e-15 5.502719201927946e-05
19 8 -2.568971768781716e-05 -3.463766582573777e-16
20 8 1.533733713263223e-15 8.305106027988657e-05
21 8 -1.719723950368065e-05 -3.211083294717252e-16
22 8 -2.813344174784893e-15 1.176165150314435e-04
23 8 7.278558093590891e-06 -2.155043451517674e-16
24 8 9.903866661226149e-16 1.517477973373165e-04
25 8 5.200331040869777e-05 -8.305714008372623e-17
26 8 -5.694743577492460e-15 1.710100142444959e-04
27 8 1.144967291852010e-04 1.156296348525880e-17
28 8 3.347814846551680e-15 1.561052726409295e-04
29 8 1.798792794891413e-04 2.558630607911731e-17
30 8 -2.940144208218666e-16 9.527189362630914e-05
31 8 2.229615297807509e-04 -3.298655706490608e-17
32 8 -8.012070029456034e-16 8.241364742749991e-17
33 8 2.229615297806949e-04 -1.149499492712027e-16
34 8 -1.851760836988407e-16 -9.527189362615296e-05
35 8 1.798792794890061e-04 -1.572685243845834e-16
36 8 3.505083071033043e-15 -1.561052726407923e-04
37 8 1.144967291850624e-04 -1.204209529378632e-16
38 8 -5.577646967195199e-15 -1.710100142443775e-04
39 8 5.200331040864212e-05 -1.263089322561710e-17
0 9 -7.503505052826725e-17 1.066813539518236e-04
1 9 -1.281410111264286e-05 -1.393809593451000e-16
2 9 1.357692707580315e-15 8.615835111918011e-05
3 9 3.322775703867434e-06 -1.700435351757904e-16
4 9 -2.058671499393229e-15 6.523436573544610e-05
5 9 9.872097940599161e-06 -1.405912461074623e-16
6 9 -4.009616169095230e-15 4.804461839419587e-05
7 9 9.798056365518596e-06 -7.703279099426096e-17
8 9 -1.325554507605185e-15 3.628310904703742e-05
9 9 5.792374220228032e-06 -2.478696348324199e-17
10 9 -1.912019539665778e-15 3.039051513450227e-05
11 9 4.162563339018535e-17 -2.207796406835093e-17
12 9 1.858562341546043e-15 3.039051513452982e-05
13 9 -5.792374220189701e-06 -7.839003466340394e-17
14 9 1.347861845241017e-15 3.628310904711169e-05
15 9 -9.798056365588382e-06 -1.671328483957045e-16
16 9 4.139910713620964e-15 4.804461839429664e-05
17 9 -9.872097940773170e-06 -2.386933484114512e-16
18 9 2.256377882628214e-15 6.523436573554998e-05
19 9 -3.322775704082920e-06 -2.502580990946580e-16
20 9 -1.176331369666668e-15 8.615835111927029e-05
21 9 1.281410111248159e-05 -1.905041361095277e-16
22 9 1.646690378189094e-16 1.066813539518951e-04
23 9 4.061117543359030e-05 -8.739979507842432e-17
24 9 -1.113395563407901e-15 1.193486973511540e-04
25 9 7.898991729441439e-05 9.066636361430085e-18
26 9 3.658191229011255e-15 1.144295546905804e-04
27 9 1.212986398066878e-04 5.401791953416370e-17
28 9 -6.558543161360463e-16 8.453509153090166e-05
29 9 1.553937159275013e-04 3.330017988893753e-17
30 9 -6.516997127884174e-15 3.138804930304861e-05
31 9 1.685958336345307e-04 -2.776945961760631e-17
32 9 -6.462065610128403e-15 -3.138804930296988e-05
33 9 1.553937159274073e-04 -8.244175154496948e-17
34 9 -5.263422773424998e-16 -8.453509153083187e-05
35 9 1.212986398065599e-04 -8.809791708945383e-17
36 9 3.779984902482035e-15 -1.144295546905189e-04
37 9 7.898991729434068e-05 -3.251441623346573e-17
38 9 -1.079544727857940e-15 -1.193486973510943e-04
39 9 4.061117543363532e-05 5.841134321369010e-17
0 10 1.071175502118592e-15 7.846513241886541e-05
1 10 -1.562593226342255e-05 -8.846840103691802e-17
2 10 4.031062565895513e-15 6.590167929712756e-05
3 10 -4.382367520955997e-06 -7.331831943319716e-17
4 10 2.031740901099205e-15 5.322329330320787e-05
5 10 9.764114502679999e-07 -2.560377251442926e-17
6 10 -4.772808450593709e-15 4.299418724448634e-05
7 10 2.179810105568197e-06 2.795941437473968e-17
8 10 -1.381579177037063e-15 3.651007585172327e-05
9 10 9.853583607734991e-07 5.679445009527132e-17
10 10 -7.743802775838936e-17 3.430364086487431e-05
11 10 -9.853583606012484e-07 4.431269416166491e-17
12 10 1.275877104397402e-15 3.651007585174949e-05
13 10 -2.179810105491649e-06 -3.315059722299699e-18
14 10 4.787891032003249e-15 4.299418724452704e-05
15 10 -9.764114503284352e-07 -5.692555582655278e-17
16 10 -1.892374010211570e-15 5.322329330324675e-05
17 10 4.382367520788554e-06 -8.447254572572975e-17
18 10 -3.834841003702738e-15 6.590167929714915e-05
19 10 1.562593226323430e-05 -6.635392111848749e-17
20 10 -9.093072590092872e-16 7.846513241886105e-05
21 10 3.388895609656052e-05 -8.879690484493124e-18
22 10 5.647069828515583e-15 8.675163047003098e-05
23 10 5.869220960009624e-05 5.829033515758766e-17
24 10 7.704194245152671e-15 8.547183340244908e-05
25 10 8.683743931039257e-05 1.003542599398599e-16
26 10 -3.840671151019186e-15 7.010641896819982e-05
27 10 1.121947576482127e-04 9.770657368729097e-17
28 10 -3.426474705670278e-15 3.990935996469904e-05
29 10 1.274322552033351e-04 5.514833384352796e-17
30 10 -5.992715105740115e-15 -1.824891766899586e-17
31 10 1.274322552032920e-04 1.210399072899909e-18
32 10 -3.343174039124069e-15 -3.990935996473830e-05
33 10 1.121947576481107e-04 -3.241611796347181e-17
34 10 -3.734573195446043e-15 -7.010641896824260e-05
35 10 8.683743931030593e-05 -2.588817971540090e-17
36 10 7.752737923124168e-15 -8.547183340248961e-05
37 10 5.869220960009990e-05 1.486635729661618e-17
38 10 5.588000145604537e-15 -8.675163047005818e-05
39 10 3.388895609667822e-05 6.309572180474613e-17
0 11 4.160415521350217e-15 5.998937972655947e-05
1 11 -1.662909375925720e-05 1.587904472987548e-18
2 11 4.314670758530527e-15 5.233955347632003e-05
3 11 -8.210464218256000e-06 3.514668147912783e-17
4 11 2.744128604525704e-16 4.482535567675927e-05
5 11 -3.398663965878638e-06 7.905878122517627e-17
6 11 -1.904116902375144e-15 3.907867119772203e-05
7 11 -1.074675794145364e-06 1.175895984495022e-16
8 11 -1.738161668300766e-15 3.601033161311310e-05
9 11 1.366758056406550e-16 1.367832434693210e-16
10 11 1.501857642871258e-15 3.601033161310700e-05
11 11 1.074675794365369e-06 1.325031044668775e-16
12 11 1.764822212187304e-15 3.907867119770269e-05
13 11 3.398663965970158e-06 1.133905076672852e-16
14 11 -2.670532553798920e-16 4.482535567672302e-05
15 11 8.210464218207734e-06 9.455047627136870e-17
16 11 -4.190511130158741e-15 5.233955347626339e-05
17 11 1.662909375912553e-05 9.144790901294385e-17
18 11 -3.999877605577797e-15 5.998937972647987e-05
19 11 2.936385081410066e-05 1.067275629225505e-16
20 11 3.051114088721788e-15 6.530839994591327e-05
21 11 4.622646733834810e-05 1.312376331675361e-16
22 11 3.640872188095337e-15 6.523436573513760e-05
23 11 6.559930210292791e-05 1.477567510706650e-16
24 11 4.032731150874604e-15 5.696033322043649e-05
25 11 8.424980940163283e-05 1.418288748691362e-16
26 11 -1.385180044396843e-15 3.933234099947797e-05
27 11 9.795668625049142e-05 1.101903538194553e-16
28 11 -5.962568241703061e-15 1.409425897662904e-05
29 11 1.030202825591535e-04 6.422127772886487e-17
30 11 -5.924395492414281e-15 -1.409425897675805e-05
31 11 9.795668625042207e-05 2.147848590042859e-17
32 11 -1.300024253662442e-15 -3.933234099960768e-05
33 11 8.424980940154317e-05 -2.465097227748902e-18
34 11 4.097423299061471e-15 -5.696033322056338e-05
35 11 6.559930210288567e-05 -5.047058090064735e-18
36 11 3.626468121323910e-15 -6.523436573525605e-05
37 11 4.622646733839676e-05 4.684053127329004e-18
38 11 2.941416357015300e-15 -6.530839994601488e-05
39 11 2.936385081422663e-05 1.027189318164648e-17
0 12 3.317132287436313e-15 4.731414205881838e-05
1 12 -1.634345539697128e-05 7.455277056227569e-17
2 12 3.434451997446110e-15 4.278347079687345e-05
3 12 -9.485616129652682e-06 9.776302055925826e-17
4 12 -6.272293372069867e-15 3.853295802907750e-05
5 12 -4.777449195112585e-06 1.252453786721268e-16
6 12 1.151177047971218e-15 3.559911878835692e-05
7 12 -1.437110083305218e-06 1.536055913625124e-16
8 12 -1.499665525317866e-16 3.456015135802466e-05
9 12 1.437110083590670e-06 1.781473268914722e-16
10 12 -1.403772656168834e-15 3.559911878830743e-05
11 12 4.777449195314521e-06 1.948870470451437e-16
12 12 6.140583640456875e-15 3.853295802898858e-05
13 12 9.485616129730040e-06 2.023493091919966e-16
14 12 -3.432111324724955e-15 4.278347079675909e-05
15 12 1.634345539694310e-05 2.005833226027728e-16
16 12 -3.230465983214258e-15 4.731414205869161e-05
17 12 2.584849234408635e-05 1.927367971310259e-16
18 12 -2.329522055613066e-15 5.060737115619557e-05
19 12 3.796416308657958e-05 1.808041521764142e-16
20 12 4.493854229645175e-15 5.080252017997227e-05
21 12 5.185032232407256e-05 1.645692200913384e-16
22 12 4.297225279540001e-15 4.611147719227284e-05
23 12 6.573956463548447e-05 1.433468772246946e-16
24 12 -3.543514814089236e-16 3.550556300894818e-05
25 12 7.717110646326442e-05 1.152923633105840e-16
26 12 1.672277277227616e-15 1.941811187492111e-05
27 12 8.367190623445294e-05 8.258623597436127e-17
28 12 -4.412407852504938e-16 -7.736117648131554e-17
29 12 8.367190623441862e-05 4.860904297890237e-17
30 12 1.731187214943696e-15 -1.941811187507395e-05
31 12 7.717110646318227e-05 1.769451974739706e-17
32 12 -2.785386432742029e-16 -3.550556300909610e-05
33 12 6.573956463540801e-05 -7.245042604598432e-18
34 12 4.332957886656888e-15 -4.611147719241401e-05
35 12 5.185032232404873e-05 -2.634912579038810e-17
36 12 4.457976102228892e-15 -5.080252018010850e-05
37 12 3.796416308662190e-05 -4.123277111249146e-17
38 12 -2.422730391702698e-15 -5.060737115632772e-05
39 12 2.584849234415518e-05 -5.627595831395177e-17
0 13 9.584204269167090e-15 3.811928067718183e-05
1 13 -1.512268040740186e-05 8.328859276559556e-17
2 13 9.905195633609311e-16 3.556953486357772e-05
3 13 -9.060983581371106e-06 8.170622773381476e-17
4 13 -4.689537623434965e-15 3.334159684434807e-05
5 13 -4.207645601680463e-06 9.278936849258625e-17
6 13 -2.063821676885299e-15 3.207100368020441e-05
7 13 1.125463399926994e-16 1.206065636670248e-16
8 13 1.807568292598144e-15 3.207100368016675e-05
9 13 4.207645601876676e-06 1.590122781722495e-16
10 13 4.499470899533724e-15 3.334159684424708e-05
11 13 9.060983581496098e-06 1.933236866532928e-16
12 13 -1.082232121844530e-15 3.556953486344334e-05
13 13 1.512268040744900e-05 2.094947585450600e-16
14 13 -9.591965647338089e-15 3.811928067704651e-05
15 13 2.276438553116930e-05 1.999124952090626e-16
16 13 -6.746027301971523e-15 4.004579652322732e-05
17 13 3.202600548540726e-05 1.688829259495794e-16
18 13 -6.684667761948775e-16 4.018398850762232e-05
19 13 4.246984020268397e-05 1.277045158952732e-16
20 13 -8.095331285467421e-16 3.736951853203830e-05
21 13 5.310259656187729e-05 8.945472374282441e-17
22 13 3.014559010119923e-16 3.079656248791761e-05
23 13 6.246425097303165e-05 6.249159993928289e-17
24 13 5.013812768623144e-15 2.041455228285527e-05
25 13 6.894442127491156e-05 4.633487924789686e-17
26 13 1.390022146121665e-15 7.161955968270446e-06
27 13 7.126703461342722e-05 3.501783433877918e-17
28 13 1.419400878235675e-15 -7.161955968375220e-06
29 13 6.894442127485695e-05 2.031534152471005e-17
30 13 5.082318812352505e-15 -2.041455228294943e-05
31 13 6.246425097294740e-05 -3.226764708562323e-18
32 13 3.710203415707317e-16 -3.079656248799955e-05
33 13 5.310259656180487e-05 -3.336938101483131e-17
34 13 -7.755679842606930e-16 -3.736951853211764e-05
35 13 4.246984020264950e-05 -6.188492115939275e-17
36 13 -6.800676265844386e-16 -4.018398850771355e-05
37 13 3.202600548540583e-05 -8.119751861203101e-17
38 13 -6.775269350240768e-15 -4.004579652334199e-05
39 13 2.276438553116769e-05 -8.680924081753113e-17
0 14 1.174747439428563e-15 3.098307608147342e-05
1 14 -1.324039761481667e-05 1.986047911151870e-17
2 14 -5.893667322560049e-15 2.965682674875722e-05
3 14 -7.532112543316400e-06 -3.933067946072236e-18
4 14 -4.700413317535247e-15 2.862013897264151e-05
5 14 -2.438218191327255e-06 7.218476928611419e-19
6 14 -6.704503215619211e-17 2.823401243304663e-05
7 14 2.438218191387791e-06 3.561746950513174e-17
8 14 4.580778840033682e-15 2.862013897256601e-05
9 14 7.532112543365989e-06 8.355410472241274e-17
10 14 5.809166517583922e-15 2.965682674863926e-05
11 14 1.324039761485154e-05 1.198745662097835e-16
12 14 -1.222242831940736e-15 3.098307608136161e-05
13 14 1.984124422335636e-05 1.238549015097849e-16
14 14 -1.625411544868731e-15 3.201966374133293e-05
15 14 2.740443536098100e-05 9.256237380875176e-17
16 14 3.392879996167276e-15 3.203033299549599e-05
17 14 3.570471637974245e-05 4.052849327133604e-17
18 14 -2.512691263050172e-16 3.024839165822338e-05
19 14 4.417123739717728e-05 -8.538831513311509e-18
20 14 -2.126398433139702e-16 2.607417116749371e-05
21 14 5.192036385651762e-05 -3.579492747393676e-17
22 14 1.542745376227563e-15 1.930409273148526e-05
23 14 5.790745302534826e-05 -3.519511676552534e-17
24 14 2.445361715401347e-17 1.030102762520588e-05
25 14 6.118477633541286e-05 -1.689138198465552e-17
26 14 4.547293624053810e-16 -8.786255880149380e-18
27 14 6.118477633539288e-05 3.171510656867029e-19
28 14 6.702888500281902e-17 -1.030102762521183e-05
29 14 5.790745302529387e-05 -3.105891521541553e-19
30 14 1.608613112421357e-15 -1.930409273146645e-05
31 14 5.192036385644574e-05 -2.239220260663379e-17
32 14 -1.454701624572674e-16 -2.607417116745622e-05
33 14 4.417123739710778e-05 -5.494974837918240e-17
34 14 -2.015140590600923e-16 -3.024839165819412e-05
35 14 3.570471637968862e-05 -7.935162486069836e-17
36 14 3.424488241423447e-15 -3.203033299550670e-05
37 14 2.740443536094478e-05 -8.022277937607141e-17
38 14 -1.597907208848209e-15 -3.201966374140032e-05
39 14 1.984124422332786e-05 -5.553817314590064e-17
0 15 -2.772962544956372e-15 2.502011424312175e-05
1 15 -1.091766104255682e-05 -8.126164389347779e-17
2 15 -3.091836534109251e-15 2.440649948624524e-05
3 15 -5.327769208870886e-06 -1.134528568652779e-16
4 15 3.305461487531293e-16 2.401089464325591e-05
5 15 -7.098099955894731e-17 -1.045868368454979e-16
6 15 -2.710403772031054e-16 2.401089464322229e-05
7 15 5.327769208747490e-06 -6.319656801229265e-17
8 15 3.131907427507880e-15 2.440649948616513e-05
9 15 1.091766104248220e-05 -1.679283107327375e-17
10 15 2.780259096331586e-15 2.502011424304683e-05
11 15 1.696770386940845e-05 5.149970877762026e-18
12 15 2.303499426821293e-15 2.551303621415358e-05
13 15 2.354786255901244e-05 -1.268459582789911e-17
14 15 4.863412011762643e-15 2.542645995811048e-05
15 15 3.054239796350944e-05 -6.175633617072755e-17
16 15 -1.463591543576879e-15 2.425769758369795e-05
17 15 3.761438186445812e-05 -1.149928172219108e-16
18 15 -5.402952697485456e-15 2.157464116218863e-05
19 15 4.421552551368288e-05 -1.433711711468157e-16
20 15 -3.738009994462550e-15 1.715182043257098e-05
21 15 4.966111966073522e-05 -1.320552470570291e-16
22 15 -3.319074160962251e-16 1.108642240309257e-05
23 15 5.326978606728209e-05 -8.747761279523443e-17
24 15 6.857210252882393e-15 3.839142370695528e-06
25 15 5.453518669867498e-05 -3.372192308211114e-17
26 15 6.865943617372639e-15 -3.839142370634683e-06
27 15 5.326978606727649e-05 1.339852472050284e-18
28 15 -3.080156033771845e-16 -1.108642240299821e-05
29 15 4.966111966071561e-05 2.267797539462124e-18
30 15 -3.694638161390806e-15 -1.715182043243332e-05
31 15 4.421552551364246e-05 -2.430916162879874e-17
32 15 -5.344760668361648e-15 -2.157464116203068e-05
33 15 3.761438186439917e-05 -5.493408648042227e-17
34 15 -1.399572770461311e-15 -2.425769758356577e-05
35 15 3.054239796344840e-05 -6.321570011000710e-17
36 15 4.917296383848086e-15 -2.542645995804625e-05
37 15 2.354786255897609e-05 -3.479242529051569e-17
38 15 2.330830372690177e-15 -2.551303621417155e-05
39 15 1.696770386942210e-05 2.218161524555014e-17
0 16 4.982073140847302e-15 1.968408884275944e-05
1 16 -8.328097711957531e-06 -1.653681346039171e-16
2 16 -2.199504975002497e-15 1.944693345452968e-05
3 16 -2.750525753733254e-06 -1.916335902155777e-16
4 16 1.283298498181284e-16 1.934688887598772e-05
5 16 2.750525753430337e-06 -1.735064509449491e-16
6 16 2.421446597529403e-15 1.944693345448924e-05
7 16 8.328097711732772e-06 -1.307966189829000e-16
8 16 -4.847524760473364e-15 1.968408884271778e-05
9 16 1.410988531702097e-05 -9.583085642628824e-17
10 16 -1.055045754685240e-15 1.987715808351897e-05
11 16 2.014917245610771e-05 -9.428407909828042e-17
12 16 4.531788844518079e-15 1.975174518223687e-05
13 16 2.638222147068174e-05 -1.293959341787622e-16
14 16 6.350840901224141e-15 1.898628404263320e-05
15 16 3.260077013068476e-05 -1.797824708974136e-16
16 16 -2.972255272239514e-15 1.728007567927978e-05
17 16 3.845164382345111e-05 -2.121390367534104e-16
18 16 -7.064976177481273e-15 1.443569045134112e-05
19 16 4.347440650426797e-05 -2.022597713252226e-16
20 16 -1.584003965966444e-15 1.043590468441771e-05
21 16 4.717918299246762e-05 -1.464363414505458e-16
22 16 -1.015271345751211e-15 5.486546559062981e-06
23 16 4.915099767663938e-05 -6.637953616480989e-17
24 16 -3.549094232262401e-16 3.437333336308122e-17
25 16 4.915099767666410e-05 3.884836990736030e-18
26 16 -1.042895567948846e-15 -5.486546558968566e-06
27 16 4.717918299252408e-05 3.659150933928313e-17
28 16 -1.613984200351144e-15 -1.043590468426342e-05
29 16 4.347440650431371e-05 2.551583759610841e-17
30 16 -7.064872925639294e-15 -1.443569045112974e-05
31 16 3.845164382344896e-05 -9.886348727491527e-18
32 16 -2.929204224842209e-15 -1.728007567905260e-05
33 16 3.260077013063282e-05 -3.626936777631553e-17
34 16 6.417149646241387e-15 -1.898628404244822e-05
35 16 2.638222147062024e-05 -2.637653800599558e-17
36 16 4.574620124993380e-15 -1.975174518213709e-05
37 16 2.014917245610139e-05 2.583207127633907e-17
38 16 -1.087460581795375e-15 -1.987715808350796e-05
39 16 1.410988531712450e-05 1.008939240115224e-16
0 17 5.409323132388710e-15 1.465039035913033e-05
1 17 -5.597813333418287e-06 -1.899050795087805e-16
2 17 -9.866794112131732e-17 1.458283852471875e-05
3 17 -1.943539825066961e-16 -2.010545063621266e-16
4 17 4.617913363113830e-16 1.458283852470613e-05
5 17 5.597813333089116e-06 -1.739678092766878e-16
6 17 -5.147798245232340e-15 1.465039035911022e-05
7 17 1.126493163721692e-05 -1.341895479171343e-16
8 17 -4.959233563955787e-16 1.470343744218155e-05
9 17 1.703174520712505e-05 -1.129666897751629e-16
10 17 6.142939523375876e-15 1.459052657007433e-05
11 17 2.285561631075700e-05 -1.264947111661862e-16
12 17 5.019408740570299e-15 1.411700621669748e-05
13 17 2.859750939712970e-05 -1.664454527846286e-16
14 17 4.361289965258224e-15 1.308471963802531e-05
15 17 3.401646625347929e-05 -2.042538344382642e-16
16 17 -2.767172614334608e-16 1.134142120507206e-05
17 17 3.878831269469357e-05 -2.085602641652666e-16
18 17 -2.187356102329789e-15 8.830279539731867e-06
19 17 4.255065433539944e-05 -1.642630622072368e-16
20 17 -5.661755953211365e-15 5.624668712429360e-06
21 17 4.496813373383099e-05 -8.113804955145907e-17
22 17 2.204505228688303e-16 1.933141201676568e-06
23 17 4.580269890114470e-05 9.192163981587631e-18
24 17 1.733649844404899e-16 -1.933141201657019e-06
25 17 4.496813373393759e-05 7.042397564579964e-17
26 17 -5.772126940915109e-15 -5.624668712355975e-06
27 17 4.255065433554970e-05 8.210709642002491e-17
28 17 -2.292481415107088e-15 -8.830279539580455e-06
29 17 3.878831269480094e-05 5.019356272271198e-17
30 17 -3.147463971250861e-16 -1.134142120486125e-05
31 17 3.401646625348767e-05 4.187227457249398e-18
32 17 4.404686185727380e-15 -1.308471963780702e-05
33 17 2.859750939705344e-05 -1.965687486400661e-17
34 17 5.095663117594008e-15 -1.411700621652831e-05
35 17 2.285561631067691e-05 5.823671457725197e-19
36 17 6.165333784397780e-15 -1.459052656998595e-05
37 17 1.703174520714314e-05 6.205139009565255e-17
38 17 -6.049528177318446e-16 -1.470343744216637e-05
39 17 1.126493163739726e-05 1.365456840453164e-16
0 18 1.588135090719313e-15 9.740027517848846e-06
1 18 -2.807631953149233e-06 -1.453191389216406e-16
2 18 1.913534406701165e-16 9.729952425100656e-06
3 18 2.807631952820633e-06 -1.392488357210828e-16
4 18 -1.273045942521760e-15 9.740027517840481e-06
5 18 8.435692944590539e-06 -1.036947632059350e-16
6 18 -7.889959875076938e-15 9.745016354730786e-06
7 18 1.408635531636125e-05 -6.628911016954334e-17
8 18 -3.604721303678263e-15 9.673444437989517e-06
9 18 1.972451019350615e-05 -5.332743017773329e-17
10 18 6.379087412696263e-15 9.420368073301558e-06
11 18 2.524853910101451e-05 -7.341792514992203e-17
12 18 -2.106752940955494e-16 8.868393790632583e-06
13 18 3.048144312485962e-05 -1.109197345656619e-16
14 18 1.523289046064902e-16 7.915136886488889e-06
15 18 3.517911832483299e-05 -1.364670490885255e-16
16 18 -2.929950084260936e-15 6.502625033744599e-06
17 18 3.905758692092301e-05 -1.241313297200128e-16
18 18 -5.046975172442846e-16 4.641367169125414e-06
19 18 4.183630318855977e-05 -6.734137842901006e-17
20 18 6.369876824503730e-15 2.420773123028984e-06
21 18 4.328896529901387e-05 1.563074622716755e-17
22 18 1.425224780615356e-15 -4.132704113236760e-17
23 18 4.328896529910399e-05 9.034134512025594e-17
24 18 6.222721171534532e-15 -2.420773123085000e-06
25 18 4.183630318878012e-05 1.251459883361675e-16
26 18 -7.157015718330819e-16 -4.641367169113462e-06
27 18 3.905758692115117e-05 1.080456783138814e-16
28 18 -3.088371577789052e-15 -6.502625033656267e-06
29 18 3.517911832494692e-05 5.438889240457737e-17
30 18 1.230540296278866e-16 -7.915136886351154e-06
31 18 3.048144312481048e-05 -2.179338635670564e-18
32 18 -1.195009822240587e-16 -8.868393790492113e-06
33 18 2.524853910085777e-05 -2.762464548874142e-17
34 18 6.498727539006588e-15 -9.420368073199279e-06
35 18 1.972451019336782e-05 -6.670285847138470e-18
36 18 -3.579526362138161e-15 -9.673444437941980e-06
37 18 1.408635531636608e-05 4.965568577218588e-17
38 18 -8.039493388197298e-15 -9.745016354725121e-06
39 18 8.435692944786568e-06 1.107738254736326e-16
0 19 2.839660101850487e-15 4.866991228802257e-06
1 19 -1.133536540752139e-16 -5.726428222336535e-17
2 19 -2.569988742137537e-15 4.866991228800291e-06
3 19 5.619917389014511e-06 -3.476973134920153e-17
4 19 -8.037392675470569e-15 4.864976212510772e-06
5 19 1.123750804037929e-05 1.058647557167843e-17
6 19 -8.241572379423694e-15 4.837822169889202e-06
7 19 1.682374390591925e-05 5.016096050339165e-17
8 19 -2.939307319240908e-15 4.743496012273724e-06
9 19 2.230106130533398e-05 6.043502848404386e-17
10 19 -4.315175933454611e-15 4.529341402698782e-06
11 19 2.753109426062073e-05 3.666381375748695e-17
12 19 -3.667976177106495e-15 4.143790534609500e-06
13 19 3.231593142414873e-05 -3.310888177376630e-18
14 19 -6.671540962578944e-16 3.549871122239449e-06
15 19 3.641496952069514e-05 -3.078603195777107e-17
16 19 -3.366366042484502e-15 2.737674273578942e-06
17 19 3.957616347727110e-05 -2.309567354481137e-17
18 19 1.861755280731084e-15 1.732182319965805e-06
19 19 4.157631533717522e-05 2.215389466027862e-17
20 19 6.890177581262701e-15 5.932793509742642e-07
21 19 4.226137532500208e-05 8.530591544021261e-17
22 19 6.781758451455565e-15 -5.932793511272929e-07
23 19 4.157631533739102e-05 1.332318667944312e-16
24 19 1.597337408506966e-15 -1.732182320085267e-06
25 19 3.957616347758268e-05 1.389995216229224e-16
26 19 -3.641677417789331e-15 -2.737674273644339e-06
27 19 3.641496952092870e-05 9.689953983235043e-17
28 19 -8.082199748554887e-16 -3.549871122250890e-06
29 19 3.231593142417816e-05 2.664663328029263e-17
30 19 -3.612745400678707e-15 -4.143790534585231e-06
31 19 2.753109426043896e-05 -3.803378596070344e-17
32 19 -4.117465814792021e-15 -4.529341402663949e-06
33 19 2.230106130505135e-05 -6.640773727350654e-17
34 19 -2.739307567360023e-15 -4.743496012248214e-06
35 19 1.682374390569918e-05 -4.953532951330978e-17
36 19 -8.177793575292598e-15 -4.837822169880051e-06
37 19 1.123750804034057e-05 -3.007745357450044e-18
38 19 -8.168889735857247e-15 -4.864976212512309e-06
39 19 5.619917389162486e-06 4.185193800423066e-17
0 20 8.116898330011451e-17 -1.011409177793082e-18
1 20 2.809958699198679e-06 2.929227705909518e-17
2 20 1.058412526095655e-16 -1.990803677925140e-17
3 20 8.428712724206657e-06 6.854043078250996e-17
4 20 4.561346633272184e-17 -6.973936376240981e-17
5 20 1.403062598189701e-05 1.262255621371092e-16
6 20 -5.404827458334832e-17 -1.224201138287691e-16
7 20 1.956240260967697e-05 1.705608262067615e-16
8 20 -1.252679929455312e-16 -1.481804637494553e-16
9 20 2.491607778976076e-05 1.769760827298016e-16
10 20 -1.214709890984894e-16 -1.327993602772265e-16
11 20 2.992351284816879e-05 1.426451635425684e-16
12 20 -4.456073975224647e-17 -8.659582139520191e-17
13 20 3.436545047096531e-05 8.658831552802208e-17
14 20 5.497322882204581e-17 -3.789300589136897e-17
15 20 3.799556650190119e-05 4.090627097645058e-17
16 20 1.098218173422982e-16 -1.571212518501314e-17
17 20 4.057623940608151e-05 2.881037530888360e-17
18 20 7.803203872131989e-17 -3.405073585185970e-17
19 20 4.191884532278282e-05 5.391143848688933e-17
20 20 -3.081468693539186e-17 -8.029589933992921e-17
21 20 4.191884532291451e-05 9.608278655491113e-17
22 20 -1.586623891617211e-16 -1.248492525464627e-16
23 20 4.057623940640173e-05 1.228539563391149e-16
24 20 -2.318859484928419e-16 -1.357982136895923e-16
25 20 3.799556650222646e-05 1.096237388796175e-16
26 20 -2.030860955596758e-16 -9.899513318654611e-17
27 20 3.436545047110732e-05 5.285388291233765e-17
28 20 -7.973822722066875e-17 -2.550047987248046e-17
29 20 2.992351284803981e-05 -2.568607597516746e-17
30 20 8.141710022734617e-17 5.256859605728217e-17
31 20 2.491607778941716e-05 -9.224697664985712e-17
32 20 2.017495157820040e-16 1.014377873094095e-16
33 20 1.956240260928399e-05 -1.194815372096413e-16
34 20 2.255956847457044e-16 1.030298952820103e-16
35 20 1.403062598162763e-05 -1.024806077504947e-16
36 20 1.492572308636217e-16 6.695169829089266e-17
37 20 8.428712724141339e-06 -6.133488456678109e-17
38 20 2.232325668117136e-17 2.202094048045136e-17
39 20 2.809958699283319e-06 -2.826784365547085e-17
0 21 2.798171202602837e-15 -4.866991228771997e-06
1 21 5.621080771207051e-06 7.424883964366846e-17
2 21 8.214357796103713e-15 -4.864976212554648e-06
3 21 1.125318545169006e-05 1.305939127991383e-16
4 21 8.239360525565137e-15 -4.837822170043811e-06
5 21 1.687820314988202e-05 2.001842558673248e-16
6 21 2.750878300535729e-15 -4.743496012514295e-06
7 21 2.242470353262849e-05 2.453858693747184e-16
8 21 4.054754616623972e-15 -4.529341402951697e-06
9 21 2.775369216915964e-05 2.402512981843241e-16
10 21 3.496375846968344e-15 -4.143790534795293e-06
11 21 3.265883095935274e-05 1.842876736930029e-16
12 21 6.879773402819751e-16 -3.549871122320869e-06
13 21 3.688389159152379e-05 1.036143005527889e-16
14 21 3.556900512843380e-15 -2.737674273580721e-06
15 21 4.015668452965939e-05 3.568300536938746e-17
16 21 -1.639085259864146e-15 -1.732182319960694e-06
17 21 4.223386126255129e-05 7.546671302100191e-18
18 21 -6.807967951108190e-15 -5.932793510384104e-07
19 21 4.294643529711438e-05 2.286897811061056e-17
20 21 -6.943386031581333e-15 5.932793509610310e-07
21 21 4.223386126280153e-05 5.796816956373277e-17
22 21 -1.968624780326368e-15 1.732182319850262e-06
23 21 4.015668453001384e-05 7.868585345897598e-17
24 21 3.220224583248728e-15 2.737674273424541e-06
25 21 3.688389159177225e-05 5.943514257628652e-17
26 21 5.363817035441067e-16 3.549871122135900e-06
27 21 3.265883095933922e-05 -1.297936288894119e-18
28 21 3.622373524130546e-15 4.143790534618899e-06
29 21 2.775369216886681e-05 -7.885526818933484e-17
30 21 4.402312210535533e-15 4.529341402821423e-06
31 21 2.242470353218186e-05 -1.382939943458095e-16
32 21 3.155906620508909e-15 4.743496012448194e-06
33 21 1.687820314947570e-05 -1.548078518177353e-16
34 21 8.527265698481218e-15 4.837822170032354e-06
35 21 1.125318545146828e-05 -1.282747630675733e-16
36 21 8.300919095878819e-15 4.864976212568333e-06
37 21 5.621080771184929e-06 -8.423156075223681e-17
38 21 2.734779872435504e-15 4.866991228780632e-06
39 21 3.143690660848966e-17 -5.819556958075432e-17
0 22 1.523878541347383e-15 -9.740027517739918e-06
1 22 8.432812648562163e-06 5.893525019258929e-17
2 22 7.996852455297707e-15 -9.745016354725965e-06
3 22 1.412767739625804e-05 1.304418855450596e-16
4 22 3.511839621778317e-15 -9.673444438092494e-06
5 22 1.987062389562640e-05 2.061043759658301e-16
6 22 -6.605027737171901e-15 -9.420368073460975e-06
7 22 2.556722159221816e-05 2.435872076930787e-16
8 22 -1.129988131295093e-18 -8.868393790765489e-06
9 22 3.103180625350319e-05 2.185555981248312e-16
10 22 -2.115477605952398e-16 -7.915136886528298e-06
11 22 3.599463242386517e-05 1.383774064415160e-16
12 22 3.065635507939204e-15 -6.502625033679071e-06
13 22 4.013218465293955e-05 3.845321088939534e-17
14 22 7.553316084028569e-16 -4.641367169005387e-06
15 22 4.311836375110469e-05 -3.753449547792341e-17
16 22 -6.158533253042499e-15 -2.420773122937129e-06
17 22 4.468659930414686e-05 -6.159228032501630e-17
18 22 -1.391218534032248e-15 3.973239940938357e-17
19 22 4.468659930427612e-05 -3.563233572760879e-17
20 22 -6.403114460128503e-15 2.420773122978724e-06
21 22 4.311836375141400e-05 1.016235815444387e-17
22 22 4.068861794310513e-16 4.641367168955294e-06
23 22 4.013218465324577e-05 3.669223705407386e-17
24 22 2.816576007111126e-15 6.502625033532322e-06
25 22 3.599463242398136e-05 1.939143787599980e-17
26 22 -2.109971633213878e-16 7.915136886331075e-06
27 22 3.103180625334261e-05 -3.870272253718440e-17
28 22 2.639127927345377e-16 8.868393790587457e-06
29 22 2.556722159184427e-05 -1.071224747614724e-16
30 22 -6.200635033499156e-15 9.420368073357296e-06
31 22 1.987062389521099e-05 -1.495326638574616e-16
32 22 3.871090835216854e-15 9.673444438075259e-06
33 22 1.412767739598240e-05 -1.448994395225009e-16
34 22 8.171404163510132e-15 9.745016354763092e-06
35 22 8.432812648506821e-06 -1.002944996802320e-16
36 22 1.499082675094752e-15 9.740027517777958e-06
37 22 2.801815095735033e-06 -4.882656379671802e-17
38 22 -5.411069098537565e-17 9.729952424972517e-06
39 22 -2.801815095628879e-06 -2.824101778901256e-17
0 23 5.346118717026478e-15 -1.465039035894066e-05
1 23 1.123430489769947e-05 -7.695211346447875e-18
2 23 5.055227164029472e-16 -1.470343744211814e-05
3 23 1.709693432377185e-05 7.248577674023528e-17
4 23 -6.298828020100578e-15 -1.459052657010221e-05
5 23 2.312900340087576e-05 1.450469930734712e-16
6 23 -5.225744135078177e-15 -1.411700621674774e-05
7 23 2.919350032058301e-05 1.683606792338377e-16
8 23 -4.474319943782817e-15 -1.308471963801554e-05
9 23 3.502296006723950e-05 1.242747547700225e-16
10 23 3.444764898284380e-16 -1.134142120495440e-05
11 23 4.023812101226138e-05 3.105758493727768e-17
12 23 2.417301841553447e-15 -8.830279539521019e-06
13 23 4.440141461740416e-05 -6.786596333863590e-17
14 23 5.943300150028939e-15 -5.624668712193686e-06
15 23 4.709943813969558e-05 -1.270498697382924e-16
16 23 -2.365933002694541e-17 -1.933141201499632e-06
17 23 4.803489808327116e-05 -1.244087023198180e-16
18 23 -1.432373261107550e-16 1.933141201723987e-06
19 23 4.709943813990663e-05 -7.177491883536563e-17
20 23 5.652936266521841e-15 5.624668712321065e-06
21 23 4.440141461770100e-05 -7.955973347903238e-18
22 23 2.126091319244468e-15 8.830279539505103e-06
23 23 4.023812101246673e-05 2.631126919032448e-17
24 23 2.240435216027379e-16 1.134142120482226e-05
25 23 3.502296006722857e-05 1.066760085707566e-17
26 23 -4.349676837914367e-15 1.308471963784881e-05
27 23 2.919350032035296e-05 -4.199893405929120e-17
28 23 -4.920406560482965e-15 1.411700621663522e-05
29 23 2.312900340055202e-05 -9.612347425162996e-17
30 23 -5.976444892476124e-15 1.459052657009081e-05
31 23 1.709693432353249e-05 -1.149400329800071e-16
32 23 6.811247077464617e-16 1.470343744219047e-05
33 23 1.123430489767073e-05 -8.398281953889573e-17
34 23 5.300160826287066e-15 1.465039035903137e-05
35 23 5.558812268621670e-06 -2.001768815527031e-17
36 23 -3.633006842090195e-16 1.458283852451855e-05
37 23 1.356240069483942e-16 3.762673766612493e-17
38 23 1.596661672511176e-16 1.458283852447865e-05
39 23 -5.558812268438959e-06 5.124936726457719e-17
0 24 4.935680587901508e-15 -1.968408884252891e-05
1 24 1.399841674713041e-05 -9.555875138387339e-17
2 24 9.768691364608653e-16 -1.987715808343088e-05
3 24 2.022157962584402e-05 -1.516298114763191e-17
4 24 -4.699540164565294e-15 -1.975174518221371e-05
5 24 2.682416065183496e-05 4.885467276784881e-17
6 24 -6.483149785081981e-15 -1.898628404260007e-05
7 24 3.358584998388902e-05 5.888741758440245e-17
8 24 2.977728900413815e-15 -1.728007567916624e-05
9 24 4.009385041205970e-05 7.640046915225478e-18
10 24 7.234972465418435e-15 -1.443569045112172e-05
11 24 4.578368390096244e-05 -7.831798663532826e-17
12 24 1.859777325909305e-15 -1.043590468412747e-05
13 24 5.003669624296768e-05 -1.526773096043883e-16
14 24 1.290489046810509e-15 -5.486546558777438e-06
15 24 5.231865681229518e-05 -1.756804773796640e-16
16 24 5.371536950505666e-16 1.712888648223231e-16
17 24 5.231865681239063e-05 -1.357613351205195e-16
18 24 1.103174834928491e-15 5.486546559060459e-06
19 24 5.003669624319733e-05 -5.695563951818561e-17
20 24 1.594457592429583e-15 1.043590468426340e-05
21 24 4.578368390119147e-05 1.865753853231957e-17
22 24 7.044274696611971e-15 1.443569045110001e-05
23 24 4.009385041215688e-05 5.260106627705797e-17
24 24 2.969189604798165e-15 1.728007567905507e-05
25 24 3.358584998380565e-05 3.441338720871630e-17
26 24 -6.315917607575527e-15 1.898628404250423e-05
27 24 2.682416065163684e-05 -1.414087778097933e-17
28 24 -4.472852872776159e-15 1.975174518221395e-05
29 24 2.022157962567651e-05 -5.306052511504461e-17
30 24 1.104068047730198e-15 1.987715808353849e-05
31 24 1.399841674713574e-05 -4.858707541460892e-17
32 24 4.853726709331488e-15 1.968408884268358e-05
33 24 8.191175988269147e-06 4.895723085530142e-18
34 24 -2.463509806518719e-15 1.944693345433404e-05
35 24 2.692764986506090e-06 8.227071722911507e-17
36 24 -1.853963397890262e-16 1.934688887571724e-05
37 24 -2.692764986120939e-06 1.409093526067472e-16
38 24 2.176074617108067e-15 1.944693345422367e-05
39 24 -8.191175988039620e-06 1.469625873421125e-16
0 25 -2.804846767431284e-15 -2.502011424290530e-05
1 25 1.668311523332349e-05 -1.659161847834037e-16
2 25 -2.422724463347325e-15 -2.551303621409328e-05
3 25 2.359784737807639e-05 -9.023645839882218e-17
4 25 -4.988253101890635e-15 -2.542645995808765e-05
5 25 3.121718322890008e-05 -3.478397028857553e-17
6 25 1.425103862950866e-15 -2.425769758364564e-05
7 25 3.916344521823193e-05 -2.835546650003037e-17
8 25 5.497581775242248e-15 -2.157464116205437e-05
9 25 4.676904226176821e-05 -7.128059947841847e-17
10 25 3.946581048658573e-15 -1.715182043234836e-05
11 25 5.316297885000380e-05 -1.331068579453808e-16
12 25 5.881353255506361e-16 -1.108642240282477e-05
13 25 5.745400514018050e-05 -1.716721129751935e-16
14 25 -6.629670721938027e-15 -3.839142370452599e-06
15 25 5.896824644811464e-05 -1.568322049706441e-16
16 25 -6.708152096955204e-15 3.839142370793680e-06
17 25 5.745400514031573e-05 -8.888029340000751e-17
18 25 3.972743298430323e-16 1.108642240305541e-05
19 25 5.316297885019478e-05 2.733031605644165e-18
20 25 3.753446550312633e-15 1.715182043241906e-05
21 25 4.676904226190595e-05 7.505810612048063e-17
22 25 5.408567975276340e-15 2.157464116200141e-05
23 25 3.916344521824637e-05 9.813149733446884e-17
24 25 1.475628504763343e-15 2.425769758356765e-05
25 25 3.121718322880674e-05 7.112590537351509e-17
26 25 -4.857871483339563e-15 2.542645995808657e-05
27 25 2.359784737797060e-05 2.325514997770288e-17
28 25 -2.341050132480141e-15 2.551303621421309e-05
29 25 1.668311523332832e-05 -4.817782247447838e-18
30 25 -2.890517780292895e-15 2.502011424310789e-05
31 25 1.056339039122350e-05 1.478948783192397e-17
32 25 -3.311658328568308e-15 2.440649948613534e-05
33 25 5.099366645012819e-06 8.061774492450212e-17
34 25 6.347339177496731e-17 2.401089464305421e-05
35 25 2.248094729330431e-16 1.624251363322948e-16
36 25 -4.985903060355764e-16 2.401089464297779e-05
37 25 -5.099366644635231e-06 2.178756892664624e-16
38 25 3.018293162039851e-15 2.440649948594705e-05
39 25 -1.056339039102515e-05 2.187889455536044e-16
0 26 1.137659357624586e-15 -3.098307608131000e-05
1 26 1.924277006366061e-05 -1.861452851247999e-16
2 26 1.523761950416487e-15 -3.201966374133906e-05
3 26 2.739827546212417e-05 -1.153559126986705e-16
4 26 -3.450184753085460e-15 -3.203033299552479e-05
5 26 3.673352068737652e-05 -6.195966299116833e-17
6 26 2.783658093560654e-16 -3.024839165822393e-05
7 26 4.658122472324288e-05 -5.014866246815253e-17
8 26 3.252103268440793e-16 -2.607417116742974e-05
9 26 5.582907046335750e-05 -7.706579062460703e-17
10 26 -1.376756788185910e-15 -1.930409273135642e-05
11 26 6.310537508728075e-05 -1.135577476650216e-16
12 26 1.489818253999252e-16 -1.030102762504835e-05
13 26 6.713207741067704e-05 -1.248247474492294e-16
14 26 -3.055743919808216e-16 1.409148854405053e-16
15 26 6.713207741072734e-05 -8.878772361708638e-17
16 26 4.613638857117791e-17 1.030102762527707e-05
17 26 6.310537508739949e-05 -1.260286764094217e-17
18 26 -1.521686421364466e-15 1.930409273145563e-05
19 26 5.582907046347562e-05 7.253329448900614e-17
20 26 2.195276160190871e-16 2.607417116739975e-05
21 26 4.658122472329249e-05 1.288073134016515e-16
22 26 2.649898472735108e-16 3.024839165813976e-05
23 26 3.673352068734087e-05 1.335462786339055e-16
24 26 -3.384324994470296e-15 3.203033299549091e-05
25 26 2.739827546204868e-05 9.373710875310841e-17
26 26 1.588440109383978e-15 3.201966374142799e-05
27 26 1.924277006362911e-05 4.090812504151708e-17
28 26 1.099133009368875e-15 3.098307608151452e-05
29 26 1.247468720082279e-05 1.409656500283181e-17
30 26 -6.028382037516084e-15 2.965682674876688e-05
31 26 6.933580565894239e-06 3.740449998707269e-17
32 26 -4.862627911002006e-15 2.862013897258888e-05
33 26 2.215287926580933e-06 1.046653161724937e-16
34 26 -2.076281845818448e-16 2.823401243293430e-05
35 26 -2.215287926236938e-06 1.846167744262903e-16
36 26 4.508420594953087e-15 2.862013897243039e-05
37 26 -6.933580565650836e-06 2.372704273942375e-16
38 26 5.824168542284273e-15 2.965682674852869e-05
39 26 -1.247468720072973e-05 2.366447664837744e-16
0 27 9.519576990537589e-15 -3.811928067707856e-05
1 27 2.165211110516163e-05 -1.429247031475857e-16
2 27 6.696464272262527e-15 -4.004579652330656e-05
3 27 3.194622031178471e-05 -7.278441654996285e-17
4 27 6.563152224769343e-16 -4.018398850773205e-05
5 27 4.409477520178545e-05 -1.744963891401685e-17
6 27 8.337516759863616e-16 -3.736951853214200e-05
7 27 5.689749450554141e-05 -4.428734458697383e-19
8 27 -2.517285673793010e-16 -3.079656248798086e-05
9 27 6.845830735553272e-05 -1.819661931531608e-17
10 27 -4.954501169285141e-15 -2.041455228286628e-05
11 27 7.659581131947389e-05 -4.650073312920701e-17
12 27 -1.332215446442374e-15 -7.161955968247793e-06
13 27 7.953694902687336e-05 -5.255562490952439e-17
14 27 -1.365460899294163e-15 7.161955968394306e-06
15 27 7.659581131952246e-05 -1.874825693025737e-17
16 27 -5.035217997274159e-15 2.041455228292992e-05
17 27 6.845830735559863e-05 4.704999255337004e-17
18 27 -3.294811904049582e-16 3.079656248793144e-05
19 27 5.689749450557971e-05 1.153329127001914e-16
20 27 8.046473487996433e-16 3.736951853202252e-05
21 27 4.409477520176657e-05 1.508348567418524e-16
22 27 6.896952278810119e-16 4.018398850763389e-05
23 27 3.194622031171865e-05 1.356777704015430e-16
24 27 6.761791251510464e-15 4.004579652331630e-05
25 27 2.165211110508852e-05 7.939907781569620e-17
26 27 9.550621815829568e-15 3.811928067722366e-05
27 27 1.365058398952467e-05 1.511181266414281e-17
28 27 9.491490560842672e-16 3.556953486366788e-05
29 27 7.774682963796389e-06 -1.939887394295768e-17
30 27 -4.721740624525786e-15 3.334159684444666e-05
31 27 3.474068289955969e-06 -1.292098857773945e-18
32 27 -2.072817044937308e-15 3.207100368027306e-05
33 27 7.843988238366187e-17 6.257232922498799e-17
34 27 1.831048557988190e-15 3.207100368019018e-05
35 27 -3.474068289828932e-06 1.402128237528090e-16
36 27 4.553256455677226e-15 3.334159684423994e-05
37 27 -7.774682963744835e-06 1.920024432070116e-16
38 27 -1.009106644654790e-15 3.556953486343943e-05
39 27 -1.365058398955353e-05 1.919425309307689e-16
0 28 3.216336762104295e-15 -4.731414205875902e-05
1 28 2.394714564711882e-05 -4.966945614822770e-17
2 28 2.317847405385435e-15 -5.060737115632530e-05
3 28 3.785149374199279e-05 2.259683616207230e-17
4 28 -4.519820945605728e-15 -5.080252018016236e-05
5 28 5.455869724512257e-05 7.658628909220787e-17
6 28 -4.345509010822866e-15 -4.611147719248587e-05
7 28 7.186289204077019e-05 8.732463485294095e-17
8 28 2.922625804233699e-16 -3.550556300913242e-05
9 28 8.645920070659374e-05 5.781853990958322e-17
10 28 -1.731415405617210e-15 -1.941811187504184e-05
11 28 9.488295835158501e-05 1.465560117296974e-17
12 28 3.981623410777084e-16 1.868132731415420e-17
13 28 9.488295835159179e-05 -7.467851373797072e-18
14 28 -1.758035697221918e-15 1.941811187504287e-05
15 28 8.645920070660625e-05 1.078842361632188e-17
16 28 2.586384231952232e-16 3.550556300904845e-05
17 28 7.186289204077519e-05 6.153774256223420e-17
18 28 -4.361177773787035e-15 4.611147719232612e-05
19 28 5.455869724509833e-05 1.136701931178347e-16
20 28 -4.498678708826707e-15 5.080252017999349e-05
21 28 3.785149374193481e-05 1.325196304267845e-16
22 28 2.377942315448622e-15 5.060737115623295e-05
23 28 2.394714564703183e-05 9.932320749281746e-17
24 28 3.291499815969765e-15 4.731414205879703e-05
25 28 1.372767113312430e-05 2.464251858363405e-17
26 28 3.452361501128141e-15 4.278347079695403e-05
27 28 7.031581435352964e-06 -5.588534716987991e-17
28 28 -6.197299913734106e-15 3.853295802924688e-05
29 28 3.083596314778063e-06 -1.013964980947773e-16
30 28 1.271382210729271e-15 3.559911878856589e-05
31 28 8.372619588995668e-07 -8.889637605150631e-17
32 28 -1.476871088271603e-17 3.456015135821242e-05
33 28 -8.372619589724242e-07 -2.617672216963368e-17
34 28 -1.284542168831180e-15 3.559911878843450e-05
35 28 -3.083596314862000e-06 5.207141289779400e-17
36 28 6.221213209064495e-15 3.853295802905347e-05
37 28 -7.031581435450825e-06 1.035651245417466e-16
38 28 -3.393182317058185e-15 4.278347079679968e-05
39 28 -1.372767113322568e-05 1.020633883121278e-16
0 29 4.034854750442263e-15 -5.998937972652486e-05
1 29 2.629291305959656e-05 5.815178835277921e-17
2 29 -3.072954856931654e-15 -6.530839994606003e-05
3 29 4.626921100126446e-05 1.296165915154083e-16
4 29 -3.732279969260476e-15 -6.523436573538231e-05
5 29 7.037631699211193e-05 1.707541172831390e-16
6 29 -4.174091672451162e-15 -5.696033322071769e-05
7 29 9.442733545275151e-05 1.564100243954684e-16
8 29 1.234966680087972e-15 -3.933234099971417e-05
9 29 1.125278997074610e-04 9.582224055023096e-17
10 29 5.839708343991896e-15 -1.409425897676466e-05
11 29 1.192949310016596e-04 2.386427528480962e-17
12 29 5.840024638311823e-15 1.409425897672254e-05
13 29 1.125278997074436e-04 -1.960037759588319e-17
14 29 1.238561695366247e-15 3.933234099961740e-05
15 29 9.442733545272129e-05 -1.317098304667743e-17
16 29 -4.164808122592503e-15 5.696033322054966e-05
17 29 7.037631699207285e-05 3.232680304511803e-17
18 29 -3.714186228088636e-15 6.523436573517760e-05
19 29 4.626921100121895e-05 7.919203871801705e-17
20 29 -3.034455134599848e-15 6.530839994588775e-05
21 29 2.629291305953441e-05 8.786713082736906e-17
22 29 4.100419683364739e-15 5.998937972644967e-05
23 29 1.221246452296211e-05 3.912309935292705e-17
24 29 4.333216914537535e-15 5.233955347630413e-05
25 29 3.872140101759121e-06 -5.271428341532215e-17
26 29 3.914807136840482e-16 4.482535567687881e-05
27 29 8.081413244322312e-08 -1.465771211974823e-16
28 29 -1.706718356773259e-15 3.907867119795940e-05
29 29 -6.968308931404955e-07 -1.981930411154539e-16
30 29 -1.517943018991800e-15 3.601033161339420e-05
31 29 -1.165414333105656e-16 -1.841272744854361e-16
32 29 1.679173178210760e-15 3.601033161334251e-05
33 29 6.968308929209987e-07 -1.167472658296642e-16
34 29 1.855127593336998e-15 3.907867119783519e-05
35 29 -8.081413262748962e-08 -3.640838235014903e-17
36 29 -2.654803724664325e-16 4.482535567675687e-05
37 29 -3.872140101895974e-06 1.121198518953101e-17
38 29 -4.236248525052055e-15 5.233955347626128e-05
39 29 -1.221246452305499e-05 1.039686753818896e-18
0 30 9.479381228843805e-16 -7.846513241885008e-05
1 30 2.910474421035516e-05 1.355097299840523e-16
2 30 -5.720009801896868e-15 -8.675163047016998e-05
3 30 5.943110076640401e-05 1.993460509601825e-16
4 30 -7.862378425827685e-15 -8.547183340270721e-05
5 30 9.570866546342319e-05 2.148988885678511e-16
6 30 3.654943378330346e-15 -7.010641896847703e-05
7 30 1.296290377985796e-04 1.642171739161957e-16
8 30 3.274550632129312e-15 -3.990935996488541e-05
9 30 1.504739349296969e-04 6.787736458017603e-17
10 30 5.902434758203187e-15 -1.959027027922104e-17
11 30 1.504739349296771e-04 -2.730073078408435e-17
12 30 3.298561340499630e-15 3.990935996482195e-05
13 30 1.296290377985295e-04 -7.769020205703789e-17
14 30 3.686824076362839e-15 7.010641896835560e-05
15 30 9.570866546336581e-05 -6.538557442867086e-17
16 30 -7.837332216960488e-15 8.547183340253205e-05
17 30 5.943110076636482e-05 -1.052321959532897e-17
18 30 -5.706586484463069e-15 8.675163046998286e-05
19 30 2.910474421033428e-05 4.129570863117405e-17
20 30 9.632195895726401e-16 7.846513241870874e-05
21 30 8.372419228310394e-06 4.533132865629915e-17
22 30 3.998775990882415e-15 6.590167929698660e-05
23 30 -2.937502039534204e-06 -1.502173448702980e-17
24 30 2.116350566340835e-15 5.322329330318432e-05
25 30 -6.882188590501916e-06 -1.173824134377641e-16
26 30 -4.574779412397151e-15 4.299418724462465e-05
27 30 -5.923413569671081e-06 -2.143590091001500e-16
28 30 -1.135816057391122e-15 3.651007585198230e-05
29 30 -2.259244195975026e-06 -2.597612787896765e-16
30 30 1.252624431025751e-16 3.430364086514811e-05
31 30 2.259244195708972e-06 -2.352180688894130e-16
32 30 1.364596307020375e-15 3.651007585192638e-05
33 30 5.923413569454184e-06 -1.596083869640911e-16
34 30 4.746085590037423e-15 4.299418724455387e-05
35 30 6.882188590360594e-06 -8.096179622022998e-17
36 30 -2.015231921269728e-15 5.322329330315617e-05
37 30 2.937502039467336e-06 -4.454522245675924e-17
38 30 -3.952497488101276e-15 6.590167929704263e-05
39 30 -8.372419228333586e-06 -6.877411636644443e-17
0 31 -1.656918834253060e-16 -1.066813539518369e-04
1 31 3.329768131265603e-05 1.532874035623801e-16
2 31 9.914431977468811e-16 -1.193486973512800e-04
3 31 8.182998563144874e-05 2.014848189218284e-16
4 31 -3.827424365947028e-15 -1.144295546908125e-04
5 31 1.385582161543103e-04 1.875213743664015e-16
6 31 5.227114976433537e-16 -8.453509153110224e-05
7 31 1.860781750696319e-04 1.055852250438958e-16
8 31 6.468597873607240e-15 -3.138804930309783e-05
9 31 2.048396310743434e-04 -1.073349498175111e-17
10 31 6.490440086354399e-15 3.138804930310397e-05
11 31 1.860781750695804e-04 -1.067288638045053e-16
12 31 5.726561783298908e-16 8.453509153107256e-05
13 31 1.385582161542375e-04 -1.409025346252465e-16
14 31 -3.783603941108767e-15 1.144295546907307e-04
15 31 8.182998563140172e-05 -1.040984227611632e-16
16 31 9.993755554144434e-16 1.193486973511589e-04
17 31 3.329768131266102e-05 -2.879319023687290e-17
18 31 -1.993458151792911e-16 1.066813539517104e-04
19 31 9.651399036763108e-07 3.077361526196347e-17
20 31 1.265313322810196e-15 8.615835111896411e-05
21 31 -1.540324430111396e-05 3.298802300766328e-17
22 31 -2.048486735526417e-15 6.523436573526035e-05
23 31 -1.979660320192642e-05 -3.229353081863504e-17
24 31 -3.876716528995377e-15 4.804461839415503e-05
25 31 -1.658856695900617e-05 -1.344631588764554e-16
26 31 -1.114981915591206e-15 3.628310904716858e-05
27 31 -9.194464905898786e-06 -2.205366560509864e-16
28 31 -1.722705064291946e-15 3.039051513472914e-05
29 31 -9.736854622429362e-17 -2.475969646922121e-16
30 31 1.933638590450106e-15 3.039051513471696e-05
31 31 9.194464905734539e-06 -2.063465957507843e-16
32 31 1.269520241693415e-15 3.628310904714441e-05
33 31 1.658856695891857e-05 -1.261649974811232e-16
34 31 3.944729283463761e-15 4.804461839414927e-05
35 31 1.979660320192127e-05 -5.720426054436285e-17
36 31 2.042029103753374e-15 6.523436573530029e-05
37 31 1.540324430116318e-05 -3.982423417900762e-17
38 31 -1.308868752052140e-15 8.615835111905696e-05
39 31 -9.651399036293562e-07 -8.225755530222159e-17
0 32 -1.038398476716775e-15 -1.517477973372550e-04
1 32 4.088226429780996e-05 1.093930528966908e-16
2 32 5.573610693746988e-15 -1.710100142446195e-04
3 32 1.231019857629566e-04 1.437751885573205e-16
4 32 -3.441958426628282e-15 -1.561052726411117e-04
5 32 2.150014472342116e-04 1.094107253733676e-16
6 32 2.998526117434276e-16 -9.527189362638940e-05
7 32 2.779667832131700e-04 1.696330726967413e-17
8 32 9.206156834339050e-16 4.031995136200102e-17
9 32 2.779667832131366e-04 -9.288826719188107e-17
10 32 3.560471614312456e-16 9.527189362645756e-05
11 32 2.150014472341336e-04 -1.651051238281924e-16
12 32 -3.372663097433751e-15 1.561052726411484e-04
13 32 1.231019857628861e-04 -1.654539399002870e-16
14 32 5.603588408011784e-15 1.710100142446184e-04
15 32 4.088226429779880e-05 -9.718568263778964e-17
16 32 -1.078873607652498e-15 1.517477973372231e-04
17 32 -1.242714693121945e-05 -2.916786480934281e-18
18 32 2.799702033527350e-15 1.176165150311316e-04
19 32 -3.715361410567512e-05 6.296227956550222e-17
20 32 -1.427626845787609e-15 8.305106027947366e-05
21 32 -4.186930557644363e-05 6.346330559681439e-17
22 32 -3.816357344650779e-15 5.502719201893488e-05
23 32 -3.509881172494297e-05 4.363025340219508e-19
24 32 4.987018011554143e-17 3.550556300916366e-05
25 32 -2.263591976458321e-05 -8.848110570437768e-17
26 32 1.905650682645157e-15 2.425369465373697e-05
27 32 -7.759644939521484e-06 -1.525047141266909e-16
28 32 5.403064070012938e-17 2.060205525059809e-05
29 32 7.759644939467750e-06 -1.563171909186072e-16
30 32 -1.828085072696197e-15 2.425369465374145e-05
31 32 2.263591976458378e-05 -1.012817228701389e-16
32 32 -4.741853777218714e-17 3.550556300917781e-05
33 32 3.509881172502077e-05 -2.484922707680964e-17
34 32 3.737205404316831e-15 5.502719201896444e-05
35 32 4.186930557657437e-05 2.625976964017223e-17
36 32 1.305194416906231e-15 8.305106027951756e-05
37 32 3.715361410580472e-05 1.974176799091047e-17
38 32 -2.904145462536770e-15 1.176165150311788e-04
39 32 1.242714693129349e-05 -3.824769792752242e-17
0 33 8.064343569878534e-15 -2.275578634670994e-04
1 33 5.660629074130177e-05 3.535515087452735e-17
2 33 3.099266876460409e-15 -2.568708999900952e-04
3 33 2.057337105103941e-04 6.419925304427000e-17
4 33 -3.710270684095402e-15 -2.145141817595040e-04
5 33 3.585698127018079e-04 3.043098508490833e-17
6 33 -8.857230654312207e-15 -8.508876652942391e-05
7 33 4.253448499854758e-04 -4.976984756689809e-17
8 33 -8.821175113071605e-15 8.508876652954792e-05
9 33 3.585698127017388e-04 -1.319731793608831e-16
10 33 -3.626954079381033e-15 2.145141817596247e-04
11 33 2.057337105103008e-04 -1.687426718924565e-16
12 33 3.169036812249799e-15 2.568708999902068e-04
13 33 5.660629074125043e-05 -1.341317272406421e-16
14 33 8.058167932540917e-15 2.275578634671891e-04
15 33 -3.711521073524159e-05 -4.364585144901682e-17
16 33 2.118795129843642e-15 1.682723399709645e-04
17 33 -7.543914226405029e-05 5.959110773563980e-17
18 33 -4.401661935742984e-15 1.097881875215295e-04
19 33 -7.874798547102317e-05 1.245118079267879e-16
20 33 -2.039635443834984e-15 6.448175025589479e-05
21 33 -6.501557465549180e-05 1.254073103548553e-16
22 33 2.010197399167534e-16 3.384579444057932e-05
23 33 -4.468690018301476e-05 7.120441521215166e-17
24 33 5.082194106281914e-15 1.557896950438953e-05
25 33 -2.248712989893120e-05 1.859619547391006e-18
26 33 -9.758322271223493e-16 7.161955968394186e-06
27 33 2.297266463414983e-17 -3.699906983434908e-17
28 33 9.600616398294711e-16 7.161955968406753e-06
29 33 2.248712989900282e-05 -2.183675394750770e-17
30 33 -5.148681145133357e-15 1.557896950441939e-05
31 33 4.468690018314519e-05 3.704813090823545e-17
32 33 -3.384874978047086e-16 3.384579444060985e-05
33 33 6.501557465567525e-05 1.025151148220326e-16
34 33 1.855703522677757e-15 6.448175025590689e-05
35 33 7.874798547121255e-05 1.318466817652294e-16
36 33 4.229753554386699e-15 1.097881875215091e-04
37 33 7.543914226418540e-05 1.057294352350652e-16
38 33 -2.219733866212547e-15 1.682723399709061e-04
39 33 3.711521073528048e-05 3.621356543489229e-17
0 34 7.054318590082174e-15 -3.641251003819859e-04
1 34 9.324859537376359e-05 -2.222761401737970e-17
2 34 3.638236109028502e-15 -4.079129674471683e-04
3 34 3.878741312419377e-04 1.406722120553167e-17
4 34 -4.029149851722594e-15 -2.858352903156175e-04
5 34 6.394979540580180e-04 -3.734280652632553e-18
6 34 -8.738990837731688e-15 5.495848051751135e-17
7 34 6.394979540579768e-04 -5.866360591681098e-17
8 34 -3.958464799126071e-15 2.858352903157410e-04
9 34 3.878741312418383e-04 -1.105521555932513e-16
10 34 3.731164582730240e-15 4.079129674473202e-04
11 34 9.324859537366795e-05 -1.190924677860537e-16
12 34 7.102448955252499e-15 3.641251003821615e-04
13 34 -8.621360077266097e-05 -6.744200375795778e-17
14 34 2.416734244806100e-15 2.533210288678841e-04
15 34 -1.460999295141092e-04 2.715789815686264e-17
16 34 -6.473440831292984e-15 1.496026476073228e-04
17 34 -1.410909667942250e-04 1.255820423465895e-16
18 34 -1.808936037672408e-15 7.570481199127322e-05
19 34 -1.119193094229237e-04 1.844728265628315e-16
20 34 1.539400634548845e-15 2.947345528035497e-05
21 34 -7.777113554228539e-05 1.858008540987150e-16
22 34 5.374563308759403e-15 3.007836573577623e-06
23 34 -4.511282953357616e-05 1.421418801042661e-16
24 34 3.249174935332254e-16 -1.030102762528750e-05
25 34 -1.472748495943209e-05 9.044379563941481e-17
26 34 -3.303474841872426e-17 -1.432391193670742e-05
27 34 1.472748495951429e-05 6.801414908197990e-17
28 34 -4.163773479445152e-16 -1.030102762524921e-05
29 34 4.511282953369531e-05 9.066091794981407e-17
30 34 -5.521874305633994e-15 3.007836573624511e-06
31 34 7.777113554245447e-05 1.455358365163931e-16
32 34 -1.734478312127345e-15 2.947345528036962e-05
33 34 1.119193094231158e-04 1.979612754081962e-16
34 34 1.612946319502028e-15 7.570481199122260e-05
35 34 1.410909667943833e-04 2.116607412782833e-16
36 34 6.332979464765273e-15 1.496026476072025e-04
37 34 1.460999295141830e-04 1.723652211590351e-16
38 34 -2.459307575850325e-15 2.533210288677187e-04
39 34 8.621360077263429e-05 9.630914106822464e-17
0 35 4.946811529527975e-15 -6.353186656063858e-04
1 35 1.925012826425892e-04 -2.730642384956421e-17
2 35 2.951775521509516e-15 -6.908136666266963e-04
3 35 8.376934321468165e-04 2.195787810255750e-17
4 35 -8.253879136528006e-15 -3.166821595374522e-04
5 35 1.188007544227346e-03 2.291448147323262e-17
6 35 -8.216579325061061e-15 3.166821595374883e-04
7 35 8.376934321467355e-04 -1.140495790918595e-17
8 35 3.036059279010235e-15 6.908136666267867e-04
9 35 1.925012826424690e-04 -5.002503361379811e-17
10 35 5.024191388802375e-15 6.353186656065515e-04
11 35 -1.970102421469903e-04 -5.491786797693453e-17
12 35 5.616699152974175e-17 4.037691769126358e-04
13 35 -2.869111083628937e-04 -8.673995988752197e-18
14 35 -3.609637113077675e-15 2.065990448730918e-04
15 35 -2.498295481400744e-04 7.316934304745160e-17
16 35 -1.407233093020851e-16 8.393047242134893e-05
17 35 -1.845098859571072e-04 1.571028480810823e-16
18 35 -8.244304051316496e-16 1.695235885171683e-05
19 35 -1.243803081205511e-04 2.069050735606906e-16
20 35 1.942112982876053e-15 -1.715182043266380e-05
21 35 -7.551189134648762e-05 2.066326080040430e-16
22 35 7.235397418507377e-15 -3.339835170837536e-05
23 35 -3.549243527724469e-05 1.677278804658507e-16
24 35 3.225846802195734e-15 -3.983266415809827e-05
25 35 1.121979672065337e-17 1.223361928832240e-16
26 35 -3.273484836131827e-15 -3.983266415806606e-05
27 35 3.549243527728601e-05 1.024522962891868e-16
28 35 -7.322954052909657e-15 -3.339835170830336e-05
29 35 7.551189134657244e-05 1.239209385323830e-16
30 35 -2.081239392429725e-15 -1.715182043261027e-05
31 35 1.243803081206752e-04 1.733843057287329e-16
32 35 6.608529700221894e-16 1.695235885169291e-05
33 35 1.845098859572317e-04 2.198913615862003e-16
34 35 3.011226788166037e-18 8.393047242122369e-05
35 35 2.498295481401479e-04 2.296083896494263e-16
36 35 3.541596664121593e-15 2.065990448728902e-04
37 35 2.869111083628845e-04 1.878166689105807e-16
38 35 -3.655172394331200e-17 4.037691769124213e-04
39 35 1.970102421469024e-04 1.089099866641548e-16
0 36 5.235679494919703e-15 -1.259006757045551e-03
1 36 5.314484342413135e-04 2.267054598802463e-17
2 36 7.636257604060387e-16 -1.240126159807637e-03
3 36 2.086831246488447e-03 8.231147900633212e-17
4 36 1.924093360139597e-15 -5.161572203256357e-17
5 36 2.086831246488405e-03 9.026257363475792e-17
6 36 8.117078637666448e-16 1.240126159807580e-03
7 36 5.314484342412071e-04 5.205622681298413e-17
8 36 5.305288327679624e-15 1.259006757045607e-03
9 36 -4.982466550309899e-04 2.332827053672473e-18
10 36 -1.218194746600952e-15 6.862843252240388e-04
11 36 -5.964399667219182e-04 -2.078353244140952e-17
12 36 -4.214053955126633e-15 2.769668965251292e-04
13 36 -4.458733628678003e-04 2.346016407158758e-18
14 36 -4.614956167299008e-15 7.200404689156531e-05
15 36 -2.944920353529657e-04 6.466448161462281e-17
16 36 -2.284036448675871e-15 -1.728007567921668e-05
17 36 -1.853471479160895e-04 1.329814606372194e-16
18 36 8.184243427523625e-16 -5.296269046530970e-05
19 36 -1.112224785299892e-04 1.728754939840040e-16
20 36 2.876458351718726e-15 -6.598353113246053e-05
21 36 -5.909216108604170e-05 1.651816733454256e-16
22 36 1.475464228044216e-15 -7.012890348777275e-05
23 36 -1.851024476605667e-05 1.199483456715087e-16
24 36 1.972011316209622e-17 -7.101112601827638e-05
25 36 1.851024476598466e-05 6.604680623723252e-17
26 36 -1.456574274428041e-15 -7.012890348768621e-05
27 36 5.909216108600605e-05 3.983559578592379e-17
28 36 -2.907420430310791e-15 -6.598353113234771e-05
29 36 1.112224785300010e-04 5.772956685968124e-17
30 36 -8.974906668126716e-16 -5.296269046525550e-05
31 36 1.853471479161341e-04 1.105412358259874e-16
32 36 2.190140356983014e-15 -1.728007567927928e-05
33 36 2.944920353530037e-04 1.639866936072276e-16
34 36 4.551161260935492e-15 7.200404689139234e-05
35 36 4.458733628677922e-04 1.838724842763880e-16
36 36 4.211819188165603e-15 2.769668965249126e-04
37 36 5.964399667218455e-04 1.455129533191560e-16
38 36 1.270239233646052e-15 6.862843252238693e-04
39 36 4.982466550308762e-04 6.592308798733737e-17
0 37 1.648345728864684e-15 -3.066115061214374e-03
1 37 2.138771173292654e-03 9.973673199130954e-17
2 37 5.063670659738562e-15 -2.108139314427110e-03
3 37 5.738235648511844e-03 1.574591244913958e-16
4 37 5.086912223561179e-15 2.108139314426892e-03
5 37 2.138771173292582e-03 1.518724138473503e-16
6 37 1.686184953821700e-15 3.066115061214260e-03
7 37 -1.568859874096171e-03 8.559801460921062e-17
8 37 -2.059863169358004e-15 1.235382663795299e-03
9 37 -1.351119564097685e-03 4.820805763901556e-18
10 37 -1.807680337509616e-15 3.072617914642817e-04
11 37 -7.994788678215423e-04 -4.698082260171052e-17
12 37 -3.763373176988318e-15 -1.411700621650554e-05
13 37 -4.480886507942398e-04 -4.454882166487126e-17
14 37 -2.636022987356421e-15 -1.040750505719402e-04
15 37 -2.533036164300289e-04 3.689516045084618e-18
16 37 -1.352067178945569e-15 -1.195295912100290e-04
17 37 -1.441745631091501e-04 6.240647081388351e-17
18 37 8.700288481536899e-17 -1.147834831893302e-04
19 37 -7.882879960369719e-05 9.261701831044637e-17
20 37 2.756607112920571e-15 -1.074759375005641e-04
21 37 -3.498711698614423e-05 7.077432991255854e-17
22 37 1.962393785978864e-16 -1.030718104130569e-04
23 37 -8.130721313003539e-17 6.435479537575383e-18
24 37 -7.362398636991975e-17 -1.030718104129908e-04
25 37 3.498711698600227e-05 -6.353213248521936e-17
26 37 -2.670902132774135e-15 -1.074759375004045e-04
27 37 7.882879960360436e-05 -9.828824290681886e-17
28 37 -5.858330231976585e-17 -1.147834831891774e-04
29 37 1.441745631091091e-04 -7.548650152635489e-17
30 37 1.333468650007345e-15 -1.195295912099770e-04
31 37 2.533036164300178e-04 -7.707396599885362e-18
32 37 2.602324961083155e-15 -1.040750505720264e-04
33 37 4.480886507942227e-04 6.569783231843006e-17
34 37 3.753720455189698e-15 -1.411700621668156e-05
35 37 7.994788678214974e-04 1.007123099660771e-16
36 37 1.832324562080793e-15 3.072617914641195e-04
37 37 1.351119564097601e-03 7.273619774521617e-17
38 37 2.111005944368144e-15 1.235382663795257e-03
39 37 1.568859874096077e-03 -6.989478324059272e-18
0 38 8.113085407274639e-16 -1.045073397996333e-02
1 38 1.298910452574090e-02 1.610115964297055e-16
2 38 5.225697517336850e-15 -1.699763239220705e-16
3 38 1.298910452574087e-02 2.049922578236005e-16
4 38 8.184728644336467e-16 1.045073397996307e-02
5 38 -6.944132941133716e-03 1.680784679983235e-16
6 38 -3.132867580001640e-15 2.103301492257040e-03
7 38 -3.289879691835247e-03 6.411510129015422e-17
8 38 -1.622332182408976e-15 -9.673444437887233e-06
9 38 -1.353812329084049e-03 -4.793701169780798e-17
10 38 -2.049907640718932e-15 -3.312726861073162e-04
11 38 -6.015393333668109e-04 -1.198822317836540e-16
12 38 5.119420996877134e-16 -3.055870354976621e-04
13 38 -2.938446889287293e-04 -1.238805061695485e-16
14 38 1.085752197704412e-15 -2.399406417174898e-04
15 38 -1.538746124779530e-04 -7.299219019880589e-17
16 38 -1.743323178501562e-16 -1.881356056365550e-04
17 38 -8.247072369954989e-05 -1.305399202931922e-17
18 38 -4.606528106652045e-15 -1.546135431984155e-04
19 38 -4.102575420761651e-05 6.505154240846774e-18
20 38 -3.365906111843796e-15 -1.362743535826411e-04
21 38 -1.246574226171934e-05 -3.627600032598617e-17
22 38 8.574488177155396e-17 -1.304687314704317e-04
23 38 1.246574226153350e-05 -1.247328125754839e-16
24 38 3.518856216603807e-15 -1.362743535824852e-04
25 38 4.102575420746707e-05 -2.123970359511785e-16
26 38 4.710310657122533e-15 -1.546135431981901e-04
27 38 8.247072369945327e-05 -2.475303910731844e-16
28 38 2.211905980109699e-16 -1.881356056363818e-04
29 38 1.538746124778999e-04 -2.083666033489793e-16
30 38 -1.082774277923185e-15 -2.399406417174531e-04
31 38 2.938446889286975e-04 -1.141221391215356e-16
32 38 -5.214169797793626e-16 -3.055870354977587e-04
33 38 6.015393333667731e-04 -1.595407169939548e-17
34 38 2.055533655290073e-15 -3.312726861074567e-04
35 38 1.353812329083995e-03 3.466956718496412e-17
36 38 1.638727330711224e-15 -9.673444437946964e-06
37 38 3.289879691835173e-03 8.267132073158552e-18
38 38 3.169256901002953e-15 2.103301492257148e-03
39 38 6.944132941133646e-03 -7.633251342503840e-17
0 39 9.361359276094249e-16 -5.543171298809326e-02
1 39 1.089996477716908e-01 1.782946185168821e-16
2 39 9.614374146994998e-16 5.543171298809293e-02
3 39 -4.498699902366330e-02 1.990292837777092e-16
4 39 -2.870140728825523e-15 -4.864976212611369e-06
5 39 -6.946934756229478e-03 1.258487689234262e-16
6 39 -2.794048354220238e-15 -2.117884330781657e-03
7 39 -1.574418686364843e-03 -1.579804361930199e-18
8 39 3.607876347801683e-16 -1.254829597249573e-03
9 39 -5.064378310192710e-04 -1.323504628625544e-16
10 39 2.024589574856293e-15 -7.106908247099878e-04
11 39 -2.075736325381886e-04 -1.976508718290682e-16
12 39 6.023545809840596e-15 -4.334260036611769e-04
13 39 -9.868828797346402e-05 -1.817652137668903e-16
14 39 1.463651051053678e-15 -2.888905637313754e-04
15 39 -5.076579472478908e-05 -1.110785788377654e-16
16 39 -1.257327379665585e-15 -2.110558107678338e-04
17 39 -2.615481806441496e-05 -4.375983474161541e-17
18 39 -1.411496733816612e-15 -1.699560685074189e-04
19 39 -1.124732461937609e-05 -3.532389016339813e-17
20 39 -2.629660966646495e-15 -1.520600304159237e-04
21 39 -7.287080072147221e-17 -1.028295680894365e-16
22 39 2.777521952859344e-15 -1.520600304158293e-04
23 39 1.124732461924430e-05 -2.151149895373518e-16
24 39 1.530569462110011e-15 -1.699560685071865e-04
25 39 2.615481806432039e-05 -3.108421401860080e-16
26 39 1.329047752650916e-15 -2.110558107675828e-04
27 39 5.076579472473264e-05 -3.352591953468365e-16
28 39 -1.440805266338487e-15 -2.888905637312262e-04
29 39 9.868828797343435e-05 -2.703994283816829e-16
30 39 -6.030742015054003e-15 -4.334260036611815e-04
31 39 2.075736325381688e-04 -1.464493509357156e-16
32 39 -2.037157132218195e-15 -7.106908247100968e-04
33 39 5.064378310192385e-04 -3.058390422900212e-17
34 39 -3.660891934036103e-16 -1.254829597249669e-03
35 39 1.574418686364800e-03 2.139554707952614e-17
36 39 2.807173201454260e-15 -2.117884330781625e-03
37 39 6.946934756229439e-03 -1.582408262852710e-17
38 39 2.890670263769534e-15 -4.864976212395189e-06
39 39 4.498699902366328e-02 -1.144076296398744e-16
