0 0 -4.900262859736294e-18 1.908780511319931e-16
1 0 3.098186847619325e-01 1.788739010472773e-01
2 0 2.420579072416516e-01 2.453169251057101e-16
3 0 1.465805099163680e-01 3.485411989827192e-02
4 0 1.169895671889196e-01 1.514253824798928e-16
5 0 8.845303347440059e-02 1.132221727724136e-02
6 0 7.343812901296340e-02 -1.258772651223067e-17
7 0 6.009768202842077e-02 5.202766544158518e-03
8 0 5.108509000523688e-02 -1.292777369415917e-16
9 0 4.303663573835262e-02 2.850858037594924e-03
10 0 3.687930105375530e-02 -1.222219945755605e-16
11 0 3.126620093389222e-02 1.706272110134963e-03
12 0 2.663847406224997e-02 -3.081592095905540e-17
13 0 2.233159627417339e-02 1.074692274362919e-03
14 0 1.858550379993021e-02 3.743421253810112e-17
15 0 1.503228478216876e-02 7.077917493225020e-04
16 0 1.180351423899734e-02 1.329139369696590e-17
17 0 8.685627244502749e-03 5.007848064862617e-04
18 0 5.738617763088892e-03 -8.179084123731466e-17
19 0 2.842548886402464e-03 4.065962551480111e-04
20 0 5.875950244772735e-17 -1.566977642079898e-16
21 0 -2.842548886402626e-03 4.065962551480503e-04
22 0 -5.738617763088798e-03 -1.352168879754854e-16
23 0 -8.685627244502850e-03 5.007848064863314e-04
24 0 -1.180351423899730e-02 -1.842848023600919e-17
25 0 -1.503228478216880e-02 7.077917493224974e-04
26 0 -1.858550379993023e-02 1.200092002386129e-16
27 0 -2.233159627417342e-02 1.074692274362761e-03
28 0 -2.663847406224998e-02 1.847321370827095e-16
29 0 -3.126620093389225e-02 1.706272110134691e-03
30 0 -3.687930105375525e-02 1.279395955933566e-16
31 0 -4.303663573835283e-02 2.850858037594695e-03
32 0 -5.108509000523671e-02 -1.610315768463679e-17
33 0 -6.009768202842108e-02 5.202766544158504e-03
34 0 -7.343812901296322e-02 -1.421574721745004e-16
35 0 -8.845303347440088e-02 1.132221727724158e-02
36 0 -1.169895671889195e-01 -1.410147089556395e-16
37 0 -1.465805099163681e-01 3.485411989827228e-02
38 0 -2.420579072416517e-01 1.517092691167539e-17
39 0 -3.098186847619326e-01 1.788739010472775e-01
0 1 1.210289536208259e-01 2.096282968581676e-01
1 1 1.034748082166363e-01 1.095153853381153e-01
2 1 1.136372826174499e-01 6.560851570916232e-02
3 1 8.457551321250148e-02 4.882969532008843e-02
4 1 7.958340082200092e-02 2.757122680408741e-02
5 1 6.255842874031139e-02 2.433559100989789e-02
6 1 5.669365761981170e-02 1.404168256681951e-02
7 1 4.634263016062051e-02 1.351899911685099e-02
8 1 4.140289736254078e-02 8.008916437863662e-03
9 1 3.444002983047684e-02 8.080542604802518e-03
10 1 3.037322376498064e-02 4.878074670639240e-03
11 1 2.525654189256520e-02 5.056628184588925e-03
12 1 2.180979599492636e-02 3.097114545534848e-03
13 1 1.777135748806775e-02 3.276230699584885e-03
14 1 1.472572125424037e-02 2.045663818888494e-03
15 1 1.134055812193037e-02 2.226209712793983e-03
16 1 8.522760681242393e-03 1.447069494588021e-03
17 1 5.527117187509964e-03 1.667250347599593e-03
18 1 2.791335488526334e-03 1.173439094247510e-03
19 1 -1.355362845102600e-16 1.491331142245804e-03
20 1 -2.791335488526093e-03 1.173439094247460e-03
21 1 -5.527117187510194e-03 1.667250347599691e-03
22 1 -8.522760681242225e-03 1.447069494587919e-03
23 1 -1.134055812193050e-02 2.226209712794087e-03
24 1 -1.472572125424030e-02 2.045663818888457e-03
25 1 -1.777135748806778e-02 3.276230699584875e-03
26 1 -2.180979599492635e-02 3.097114545534967e-03
27 1 -2.525654189256523e-02 5.056628184588745e-03
28 1 -3.037322376498058e-02 4.878074670639488e-03
29 1 -3.444002983047694e-02 8.080542604802263e-03
30 1 -4.140289736254062e-02 8.008916437863894e-03
31 1 -4.634263016062074e-02 1.351899911685085e-02
32 1 -5.669365761981146e-02 1.404168256681954e-02
33 1 -6.255842874031170e-02 2.433559100989802e-02
34 1 -7.958340082200070e-02 2.757122680408721e-02
35 1 -8.457551321250165e-02 4.882969532008868e-02
36 1 -1.136372826174498e-01 6.560851570916207e-02
37 1 -1.034748082166364e-01 1.095153853381155e-01
38 1 -1.210289536208259e-01 2.096282968581676e-01
39 1 -5.878645436559748e-17 2.154956041891100e-01
0 2 5.849478359445991e-02 1.013159371633508e-01
1 2 5.403184452645842e-02 7.094146539200560e-02
2 2 6.366908323684263e-02 5.513563342936839e-02
3 2 5.235445440083549e-02 4.200939300499935e-02
4 2 5.307268525601712e-02 3.064152911917768e-02
5 2 4.352725916508800e-02 2.513047479605022e-02
6 2 4.157974326011063e-02 1.802842303978923e-02
7 2 3.439574546107370e-02 1.551376170860011e-02
8 2 3.180636847134911e-02 1.110531834993264e-02
9 2 2.634242479635678e-02 9.836736471044324e-03
10 2 2.370250564506204e-02 7.057098690504610e-03
11 2 1.938764203242560e-02 6.365294947603670e-03
12 2 1.683334744309630e-02 4.601850093178354e-03
13 2 1.327952182514315e-02 4.226767328837586e-03
14 2 1.079940536724901e-02 3.127948780032093e-03
15 2 7.747440204188740e-03 2.978433344933706e-03
16 2 5.277969975352552e-03 2.335365274361268e-03
17 2 2.546528668035300e-03 2.400146823989217e-03
18 2 1.412325979286129e-16 2.084760702288381e-03
19 2 -2.546528668035548e-03 2.400146823989274e-03
20 2 -5.277969975352321e-03 2.335365274361162e-03
21 2 -7.747440204188901e-03 2.978433344933844e-03
22 2 -1.079940536724889e-02 3.127948780031960e-03
23 2 -1.327952182514319e-02 4.226767328837708e-03
24 2 -1.683334744309629e-02 4.601850093178309e-03
25 2 -1.938764203242557e-02 6.365294947603675e-03
26 2 -2.370250564506210e-02 7.057098690504726e-03
27 2 -2.634242479635671e-02 9.836736471044182e-03
28 2 -3.180636847134910e-02 1.110531834993284e-02
29 2 -3.439574546107371e-02 1.551376170859993e-02
30 2 -4.157974326011057e-02 1.802842303978937e-02
31 2 -4.352725916508803e-02 2.513047479605016e-02
32 2 -5.307268525601701e-02 3.064152911917766e-02
33 2 -5.235445440083557e-02 4.200939300499949e-02
34 2 -6.366908323684248e-02 5.513563342936821e-02
35 2 -5.403184452645853e-02 7.094146539200580e-02
36 2 -5.849478359445980e-02 1.013159371633506e-01
37 2 -2.584229688255825e-02 1.080975261819372e-01
38 2 4.742249643516546e-17 1.312170314183244e-01
39 2 2.584229688255815e-02 1.080975261819371e-01
0 3 3.671906450648171e-02 6.359928533162530e-02
1 3 3.455456901141144e-02 4.944473607309275e-02
2 3 4.050728262464864e-02 4.207730644880422e-02
3 3 3.487911174924263e-02 3.337439543885891e-02
4 3 3.640294397268545e-02 2.699490242619587e-02
5 3 3.063318447844289e-02 2.203070849709311e-02
6 3 3.009990687825960e-02 1.737818933874586e-02
7 3 2.508894433545897e-02 1.448510876576071e-02
8 3 2.367993391714097e-02 1.128120792205444e-02
9 3 1.948564522613918e-02 9.519082614910818e-03
10 3 1.771236427887929e-02 7.379026561687174e-03
11 3 1.419036096628196e-02 6.276324386653355e-03
12 3 1.225029211822145e-02 4.904248162420115e-03
13 3 9.239772137964399e-03 4.238110881453716e-03
14 3 7.186340731340351e-03 3.433495836754528e-03
15 3 4.551143284548959e-03 3.112114974927538e-03
16 3 2.367977583756677e-03 2.745477738256180e-03
17 3 -6.863519025498286e-17 2.751604310239693e-03
18 3 -2.367977583756501e-03 2.745477738256132e-03
19 3 -4.551143284549063e-03 3.112114974927621e-03
20 3 -7.186340731340257e-03 3.433495836754399e-03
21 3 -9.239772137964435e-03 4.238110881453860e-03
22 3 -1.225029211822147e-02 4.904248162419973e-03
23 3 -1.419036096628190e-02 6.276324386653492e-03
24 3 -1.771236427887940e-02 7.379026561687112e-03
25 3 -1.948564522613905e-02 9.519082614910856e-03
26 3 -2.367993391714115e-02 1.128120792205452e-02
27 3 -2.508894433545877e-02 1.448510876576063e-02
28 3 -3.009990687825979e-02 1.737818933874600e-02
29 3 -3.063318447844264e-02 2.203070849709300e-02
30 3 -3.640294397268561e-02 2.699490242619596e-02
31 3 -3.487911174924244e-02 3.337439543885891e-02
32 3 -4.050728262464875e-02 4.207730644880425e-02
33 3 -3.455456901141132e-02 4.944473607309285e-02
34 3 -3.671906450648180e-02 6.359928533162514e-02
35 3 -2.338942543480944e-02 6.775205643379846e-02
36 3 -1.591431758515834e-02 8.270686023345564e-02
37 3 -1.093369192916421e-17 7.678311955665724e-02
38 3 1.591431758515833e-02 8.270686023345566e-02
39 3 2.338942543480946e-02 6.775205643379832e-02
0 4 2.554254500261832e-02 4.424098569914962e-02
1 4 2.398723335231663e-02 3.584539082403330e-02
2 4 2.763737377324700e-02 3.185150268730810e-02
3 4 2.421797008736001e-02 2.578566943788561e-02
4 4 2.552067204382960e-02 2.199246392335040e-02
5 4 2.169007607243580e-02 1.789484083540386e-02
6 4 2.160977960444379e-02 1.486682037115371e-02
7 4 1.798658997830525e-02 1.211552246751197e-02
8 4 1.714867862485006e-02 9.900794220303655e-03
9 4 1.391790924800480e-02 8.035508650892307e-03
10 4 1.265942792490455e-02 6.528960281662522e-03
11 4 9.831675328014910e-03 5.273181896223882e-03
12 4 8.310866963859716e-03 4.354207421206065e-03
13 4 5.838491219609232e-03 3.561843357147589e-03
14 4 4.111532379603370e-03 3.133727644252116e-03
15 4 1.934627477496442e-03 2.742551131802732e-03
16 4 1.293659871512849e-17 2.740039233625607e-03
17 4 -1.934627477496416e-03 2.742551131802742e-03
18 4 -4.111532379603362e-03 3.133727644252067e-03
19 4 -5.838491219609206e-03 3.561843357147645e-03
20 4 -8.310866963859747e-03 4.354207421205952e-03
21 4 -9.831675328014884e-03 5.273181896224011e-03
22 4 -1.265942792490465e-02 6.528960281662382e-03
23 4 -1.391790924800472e-02 8.035508650892453e-03
24 4 -1.714867862485027e-02 9.900794220303573e-03
25 4 -1.798658997830506e-02 1.211552246751203e-02
26 4 -2.160977960444410e-02 1.486682037115375e-02
27 4 -2.169007607243547e-02 1.789484083540381e-02
28 4 -2.552067204382997e-02 2.199246392335053e-02
29 4 -2.421797008735959e-02 2.578566943788553e-02
30 4 -2.763737377324739e-02 3.185150268730817e-02
31 4 -2.398723335231629e-02 3.584539082403326e-02
32 4 -2.554254500261859e-02 4.424098569914963e-02
33 4 -1.868534460480776e-02 4.674571534486299e-02
34 4 -1.618637499516303e-02 5.611898901562379e-02
35 4 -7.222497583618052e-03 5.449977605423601e-02
36 4 -2.255669947853320e-17 6.128305823835536e-02
37 4 7.222497583618047e-03 5.449977605423598e-02
38 4 1.618637499516291e-02 5.611898901562382e-02
39 4 1.868534460480791e-02 4.674571534486292e-02
0 5 1.843965052687747e-02 3.193841158636630e-02
1 5 1.711077546009197e-02 2.622418823351195e-02
2 5 1.941114846882116e-02 2.386494603998282e-02
3 5 1.700743941162912e-02 1.934449279841285e-02
4 5 1.796287956552180e-02 1.699842267671555e-02
5 5 1.520632814341840e-02 1.360754304575759e-02
6 5 1.524660659706081e-02 1.164984414575003e-02
7 5 1.253063684437459e-02 9.151050892344510e-03
8 5 1.198395942667160e-02 7.698906039514257e-03
9 5 9.482547144913518e-03 5.877889647709693e-03
10 5 8.550406136944881e-03 4.936579284845736e-03
11 5 6.320971251314796e-03 3.649414453486523e-03
12 5 5.107202492143825e-03 3.188233317301714e-03
13 5 3.152757838316209e-03 2.355686804990207e-03
14 5 1.696806506519419e-03 2.340912318367986e-03
15 5 7.472855293111183e-17 1.931506211707403e-03
16 5 -1.696806506519533e-03 2.340912318368001e-03
17 5 -3.152757838316097e-03 2.355686804990169e-03
18 5 -5.107202492143908e-03 3.188233317301714e-03
19 5 -6.320971251314766e-03 3.649414453486539e-03
20 5 -8.550406136944924e-03 4.936579284845651e-03
21 5 -9.482547144913558e-03 5.877889647709815e-03
22 5 -1.198395942667166e-02 7.698906039514114e-03
23 5 -1.253063684437461e-02 9.151050892344675e-03
24 5 -1.524660659706096e-02 1.164984414574993e-02
25 5 -1.520632814341827e-02 1.360754304575766e-02
26 5 -1.796287956552208e-02 1.699842267671558e-02
27 5 -1.700743941162880e-02 1.934449279841281e-02
28 5 -1.941114846882158e-02 2.386494603998294e-02
29 5 -1.711077546009161e-02 2.622418823351186e-02
30 5 -1.843965052687782e-02 3.193841158636637e-02
31 5 -1.447562920098453e-02 3.349764041598774e-02
32 5 -1.376552358929361e-02 3.986041912517191e-02
33 5 -8.482713045708690e-03 3.943469226803032e-02
34 5 -5.176799287425074e-03 4.502332546598520e-02
35 5 -9.006033878310077e-17 4.178329666782878e-02
36 5 5.176799287425110e-03 4.502332546598518e-02
37 5 8.482713045708632e-03 3.943469226803032e-02
38 5 1.376552358929347e-02 3.986041912517188e-02
39 5 1.447562920098474e-02 3.349764041598775e-02
0 6 1.331923703112485e-02 2.306959525596132e-02
1 6 1.209650894793593e-02 1.880238354331061e-02
2 6 1.358707787232658e-02 1.733928011019495e-02
3 6 1.172297775853285e-02 1.375233169460893e-02
4 6 1.240199280664838e-02 1.227718146986215e-02
5 6 1.030024879523098e-02 9.387019586264960e-03
6 6 1.037234955422972e-02 8.156940096950078e-03
7 6 8.290197756376343e-03 5.882821955929950e-03
8 6 7.926287722041061e-03 5.020318207572314e-03
9 6 6.003892441395263e-03 3.275360037380245e-03
10 6 5.314692292047138e-03 2.828850441816845e-03
11 6 3.616463535639445e-03 1.552524977467268e-03
12 6 2.658910673888498e-03 1.535122793320721e-03
13 6 1.205993545837340e-03 6.962806983300769e-04
14 6 -9.019518746627280e-17 1.107438603339472e-03
15 6 -1.205993545837173e-03 6.962806983300139e-04
16 6 -2.658910673888636e-03 1.535122793320804e-03
17 6 -3.616463535639373e-03 1.552524977467164e-03
18 6 -5.314692292047165e-03 2.828850441816890e-03
19 6 -6.003892441395346e-03 3.275360037380246e-03
20 6 -7.926287722040969e-03 5.020318207572223e-03
21 6 -8.290197756376542e-03 5.882821955930088e-03
22 6 -1.037234955422960e-02 8.156940096949923e-03
23 6 -1.030024879523115e-02 9.387019586265111e-03
24 6 -1.240199280664836e-02 1.227718146986207e-02
25 6 -1.172297775853288e-02 1.375233169460898e-02
26 6 -1.358707787232673e-02 1.733928011019502e-02
27 6 -1.209650894793581e-02 1.880238354331055e-02
28 6 -1.331923703112507e-02 2.306959525596144e-02
29 6 -1.087987176032478e-02 2.406955238144060e-02
30 6 -1.096207529615927e-02 2.874302071062219e-02
31 6 -7.707836982658231e-03 2.866630344404601e-02
32 6 -6.285696427519243e-03 3.309778227328315e-02
33 6 -2.804969902184310e-03 3.141542168122095e-02
34 6 1.501258315469105e-16 3.475637867749179e-02
35 6 2.804969902183952e-03 3.141542168122096e-02
36 6 6.285696427519415e-03 3.309778227328308e-02
37 6 7.707836982658094e-03 2.866630344404609e-02
38 6 1.096207529615919e-02 2.874302071062210e-02
39 6 1.087987176032487e-02 2.406955238144069e-02
0 7 9.292751899965108e-03 1.609551843287179e-02
1 7 8.129108026586635e-03 1.266444462361908e-02
2 7 9.134457461880378e-03 1.173001678577645e-02
3 7 7.598233226396311e-03 8.708106570288567e-03
4 7 8.108585788868940e-03 7.788585003787692e-03
5 7 6.453119042285532e-03 5.220263358661450e-03
6 7 6.566664984087757e-03 4.506805715214326e-03
7 7 4.970742270059700e-03 2.385348213218616e-03
8 7 4.769653938265561e-03 1.993827667092689e-03
9 7 3.342432690067210e-03 3.041609764700108e-04
10 7 2.875692788998250e-03 2.990213807685419e-04
11 7 1.672733446906168e-03 -9.657531058536770e-04
12 7 9.590699636234080e-04 -5.537193016696986e-04
13 7 5.743077234003953e-17 -1.392561396660220e-03
14 7 -9.590699636235463e-04 -5.537193016696194e-04
15 7 -1.672733446906086e-03 -9.657531058538245e-04
16 7 -2.875692788998304e-03 2.990213807686887e-04
17 7 -3.342432690067237e-03 3.041609764698780e-04
18 7 -4.769653938265463e-03 1.993827667092735e-03
19 7 -4.970742270059885e-03 2.385348213218634e-03
20 7 -6.566664984087510e-03 4.506805715214223e-03
21 7 -6.453119042285844e-03 5.220263358661594e-03
22 7 -8.108585788868658e-03 7.788585003787549e-03
23 7 -7.598233226396597e-03 8.708106570288688e-03
24 7 -9.134457461880217e-03 1.173001678577640e-02
25 7 -8.129108026586770e-03 1.266444462361908e-02
26 7 -9.292751899965099e-03 1.609551843287186e-02
27 7 -7.728881270451701e-03 1.675929152826958e-02
28 7 -8.222718122599669e-03 2.043639465572983e-02
29 7 -6.159598699826027e-03 2.046750712351901e-02
30 7 -5.739626079539983e-03 2.405552136722017e-02
31 7 -3.444239286921015e-03 2.311300679407762e-02
32 7 -2.070154312696883e-03 2.614802829320812e-02
33 7 -2.374313577648695e-16 2.407980923212257e-02
34 7 2.070154312697321e-03 2.614802829320811e-02
35 7 3.444239286920656e-03 2.311300679407766e-02
36 7 5.739626079540205e-03 2.405552136722008e-02
37 7 6.159598699825891e-03 2.046750712351907e-02
38 7 8.222718122599691e-03 2.043639465572973e-02
39 7 7.728881270451665e-03 1.675929152826965e-02
0 8 5.901757119498775e-03 1.022214318490304e-02
1 8 4.776505986497573e-03 7.271581438298464e-03
2 8 5.514579283976098e-03 6.657392513037105e-03
3 8 4.207439749244512e-03 3.952998720277416e-03
4 8 4.661470642389252e-03 3.403173441886200e-03
5 8 3.351852456404829e-03 1.005285105989346e-03
6 8 3.561642258732813e-03 6.779898739972202e-04
7 8 2.382959233830382e-03 -1.375802155119826e-03
8 8 2.372943583685738e-03 -1.370019616812862e-03
9 8 1.407805212570816e-03 -3.046712108272624e-03
10 8 1.178886282478770e-03 -2.639933699136625e-03
11 8 4.637056973232626e-04 -3.908211782457371e-03
12 8 -2.793382585608099e-17 -3.070245586641446e-03
13 8 -4.637056973232587e-04 -3.908211782457472e-03
14 8 -1.178886282478819e-03 -2.639933699136463e-03
15 8 -1.407805212570799e-03 -3.046712108272819e-03
16 8 -2.372943583685732e-03 -1.370019616812700e-03
17 8 -2.382959233830419e-03 -1.375802155119939e-03
18 8 -3.561642258732672e-03 6.779898739972421e-04
19 8 -3.351852456405007e-03 1.005285105989391e-03
20 8 -4.661470642388967e-03 3.403173441886097e-03
21 8 -4.207439749244796e-03 3.952998720277531e-03
22 8 -5.514579283975801e-03 6.657392513037000e-03
23 8 -4.776505986497813e-03 7.271581438298536e-03
24 8 -5.901757119498608e-03 1.022214318490303e-02
25 8 -4.851540969707207e-03 1.069297296693626e-02
26 8 -5.591263792360054e-03 1.377568060466484e-02
27 8 -4.256659218326906e-03 1.385888853079317e-02
28 8 -4.431354636447851e-03 1.687903156304040e-02
29 8 -2.940103680275508e-03 1.633800006248735e-02
30 8 -2.465757681818277e-03 1.902887070743712e-02
31 8 -1.052926456580751e-03 1.771099922106845e-02
32 8 2.054721131450483e-16 1.980158844060723e-02
33 8 1.052926456580454e-03 1.771099922106846e-02
34 8 2.465757681818585e-03 1.902887070743709e-02
35 8 2.940103680275357e-03 1.633800006248740e-02
36 8 4.431354636447967e-03 1.687903156304030e-02
37 8 4.256659218326861e-03 1.385888853079323e-02
38 8 5.591263792360112e-03 1.377568060466478e-02
39 8 4.851540969707109e-03 1.069297296693628e-02
0 9 2.869308881544569e-03 4.969788765443609e-03
1 9 1.773397129242829e-03 2.258421419549745e-03
2 9 2.411895809675468e-03 1.830647896425050e-03
3 9 1.291530654639599e-03 -7.456655711229614e-04
4 9 1.805455728993294e-03 -1.042380351144152e-03
5 9 8.053237883695693e-04 -3.405431929978676e-03
6 9 1.193664674976094e-03 -3.423467612253406e-03
7 9 4.195989855108697e-04 -5.497463188146131e-03
8 9 6.581215586620976e-04 -5.127555311344925e-03
9 9 1.654012217860982e-04 -6.837203394527686e-03
10 9 2.074897999032875e-04 -6.017083759118707e-03
11 9 -5.686645715129150e-17 -7.298828906972915e-03
12 9 -2.074897999032532e-04 -6.017083759118616e-03
13 9 -1.654012217861413e-04 -6.837203394527844e-03
14 9 -6.581215586621333e-04 -5.127555311344728e-03
15 9 -4.195989855108012e-04 -5.497463188146307e-03
16 9 -1.193664674976141e-03 -3.423467612253277e-03
17 9 -8.053237883695081e-04 -3.405431929978735e-03
18 9 -1.805455728993230e-03 -1.042380351144160e-03
19 9 -1.291530654639666e-03 -7.456655711229059e-04
20 9 -2.411895809675287e-03 1.830647896424969e-03
21 9 -1.773397129242976e-03 2.258421419549820e-03
22 9 -2.869308881544406e-03 4.969788765443557e-03
23 9 -2.099316817810051e-03 5.352544329119792e-03
24 9 -3.008181397266451e-03 8.104462007625010e-03
25 9 -2.118774498567366e-03 8.251087351518442e-03
26 9 -2.690819578380216e-03 1.091653378381961e-02
27 9 -1.741056191134243e-03 1.064447215202725e-02
28 9 -1.877942563991767e-03 1.306118825937010e-02
29 9 -9.861422288656337e-04 1.223312655343830e-02
30 9 -6.754684982328856e-04 1.422786632117677e-02
31 9 -1.123093741773610e-17 1.279105346321726e-02
32 9 6.754684982330092e-04 1.422786632117677e-02
33 9 9.861422288656699e-04 1.223312655343830e-02
34 9 1.877942563991767e-03 1.306118825937006e-02
35 9 1.741056191134364e-03 1.064447215202727e-02
36 9 2.690819578380143e-03 1.091653378381958e-02
37 9 2.118774498567448e-03 8.251087351518466e-03
38 9 3.008181397266467e-03 8.104462007624996e-03
39 9 2.099316817809982e-03 5.352544329119770e-03
0 10 7.544322921138548e-17 3.567368391713364e-17
1 10 -1.069151757159598e-03 -2.665017674697783e-03
2 10 -3.794396788509067e-04 -3.004086990672464e-03
3 10 -1.319677438265257e-03 -5.620249067877197e-03
4 10 -6.164993329634988e-04 -5.738538716247326e-03
5 10 -1.294321161902928e-03 -8.198696703595304e-03
6 10 -6.196757472528243e-04 -7.940301551968839e-03
7 10 -9.495743815878808e-04 -1.012093283738365e-02
8 10 -3.845792418187515e-04 -9.374525628778493e-03
9 10 -3.491281831014083e-04 -1.115107154393344e-02
10 10 6.183488045799992e-17 -9.873158569691610e-03
11 10 3.491281831012505e-04 -1.115107154393351e-02
12 10 3.845792418187820e-04 -9.374525628778373e-03
13 10 9.495743815879110e-04 -1.012093283738378e-02
14 10 6.196757472526928e-04 -7.940301551968678e-03
15 10 1.294321161903117e-03 -8.198696703595390e-03
16 10 6.164993329633351e-04 -5.738538716247262e-03
17 10 1.319677438265414e-03 -5.620249067877194e-03
18 10 3.794396788508605e-04 -3.004086990672486e-03
19 10 1.069151757159618e-03 -2.665017674697734e-03
20 10 -3.109482130716620e-17 -6.752097049974232e-18
21 10 6.652586755743189e-04 3.840872754235877e-04
22 10 -3.794396788509611e-04 3.004086990672489e-03
23 10 2.590590015814027e-04 3.257115522992966e-03
24 10 -6.164993329634785e-04 5.738538716247305e-03
25 10 -2.313279600748245e-05 5.700530607240046e-03
26 10 -6.196757472527860e-04 7.940301551968759e-03
27 10 -1.215247247635705e-04 7.485199806685765e-03
28 10 -3.845792418187769e-04 9.374525628778437e-03
29 10 -6.124232043823807e-05 8.429034615144685e-03
30 10 -6.665909426477175e-17 9.873158569691620e-03
31 10 6.124232043845510e-05 8.429034615144673e-03
32 10 3.845792418185912e-04 9.374525628778437e-03
33 10 1.215247247638421e-04 7.485199806685747e-03
34 10 6.196757472525350e-04 7.940301551968754e-03
35 10 2.313279600773575e-05 5.700530607240042e-03
36 10 6.164993329632915e-04 5.738538716247291e-03
37 10 -2.590590015812904e-04 3.257115522992973e-03
38 10 3.794396788509310e-04 3.004086990672498e-03
39 10 -6.652586755743322e-04 3.840872754235612e-04
0 11 -2.869308881544439e-03 -4.969788765443513e-03
1 11 -3.909121258004969e-03 -7.772366244784868e-03
2 11 -3.008181397266572e-03 -8.104462007624923e-03
3 11 -3.742324895533727e-03 -1.093431628308279e-02
4 11 -2.690819578380406e-03 -1.091653378381958e-02
5 11 -2.979273029911903e-03 -1.361378691510269e-02
6 11 -1.877942563991938e-03 -1.306118825937016e-02
7 11 -1.659724121907308e-03 -1.542737527899784e-02
8 11 -6.754684982329441e-04 -1.422786632117687e-02
9 11 -1.099244167345211e-16 -1.607101730178452e-02
10 11 6.754684982330716e-04 -1.422786632117683e-02
11 11 1.659724121907214e-03 -1.542737527899789e-02
12 11 1.877942563991867e-03 -1.306118825937008e-02
13 11 2.979273029912047e-03 -1.361378691510273e-02
14 11 2.690819578380169e-03 -1.091653378381954e-02
15 11 3.742324895533966e-03 -1.093431628308278e-02
16 11 3.008181397266365e-03 -8.104462007624925e-03
17 11 3.909121258005096e-03 -7.772366244784817e-03
18 11 2.869308881544376e-03 -4.969788765443542e-03
19 11 3.585780954995045e-03 -4.494333859375269e-03
20 11 2.411895809675273e-03 -1.830647896425022e-03
21 11 2.950274286763186e-03 -1.404206085047881e-03
22 11 1.805455728993152e-03 1.042380351144102e-03
23 11 2.180045159535013e-03 1.258649659703133e-03
24 11 1.193664674976004e-03 3.423467612253294e-03
25 11 1.403454477304128e-03 3.306659150512981e-03
26 11 6.581215586620189e-04 5.127555311344840e-03
27 11 6.789707105602572e-04 4.597375761752622e-03
28 11 2.074897999031766e-04 6.017083759118746e-03
29 11 1.054845904490719e-16 5.038417490629064e-03
30 11 -2.074897999034103e-04 6.017083759118757e-03
31 11 -6.789707105600157e-04 4.597375761752587e-03
32 11 -6.581215586623079e-04 5.127555311344860e-03
33 11 -1.403454477303870e-03 3.306659150512962e-03
34 11 -1.193664674976276e-03 3.423467612253293e-03
35 11 -2.180045159534848e-03 1.258649659703145e-03
36 11 -1.805455728993287e-03 1.042380351144088e-03
37 11 -2.950274286763164e-03 -1.404206085047868e-03
38 11 -2.411895809675291e-03 -1.830647896425019e-03
39 11 -3.585780954995049e-03 -4.494333859375295e-03
0 12 -5.901757119498727e-03 -1.022214318490290e-02
1 12 -6.903176755581937e-03 -1.337223637294181e-02
2 12 -5.591263792360275e-03 -1.377568060466467e-02
3 12 -6.048379729534693e-03 -1.702856239419405e-02
4 12 -4.431354636448131e-03 -1.687903156304032e-02
5 12 -4.181313889007159e-03 -1.997283799336135e-02
6 12 -2.465757681818515e-03 -1.902887070743720e-02
7 12 -1.499055247834012e-03 -2.163460508242272e-02
8 12 8.265771830121300e-17 -1.980158844060739e-02
9 12 1.499055247833819e-03 -2.163460508242273e-02
10 12 2.465757681818565e-03 -1.902887070743720e-02
11 12 4.181313889007162e-03 -1.997283799336131e-02
12 12 4.431354636447966e-03 -1.687903156304035e-02
13 12 6.048379729534870e-03 -1.702856239419398e-02
14 12 5.591263792360039e-03 -1.377568060466472e-02
15 12 6.903176755582081e-03 -1.337223637294171e-02
16 12 5.901757119498617e-03 -1.022214318490294e-02
17 12 6.834615746493473e-03 -9.548044210735537e-03
18 12 5.514579283975897e-03 -6.657392513037040e-03
19 12 6.086264005975677e-03 -5.960456216409129e-03
20 12 4.661470642389057e-03 -3.403173441886234e-03
21 12 4.925237922916775e-03 -2.870298892623005e-03
22 12 3.561642258732664e-03 -6.779898739973585e-04
23 12 3.565378064652543e-03 -4.379023448560958e-04
24 12 2.372943583685645e-03 1.370019616812720e-03
25 12 2.140990449848197e-03 1.236101412552248e-03
26 12 1.178886282478730e-03 2.639933699136615e-03
27 12 7.121463814097420e-04 2.088842094990290e-03
28 12 -4.433446990157999e-17 3.070245586641594e-03
29 12 -7.121463814097011e-04 2.088842094990267e-03
30 12 -1.178886282478854e-03 2.639933699136642e-03
31 12 -2.140990449848114e-03 1.236101412552208e-03
32 12 -2.372943583685803e-03 1.370019616812739e-03
33 12 -3.565378064652483e-03 -4.379023448560953e-04
34 12 -3.561642258732748e-03 -6.779898739973787e-04
35 12 -4.925237922916822e-03 -2.870298892622964e-03
36 12 -4.661470642389025e-03 -3.403173441886271e-03
37 12 -6.086264005975785e-03 -5.960456216409103e-03
38 12 -5.514579283975855e-03 -6.657392513037039e-03
39 12 -6.834615746493495e-03 -9.548044210735584e-03
0 13 -9.292751899965191e-03 -1.609551843287159e-02
1 13 -1.023508732623747e-02 -1.987707581767375e-02
2 13 -8.222718122599858e-03 -2.043639465572956e-02
3 13 -8.249102480936148e-03 -2.440112098300190e-02
4 13 -5.739626079540220e-03 -2.405552136722009e-02
5 13 -4.652348723921138e-03 -2.773157730644818e-02
6 13 -2.070154312697079e-03 -2.614802829320822e-02
7 13 -1.138201510737615e-16 -2.897021753152128e-02
8 13 2.070154312697220e-03 -2.614802829320827e-02
9 13 4.652348723921014e-03 -2.773157730644807e-02
10 13 5.739626079540188e-03 -2.405552136722020e-02
11 13 8.249102480936198e-03 -2.440112098300175e-02
12 13 8.222718122599689e-03 -2.043639465572972e-02
13 13 1.023508732623758e-02 -1.987707581767358e-02
14 13 9.292751899965077e-03 -1.609551843287170e-02
15 13 1.064953157768498e-02 -1.507305328717974e-02
16 13 9.134457461880291e-03 -1.173001678577634e-02
17 13 9.873819926720196e-03 -1.061581928372083e-02
18 13 8.108585788868836e-03 -7.788585003787656e-03
19 13 8.347855197964387e-03 -6.830034966951988e-03
20 13 6.566664984087652e-03 -4.506805715214422e-03
21 13 6.421610822610386e-03 -3.847843402176048e-03
22 13 4.769653938265500e-03 -1.993827667092858e-03
23 13 4.320929555700729e-03 -1.710681997105624e-03
24 13 2.875692788998266e-03 -2.990213807686398e-04
25 13 2.165063509460798e-03 -4.276841899812212e-04
26 13 9.590699636235150e-04 5.537193016697709e-04
27 13 -7.917726122743684e-17 -6.434238679601263e-17
28 13 -9.590699636234035e-04 5.537193016697925e-04
29 13 -2.165063509460926e-03 -4.276841899812643e-04
30 13 -2.875692788998206e-03 -2.990213807686068e-04
31 13 -4.320929555700828e-03 -1.710681997105645e-03
32 13 -4.769653938265441e-03 -1.993827667092870e-03
33 13 -6.421610822610523e-03 -3.847843402175998e-03
34 13 -6.566664984087525e-03 -4.506805715214487e-03
35 13 -8.347855197964601e-03 -6.830034966951907e-03
36 13 -8.108585788868665e-03 -7.788585003787710e-03
37 13 -9.873819926720364e-03 -1.061581928372081e-02
38 13 -9.134457461880231e-03 -1.173001678577631e-02
39 13 -1.064953157768500e-02 -1.507305328717983e-02
0 14 -1.331923703112504e-02 -2.306959525596112e-02
1 14 -1.415542547380042e-02 -2.793046034364698e-02
2 14 -1.096207529615932e-02 -2.874302071062198e-02
3 14 -1.022205974311709e-02 -3.386621204268811e-02
4 14 -6.285696427519341e-03 -3.309778227328310e-02
5 14 -3.762560982631031e-03 -3.754447020569309e-02
6 14 8.313977778786854e-17 -3.475637867749193e-02
7 14 3.762560982630821e-03 -3.754447020569301e-02
8 14 6.285696427519417e-03 -3.309778227328324e-02
9 14 1.022205974311702e-02 -3.386621204268795e-02
10 14 1.096207529615924e-02 -2.874302071062216e-02
11 14 1.415542547380048e-02 -2.793046034364679e-02
12 14 1.331923703112493e-02 -2.306959525596127e-02
13 14 1.540490793988549e-02 -2.145702152507854e-02
14 14 1.358707787232666e-02 -1.733928011019486e-02
15 14 1.464558177119344e-02 -1.556812251292639e-02
16 14 1.240199280664844e-02 -1.227718146986205e-02
17 14 1.267907126100800e-02 -1.071520450812230e-02
18 14 1.037234955422976e-02 -8.156940096950055e-03
19 14 1.010112724855466e-02 -6.970587498661382e-03
20 14 7.926287722041079e-03 -5.020318207572403e-03
21 14 7.269136945874547e-03 -4.267554712858657e-03
22 14 5.314692292047190e-03 -2.828850441816956e-03
23 14 4.363397541756683e-03 -2.519208745314574e-03
24 14 2.658910673888626e-03 -1.535122793320726e-03
25 14 1.452917128051034e-03 -1.661157905009168e-03
26 14 1.121109077582454e-16 -1.107438603339351e-03
27 14 -1.452917128051233e-03 -1.661157905009197e-03
28 14 -2.658910673888431e-03 -1.535122793320689e-03
29 14 -4.363397541756845e-03 -2.519208745314611e-03
30 14 -5.314692292047025e-03 -2.828850441816950e-03
31 14 -7.269136945874706e-03 -4.267554712858625e-03
32 14 -7.926287722040902e-03 -5.020318207572478e-03
33 14 -1.010112724855486e-02 -6.970587498661265e-03
34 14 -1.037234955422954e-02 -8.156940096950180e-03
35 14 -1.267907126100820e-02 -1.071520450812217e-02
36 14 -1.240199280664828e-02 -1.227718146986211e-02
37 14 -1.464558177119354e-02 -1.556812251292637e-02
38 14 -1.358707787232665e-02 -1.733928011019479e-02
39 14 -1.540490793988547e-02 -2.145702152507865e-02
0 15 -1.843965052687768e-02 -3.193841158636616e-02
1 15 -1.904940238603627e-02 -3.869624886162815e-02
2 15 -1.376552358929353e-02 -3.986041912517185e-02
3 15 -1.146351841137812e-02 -4.689339455570980e-02
4 15 -5.176799287425027e-03 -4.502332546598526e-02
5 15 -1.062528278644110e-16 -5.026094959210026e-02
6 15 5.176799287425153e-03 -4.502332546598530e-02
7 15 1.146351841137798e-02 -4.689339455570971e-02
8 15 1.376552358929355e-02 -3.986041912517201e-02
9 15 1.904940238603628e-02 -3.869624886162800e-02
10 15 1.843965052687757e-02 -3.193841158636632e-02
11 15 2.177199296658952e-02 -2.928508283181035e-02
12 15 1.941114846882130e-02 -2.386494603998279e-02
13 15 2.097182852380819e-02 -2.100833435723416e-02
14 15 1.796287956552197e-02 -1.699842267671547e-02
15 15 1.829433139805310e-02 -1.453930211622468e-02
16 15 1.524660659706098e-02 -1.164984414574993e-02
17 15 1.481171202356129e-02 -9.767360670249829e-03
18 15 1.198395942667174e-02 -7.698906039514199e-03
19 15 1.107737724031104e-02 -6.395526731608729e-03
20 15 8.550406136944971e-03 -4.936579284845740e-03
21 15 7.330379266312886e-03 -4.161479902286110e-03
22 15 5.107202492143905e-03 -3.188233317301714e-03
23 15 3.641958845140557e-03 -2.886693764646986e-03
24 15 1.696806506519534e-03 -2.340912318367914e-03
25 15 -4.928509696226765e-17 -2.472202825104472e-03
26 15 -1.696806506519386e-03 -2.340912318367892e-03
27 15 -3.641958845140644e-03 -2.886693764647027e-03
28 15 -5.107202492143779e-03 -3.188233317301687e-03
29 15 -7.330379266312961e-03 -4.161479902286111e-03
30 15 -8.550406136944853e-03 -4.936579284845789e-03
31 15 -1.107737724031113e-02 -6.395526731608630e-03
32 15 -1.198395942667160e-02 -7.698906039514335e-03
33 15 -1.481171202356139e-02 -9.767360670249657e-03
34 15 -1.524660659706086e-02 -1.164984414575007e-02
35 15 -1.829433139805316e-02 -1.453930211622456e-02
36 15 -1.796287956552194e-02 -1.699842267671551e-02
37 15 -2.097182852380819e-02 -2.100833435723417e-02
38 15 -1.941114846882137e-02 -2.386494603998270e-02
39 15 -2.177199296658944e-02 -2.928508283181048e-02
0 16 -2.554254500261842e-02 -4.424098569914962e-02
1 16 -2.554311301700955e-02 -5.464750261725117e-02
2 16 -1.618637499516293e-02 -5.611898901562387e-02
3 16 -1.020397433947608e-02 -6.634498401489723e-02
4 16 4.184469904057531e-17 -6.128305823835545e-02
5 16 1.020397433947594e-02 -6.634498401489725e-02
6 16 1.618637499516295e-02 -5.611898901562391e-02
7 16 2.554311301700952e-02 -5.464750261725117e-02
8 16 2.554254500261834e-02 -4.424098569914968e-02
9 16 3.114030470432355e-02 -3.955484077866147e-02
10 16 2.763737377324705e-02 -3.185150268730816e-02
11 16 2.991008877168182e-02 -2.706359112461245e-02
12 16 2.552067204382968e-02 -2.199246392335040e-02
13 16 2.580406829544576e-02 -1.813688603275266e-02
14 16 2.160977960444398e-02 -1.486682037115363e-02
15 16 2.085372651330114e-02 -1.203990461606137e-02
16 16 1.714867862485027e-02 -9.900794220303507e-03
17 16 1.586463848014189e-02 -7.943638550818840e-03
18 16 1.265942792490470e-02 -6.528960281662385e-03
19 16 1.108726947742031e-02 -5.262539054777035e-03
20 16 8.310866963859766e-03 -4.354207421205965e-03
21 16 6.543135547374091e-03 -3.637356404509652e-03
22 16 4.111532379603357e-03 -3.133727644252045e-03
23 16 2.161923587348506e-03 -2.868756805656711e-03
24 16 -1.021458894047310e-17 -2.740039233625535e-03
25 16 -2.161923587348441e-03 -2.868756805656732e-03
26 16 -4.111532379603381e-03 -3.133727644252017e-03
27 16 -6.543135547374025e-03 -3.637356404509683e-03
28 16 -8.310866963859779e-03 -4.354207421205976e-03
29 16 -1.108726947742026e-02 -5.262539054777000e-03
30 16 -1.265942792490469e-02 -6.528960281662479e-03
31 16 -1.586463848014186e-02 -7.943638550818736e-03
32 16 -1.714867862485027e-02 -9.900794220303663e-03
33 16 -2.085372651330110e-02 -1.203990461606124e-02
34 16 -2.160977960444401e-02 -1.486682037115375e-02
35 16 -2.580406829544568e-02 -1.813688603275259e-02
36 16 -2.552067204382982e-02 -2.199246392335045e-02
37 16 -2.991008877168171e-02 -2.706359112461246e-02
38 16 -2.763737377324721e-02 -3.185150268730810e-02
39 16 -3.114030470432349e-02 -3.955484077866151e-02
0 17 -3.671906450648166e-02 -6.359928533162532e-02
1 17 -3.442118894794230e-02 -8.226368266924709e-02
2 17 -1.591431758515831e-02 -8.270686023345571e-02
3 17 -2.903342471187124e-17 -9.765939064017713e-02
4 17 1.591431758515828e-02 -8.270686023345569e-02
5 17 3.442118894794224e-02 -8.226368266924718e-02
6 17 3.671906450648160e-02 -6.359928533162520e-02
7 17 4.698028931290164e-02 -5.413186482336607e-02
8 17 4.050728262464853e-02 -4.207730644880427e-02
9 17 4.358694177172232e-02 -3.350475441330288e-02
10 17 3.640294397268536e-02 -2.699490242619599e-02
11 17 3.618539636820153e-02 -2.089164833391430e-02
12 17 3.009990687825963e-02 -1.737818933874593e-02
13 17 2.860903819762985e-02 -1.327853564846827e-02
14 17 2.367993391714111e-02 -1.128120792205437e-02
15 17 2.173857068497388e-02 -8.573704677853093e-03
16 17 1.771236427887945e-02 -7.379026561686998e-03
17 17 1.561917494128342e-02 -5.622795554365211e-03
18 17 1.225029211822152e-02 -4.904248162419932e-03
19 17 1.008891138909871e-02 -3.814437185075231e-03
20 17 7.186340731340298e-03 -3.433495836754426e-03
21 17 4.948370718924400e-03 -2.830231714616808e-03
22 17 2.367977583756529e-03 -2.745477738256162e-03
23 17 7.749666751219043e-17 -2.517299319405962e-03
24 17 -2.367977583756686e-03 -2.745477738256150e-03
25 17 -4.948370718924242e-03 -2.830231714616828e-03
26 17 -7.186340731340436e-03 -3.433495836754415e-03
27 17 -1.008891138909858e-02 -3.814437185075245e-03
28 17 -1.225029211822163e-02 -4.904248162419964e-03
29 17 -1.561917494128330e-02 -5.622795554365186e-03
30 17 -1.771236427887954e-02 -7.379026561687073e-03
31 17 -2.173857068497378e-02 -8.573704677853058e-03
32 17 -2.367993391714122e-02 -1.128120792205446e-02
33 17 -2.860903819762972e-02 -1.327853564846824e-02
34 17 -3.009990687825979e-02 -1.737818933874598e-02
35 17 -3.618539636820139e-02 -2.089164833391427e-02
36 17 -3.640294397268554e-02 -2.699490242619604e-02
37 17 -4.358694177172220e-02 -3.350475441330281e-02
38 17 -4.050728262464866e-02 -4.207730644880434e-02
39 17 -4.698028931290162e-02 -5.413186482336598e-02
0 18 -5.849478359445981e-02 -1.013159371633508e-01
1 18 -4.310570169973168e-02 -1.443695052363877e-01
2 18 -6.403303195308093e-17 -1.312170314183243e-01
3 18 4.310570169973166e-02 -1.443695052363877e-01
4 18 5.849478359445973e-02 -1.013159371633506e-01
5 18 8.069405531853201e-02 -7.642884868340351e-02
6 18 6.366908323684235e-02 -5.513563342936829e-02
7 18 6.649613211788301e-02 -3.839155977832856e-02
8 18 5.307268525601688e-02 -3.064152911917775e-02
9 18 5.080943935534032e-02 -2.099502164093291e-02
10 18 4.157974326011049e-02 -1.802842303978939e-02
11 18 3.839280181739043e-02 -1.237110114341767e-02
12 18 3.180636847134909e-02 -1.110531834993275e-02
13 18 2.867966550646626e-02 -7.657969086811870e-03
14 18 2.370250564506213e-02 -7.057098690504551e-03
15 18 2.080518047101934e-02 -4.899384610592742e-03
16 18 1.683334744309637e-02 -4.601850093178184e-03
17 18 1.413047914504708e-02 -3.243069247072395e-03
18 18 1.079940536724898e-02 -3.127948780031969e-03
19 18 8.205038504543117e-03 -2.290631135109168e-03
20 18 5.277969975352405e-03 -2.335365274361291e-03
21 18 2.691215285181864e-03 -1.852909437944775e-03
22 18 -8.694807235293009e-17 -2.084760702288515e-03
23 18 -2.691215285181741e-03 -1.852909437944775e-03
24 18 -5.277969975352571e-03 -2.335365274361288e-03
25 18 -8.205038504542990e-03 -2.290631135109176e-03
26 18 -1.079940536724913e-02 -3.127948780031968e-03
27 18 -1.413047914504695e-02 -3.243069247072425e-03
28 18 -1.683334744309651e-02 -4.601850093178174e-03
29 18 -2.080518047101924e-02 -4.899384610592814e-03
30 18 -2.370250564506225e-02 -7.057098690504517e-03
31 18 -2.867966550646618e-02 -7.657969086811969e-03
32 18 -3.180636847134924e-02 -1.110531834993271e-02
33 18 -3.839280181739033e-02 -1.237110114341773e-02
34 18 -4.157974326011062e-02 -1.802842303978941e-02
35 18 -5.080943935534027e-02 -2.099502164093288e-02
36 18 -5.307268525601703e-02 -3.064152911917787e-02
37 18 -6.649613211788299e-02 -3.839155977832841e-02
38 18 -6.366908323684245e-02 -5.513563342936848e-02
39 18 -8.069405531853197e-02 -7.642884868340330e-02
0 19 -1.210289536208259e-01 -2.096282968581674e-01
1 19 -1.290615121553762e-17 -3.577478020945551e-01
2 19 1.210289536208258e-01 -2.096282968581673e-01
3 19 1.866246676316458e-01 -1.077478020945552e-01
4 19 1.136372826174497e-01 -6.560851570916201e-02
5 19 1.065363522010902e-01 -3.166867749853389e-02
6 19 7.958340082200073e-02 -2.757122680408730e-02
7 19 7.036971474771100e-02 -1.362019161043222e-02
8 19 5.669365761981155e-02 -1.404168256681968e-02
9 19 4.982564930913131e-02 -7.190874566201223e-03
10 19 4.140289736254069e-02 -8.008916437863917e-03
11 19 3.624762216757402e-02 -4.212557584177237e-03
12 19 3.037322376498065e-02 -4.878074670639359e-03
13 19 2.628477970021022e-02 -2.612530856362116e-03
14 19 2.180979599492641e-02 -3.097114545534789e-03
15 19 1.837841284813663e-02 -1.686238241089968e-03
16 19 1.472572125424038e-02 -2.045663818888388e-03
17 19 1.168615671620063e-02 -1.144928756200733e-03
18 19 8.522760681242332e-03 -1.447069494588045e-03
19 19 5.685097772805071e-03 -8.582104697443556e-04
20 19 2.791335488526202e-03 -1.173439094247715e-03
21 19 -6.231894823389989e-18 -7.681745508469125e-04
22 19 -2.791335488526261e-03 -1.173439094247729e-03
23 19 -5.685097772805067e-03 -8.582104697443270e-04
24 19 -8.522760681242397e-03 -1.447069494588062e-03
25 19 -1.168615671620061e-02 -1.144928756200731e-03
26 19 -1.472572125424046e-02 -2.045663818888356e-03
27 19 -1.837841284813659e-02 -1.686238241090057e-03
28 19 -2.180979599492648e-02 -3.097114545534674e-03
29 19 -2.628477970021020e-02 -2.612530856362313e-03
30 19 -3.037322376498070e-02 -4.878074670639190e-03
31 19 -3.624762216757407e-02 -4.212557584177449e-03
32 19 -4.140289736254073e-02 -8.008916437863788e-03
33 19 -4.982564930913140e-02 -7.190874566201311e-03
34 19 -5.669365761981153e-02 -1.404168256681971e-02
35 19 -7.036971474771117e-02 -1.362019161043210e-02
36 19 -7.958340082200070e-02 -2.757122680408751e-02
37 19 -1.065363522010902e-01 -3.166867749853360e-02
38 19 -1.136372826174498e-01 -6.560851570916230e-02
39 19 -1.866246676316457e-01 -1.077478020945551e-01
