0 0 7.493750000000001e-01 1.659006488590887e-18
1 0 1.083737249331217e-01 3.262747274796043e-17
2 0 -6.249999999995574e-04 -5.543004280343324e-02
3 0 1.236045577783299e-02 3.381398889027505e-17
4 0 -6.250000000003825e-04 -1.044710447013618e-02
5 0 1.507490851248486e-03 -1.658010528293239e-18
6 0 -6.250000000018326e-04 -3.059939468056301e-03
7 0 -1.023369874625663e-04 -2.476043121495930e-17
8 0 -6.249999999983131e-04 -1.249381682154203e-03
9 0 -4.435985767148630e-04 -4.662517344286896e-17
10 0 -6.249999999945699e-04 -6.209887187718518e-04
11 0 -5.448722911549766e-04 -5.916261011091964e-17
12 0 -6.249999999915256e-04 -3.434181931686553e-04
13 0 -5.830978152418338e-04 -5.989902389697692e-17
14 0 -6.249999999976074e-04 -1.982647672919173e-04
15 0 -5.997786907096581e-04 -5.039052256851784e-17
16 0 -6.250000000066984e-04 -1.108955890372592e-04
17 0 -6.074515520864743e-04 -3.648131697729143e-17
18 0 -6.250000000013263e-04 -5.010598225736924e-05
19 0 -6.105356488209682e-04 -2.322045231899816e-17
20 0 -6.249999999942195e-04 2.742075413924320e-17
21 0 -6.105356488209888e-04 -1.462460298019882e-17
22 0 -6.250000000013005e-04 5.010598225743049e-05
23 0 -6.074515520865305e-04 -1.266052815391289e-17
24 0 -6.250000000066546e-04 1.108955890373368e-04
25 0 -5.997786907097299e-04 -1.528384383279613e-17
26 0 -6.249999999975618e-04 1.982647672920137e-04
27 0 -5.830978152418953e-04 -1.957696747434800e-17
28 0 -6.249999999914926e-04 3.434181931687632e-04
29 0 -5.448722911550088e-04 -2.100191706721695e-17
30 0 -6.249999999945626e-04 6.209887187719582e-04
31 0 -4.435985767148612e-04 -1.666078145174388e-17
32 0 -6.249999999983342e-04 1.249381682154290e-03
33 0 -1.023369874625492e-04 -6.936203017483042e-18
34 0 -6.250000000018910e-04 3.059939468056357e-03
35 0 1.507490851248499e-03 2.126433101818390e-18
36 0 -6.250000000004325e-04 1.044710447013620e-02
37 0 1.236045577783300e-02 9.907870889853811e-18
38 0 -6.249999999995924e-04 5.543004280343319e-02
39 0 1.083737249331218e-01 3.413603279005497e-17
0 1 -6.250000000006618e-04 5.543490979466473e-02
1 1 1.236326340978905e-02 5.510420169616147e-17
2 1 -6.250000000002481e-04 4.864976212199628e-06
3 1 5.110078584180757e-03 4.099049086567669e-17
4 1 -6.250000000037326e-04 -2.101187250879713e-03
5 1 1.456711137941673e-03 1.965804814741438e-17
6 1 -6.250000000005984e-04 -1.230388077142148e-03
7 1 2.060267128937939e-04 -4.763752717357278e-18
8 1 -6.249999999961380e-04 -6.772928759044799e-04
9 1 -2.448032014384546e-04 -2.302251329571892e-17
10 1 -6.249999999967211e-04 -3.892733427501716e-04
11 1 -4.272233182141567e-04 -3.395085941374201e-17
12 1 -6.249999999976773e-04 -2.313544937287323e-04
13 1 -5.091038523895027e-04 -3.590227354797185e-17
14 1 -6.250000000016572e-04 -1.362829170397280e-04
15 1 -5.481336873668387e-04 -2.958715576960487e-17
16 1 -6.250000000035083e-04 -7.221847529666684e-05
17 1 -5.660674939013973e-04 -1.925497124515539e-17
18 1 -6.249999999906453e-04 -2.265167695268811e-05
19 1 -5.713017934654040e-04 -9.492517266011589e-18
20 1 -6.249999999906240e-04 2.265167695273463e-05
21 1 -5.660674939014524e-04 -4.777342222556141e-18
22 1 -6.250000000034514e-04 7.221847529672276e-05
23 1 -5.481336873669284e-04 -5.951276678197024e-18
24 1 -6.250000000015879e-04 1.362829170397981e-04
25 1 -5.091038523895921e-04 -1.111958629739886e-17
26 1 -6.249999999976237e-04 2.313544937288134e-04
27 1 -4.272233182142144e-04 -1.556418785842769e-17
28 1 -6.249999999967072e-04 3.892733427502515e-04
29 1 -2.448032014384648e-04 -1.747761567463424e-17
30 1 -6.249999999961816e-04 6.772928759045462e-04
31 1 2.060267128938279e-04 -1.191990469017280e-17
32 1 -6.250000000006884e-04 1.230388077142186e-03
33 1 1.456711137941729e-03 -5.480871196025233e-19
34 1 -6.250000000038579e-04 2.101187250879723e-03
35 1 5.110078584180798e-03 1.384166026558209e-17
36 1 -6.250000000003316e-04 -4.864976212215975e-06
37 1 1.236326340978914e-02 3.012089828711278e-17
38 1 -6.250000000005682e-04 -5.543490979466480e-02
39 1 -4.561019478951934e-02 4.400251308144540e-17
0 2 -6.249999999996944e-04 1.045684449765554e-02
1 2 1.513088664586521e-03 7.031153275438277e-17
2 2 -6.250000000009003e-04 2.115770089406366e-03
3 2 1.459461663694648e-03 6.137795168172242e-17
4 2 -6.250000000029729e-04 9.673444436789715e-06
5 2 5.595460031101301e-04 4.596763529808585e-17
6 2 -6.249999999999887e-04 -3.042006302970098e-04
7 2 1.064190191778429e-05 2.524753183743526e-17
8 2 -6.250000000003609e-04 -2.695248043200695e-04
9 2 -2.697936373626316e-04 6.843068388544660e-18
10 2 -6.250000000025746e-04 -1.930609706006892e-04
11 2 -4.116691117032575e-04 -4.954857934229252e-18
12 2 -6.250000000038117e-04 -1.278267715164658e-04
13 2 -4.847204910969467e-04 -8.631525651977071e-18
14 2 -6.250000000040863e-04 -7.713740537482095e-05
15 2 -5.216800440095616e-04 -4.753921492895429e-18
16 2 -6.250000000023438e-04 -3.623728112036244e-05
17 2 -5.373022376768328e-04 1.900344757418992e-18
18 2 -6.250000000029410e-04 9.315344443782420e-18
19 2 -5.373022376768662e-04 8.404132281708617e-18
20 2 -6.250000000022918e-04 3.623728112038488e-05
21 2 -5.216800440096487e-04 9.983443115648236e-18
22 2 -6.250000000040062e-04 7.713740537485142e-05
23 2 -4.847204910970517e-04 6.276730733396931e-18
24 2 -6.250000000037381e-04 1.278267715165043e-04
25 2 -4.116691117033381e-04 -1.469946991920692e-18
26 2 -6.250000000025454e-04 1.930609706007305e-04
27 2 -2.697936373626558e-04 -8.225439264814616e-18
28 2 -6.250000000004021e-04 2.695248043201026e-04
29 2 1.064190191782462e-05 -1.085634544412085e-17
30 2 -6.250000000001042e-04 3.042006302970228e-04
31 2 5.595460031102143e-04 -6.594020796869418e-18
32 2 -6.250000000031303e-04 -9.673444436805441e-06
33 2 1.459461663694748e-03 5.049893230482871e-18
34 2 -6.250000000010551e-04 -2.115770089406413e-03
35 2 1.513088664586617e-03 2.488688871249842e-17
36 2 -6.249999999997650e-04 -1.045684449765562e-02
37 2 -7.567572711471429e-03 4.657704073757139e-17
38 2 -6.250000000003489e-04 -3.638877794008307e-17
39 2 -7.567572711471466e-03 6.293167579917005e-17
0 3 -6.249999999989144e-04 3.074589858412143e-03
1 3 -9.400888974703694e-05 8.689447323041765e-17
2 3 -6.250000000011565e-04 1.249835010596425e-03
3 3 2.113544820967964e-04 8.339627550719421e-17
4 3 -6.250000000013530e-04 3.282115249389212e-04
5 3 1.308012010864166e-05 6.971649906794239e-17
6 3 -6.250000000011520e-04 1.411700621607519e-05
7 3 -2.002045858050070e-04 5.153795974124837e-17
8 3 -6.250000000034464e-04 -6.743801258127527e-05
9 3 -3.455035089141454e-04 3.295098539135310e-17
10 3 -6.250000000064041e-04 -7.294839871748923e-05
11 3 -4.336698622304925e-04 1.996738574256570e-17
12 3 -6.250000000009445e-04 -5.617644363492162e-05
13 3 -4.840663888883385e-04 1.553677171598267e-17
14 3 -6.249999999977823e-04 -3.408254364081069e-05
15 3 -5.097899651361240e-04 1.726061486739451e-17
16 3 -6.250000000013021e-04 -1.133358544493863e-05
17 3 -5.176718918523852e-04 2.268211336714150e-17
18 3 -6.250000000012708e-04 1.133358544492295e-05
19 3 -5.097899651361901e-04 2.629112462553648e-17
20 3 -6.249999999977064e-04 3.408254364079870e-05
21 3 -4.840663888884426e-04 2.497485003254016e-17
22 3 -6.250000000008581e-04 5.617644363491363e-05
23 3 -4.336698622305882e-04 1.713666370962088e-17
24 3 -6.250000000063527e-04 7.294839871748259e-05
25 3 -3.455035089141885e-04 5.801659400343143e-18
26 3 -6.250000000034698e-04 6.743801258126536e-05
27 3 -2.002045858049748e-04 -5.100677325132427e-18
28 3 -6.250000000012614e-04 -1.411700621609580e-05
29 3 1.308012010874368e-05 -9.967127956333703e-18
30 3 -6.250000000015296e-04 -3.282115249389604e-04
31 3 2.113544820969350e-04 -7.239822880321567e-18
32 3 -6.250000000013428e-04 -1.249835010596485e-03
33 3 -9.400888974689294e-05 9.554823180950887e-18
34 3 -6.249999999990459e-04 -3.074589858412218e-03
35 3 -2.192690068932589e-03 3.006815200016108e-17
36 3 -6.249999999961223e-04 -2.110932267235797e-03
37 3 -3.911330773280865e-03 5.619777129083621e-17
38 3 -6.249999999960680e-04 2.110932267235706e-03
39 3 -2.192690068932677e-03 7.480803157695983e-17
0 4 -6.250000000014946e-04 1.269065770997262e-03
1 4 -4.326809156729950e-04 9.571023247959598e-17
2 4 -6.249999999996877e-04 7.016993753887371e-04
3 4 -2.372710889009894e-04 9.501644598514349e-17
4 4 -6.249999999992676e-04 2.981449432919196e-04
5 4 -2.655859917633822e-04 8.436485859164213e-17
6 4 -6.250000000027811e-04 9.950901626012988e-05
7 4 -3.440663988263796e-04 6.627794476812360e-17
8 4 -6.250000000032708e-04 1.728007568101569e-05
9 4 -4.136174575350860e-04 4.812207518948392e-17
10 4 -6.249999999997229e-04 -1.046826964887922e-05
11 4 -4.624422152264301e-04 3.570079774211891e-17
12 4 -6.249999999973538e-04 -1.459527291762391e-05
13 4 -4.920957556406739e-04 3.114729092423493e-17
14 4 -6.250000000018537e-04 -9.015273357575830e-06
15 4 -5.059234727470884e-04 3.361036844639354e-17
16 4 -6.250000000042206e-04 -2.370617072824548e-17
17 4 -5.059234727471242e-04 3.830058416680661e-17
18 4 -6.250000000017932e-04 9.015273357528525e-06
19 4 -4.920957556407616e-04 4.015934450541884e-17
20 4 -6.249999999972657e-04 1.459527291757738e-05
21 4 -4.624422152265325e-04 3.517336046428145e-17
22 4 -6.249999999996504e-04 1.046826964883239e-05
23 4 -4.136174575351539e-04 2.283181016444749e-17
24 4 -6.250000000032609e-04 -1.728007568106314e-05
25 4 -3.440663988263740e-04 5.404960327656624e-18
26 4 -6.250000000028583e-04 -9.950901626018104e-05
27 4 -2.655859917632938e-04 -1.094557695072730e-17
28 4 -6.249999999994253e-04 -2.981449432919761e-04
29 4 -2.372710889008386e-04 -1.839739336484186e-17
30 4 -6.249999999998840e-04 -7.016993753888012e-04
31 4 -4.326809156728239e-04 -1.495903509547909e-17
32 4 -6.250000000016696e-04 -1.269065770997333e-03
33 4 -1.122587164249145e-03 9.095105470240401e-19
34 4 -6.249999999973481e-04 -1.245091514583707e-03
35 4 -1.973729539441148e-03 2.786872441950765e-17
36 4 -6.249999999955877e-04 -3.926669366118253e-17
37 4 -1.973729539441200e-03 5.770911181548941e-17
38 4 -6.249999999972434e-04 1.245091514583632e-03
39 4 -1.122587164249278e-03 8.225579215243910e-17
0 5 -6.250000000002833e-04 6.460088330153751e-04
1 5 -5.316318935479479e-04 9.429547759174235e-17
2 5 -6.249999999969898e-04 4.189301694973389e-04
3 5 -4.181623346301543e-04 9.489299656511177e-17
4 5 -6.250000000019264e-04 2.264025674494810e-04
5 5 -4.068916625079222e-04 8.263923551075515e-17
6 5 -6.249999999974640e-04 1.085475175054346e-04
7 5 -4.325951864271088e-04 6.430505732756312e-17
8 5 -6.249999999969548e-04 4.647860126190153e-05
9 5 -4.634275735889366e-04 4.756570320911576e-17
10 5 -6.249999999985187e-04 1.715182043208548e-05
11 5 -4.877762534910870e-04 3.752617328629394e-17
12 5 -6.249999999976102e-04 5.019072349042406e-06
13 5 -5.025762383430854e-04 3.620173596304441e-17
14 5 -6.249999999974083e-04 9.006895180773008e-07
15 5 -5.074835127488034e-04 4.118687435339493e-17
16 5 -6.249999999973783e-04 -9.006895181431438e-07
17 5 -5.025762383431524e-04 4.683991703229061e-17
18 5 -6.249999999975329e-04 -5.019072349110159e-06
19 5 -4.877762534911877e-04 4.671556061726817e-17
20 5 -6.249999999984346e-04 -1.715182043215457e-05
21 5 -4.634275735890272e-04 3.790468053084479e-17
22 5 -6.249999999969092e-04 -4.647860126197146e-05
23 5 -4.325951864271457e-04 1.961461140054965e-17
24 5 -6.249999999974930e-04 -1.085475175055017e-04
25 5 -4.068916625078760e-04 -4.129962783753094e-18
26 5 -6.250000000020398e-04 -2.264025674495443e-04
27 5 -4.181623346300337e-04 -2.612314136338889e-17
28 5 -6.249999999971659e-04 -4.189301694973946e-04
29 5 -5.316318935477877e-04 -3.766042287493240e-17
30 5 -6.250000000004707e-04 -6.460088330154229e-04
31 5 -8.219409396938612e-04 -3.409282551095868e-17
32 5 -6.250000000024018e-04 -6.971700339891469e-04
33 5 -1.220472632003205e-03 -1.591144933449587e-17
34 5 -6.250000000003038e-04 -3.187911568662855e-04
35 5 -1.421567058748848e-03 1.739821191041383e-17
36 5 -6.250000000002507e-04 3.187911568662501e-04
37 5 -1.220472632003300e-03 5.119123040351117e-17
38 5 -6.250000000022582e-04 6.971700339891063e-04
39 5 -8.219409396940130e-04 7.813881669085491e-17
0 6 -6.249999999975160e-04 3.744012692519913e-04
1 6 -5.679751348286799e-04 7.788804569335892e-17
2 6 -6.249999999933623e-04 2.669240285923279e-04
3 6 -4.996182362572266e-04 7.592410310618562e-17
4 6 -6.249999999991433e-04 1.663597295439568e-04
5 6 -4.813218271297420e-04 6.237151366609907e-17
6 6 -6.249999999958002e-04 9.525511483658324e-05
7 6 -4.862461989948289e-04 4.493225806283831e-17
8 6 -6.249999999956247e-04 5.110534876714452e-05
9 6 -4.978881298581040e-04 3.166512478624694e-17
10 6 -6.249999999989814e-04 2.537144278566631e-05
11 6 -5.082276082917186e-04 2.695224421162008e-17
12 6 -6.250000000005912e-04 1.030102762457156e-05
13 6 -5.139508271597222e-04 3.127982897348592e-17
14 6 -6.250000000017062e-04 -3.207457573279798e-17
15 6 -5.139508271597555e-04 4.123382681135059e-17
16 6 -6.250000000005343e-04 -1.030102762463716e-05
17 6 -5.082276082918070e-04 4.861117167648794e-17
18 6 -6.249999999988933e-04 -2.537144278573477e-05
19 6 -4.978881298582084e-04 4.699889368887205e-17
20 6 -6.249999999955478e-04 -5.110534876721556e-05
21 6 -4.862461989949096e-04 3.209828376976785e-17
22 6 -6.249999999957773e-04 -9.525511483665110e-05
23 6 -4.813218271297577e-04 6.758281340354562e-18
24 6 -6.249999999991942e-04 -1.663597295440132e-04
25 6 -4.996182362571658e-04 -2.408250670464490e-17
26 6 -6.249999999934801e-04 -2.669240285923664e-04
27 6 -5.679751348285614e-04 -4.997726845741297e-17
28 6 -6.249999999976730e-04 -3.744012692520078e-04
29 6 -7.117609475700773e-04 -6.260819826999194e-17
30 6 -6.250000000014938e-04 -4.147863789655522e-04
31 6 -9.125120851077982e-04 -5.769292702921025e-17
32 6 -6.250000000015194e-04 -2.892765495017467e-04
33 6 -1.070499004793573e-03 -3.510742508825394e-17
34 6 -6.250000000079288e-04 1.413898437796270e-17
35 6 -1.070499004793613e-03 -2.401951782922565e-19
36 6 -6.250000000014333e-04 2.892765495017688e-04
37 6 -9.125120851079063e-04 3.634244341558974e-17
38 6 -6.250000000013477e-04 4.147863789655587e-04
39 6 -7.117609475702088e-04 6.366537637016325e-17
0 7 -6.249999999992667e-04 2.363840479682282e-04
1 7 -5.834352353048513e-04 4.706097681358631e-17
2 7 -6.249999999977985e-04 1.790663878385226e-04
3 7 -5.399232231413894e-04 4.108820176824715e-17
4 7 -6.249999999959932e-04 1.219627610487897e-04
5 7 -5.226564554608663e-04 2.662777554891430e-17
6 7 -6.250000000000049e-04 7.707673088620639e-05
7 7 -5.195880215067861e-04 1.170948754886783e-17
8 7 -6.249999999978503e-04 4.529838240271139e-05
9 7 -5.220631232886145e-04 5.315780382083548e-18
10 7 -6.250000000014322e-04 2.335300513530366e-05
11 7 -5.251110776198938e-04 9.169342252870344e-18
12 7 -6.250000000027081e-04 7.161955970090898e-06
13 7 -5.263556987802686e-04 2.203754877929303e-17
14 7 -6.250000000026777e-04 -7.161955970134049e-06
15 7 -5.251110776199543e-04 3.695271478419866e-17
16 7 -6.250000000013531e-04 -2.335300513535009e-05
17 7 -5.220631232887157e-04 4.572965875616378e-17
18 7 -6.249999999977551e-04 -4.529838240276195e-05
19 7 -5.195880215068925e-04 4.083133349196896e-17
20 7 -6.249999999999339e-04 -7.707673088625631e-05
21 7 -5.226564554609411e-04 2.084236607630574e-17
22 7 -6.249999999959733e-04 -1.219627610488283e-04
23 7 -5.399232231414063e-04 -1.093092503418650e-17
24 7 -6.249999999978410e-04 -1.790663878385406e-04
25 7 -5.834352353048103e-04 -4.622493026527799e-17
26 7 -6.249999999993583e-04 -2.363840479682143e-04
27 7 -6.632421616805706e-04 -7.304640553719335e-17
28 7 -6.249999999997367e-04 -2.633741574705937e-04
29 7 -7.732634705426795e-04 -8.504081654968988e-17
30 7 -6.249999999983939e-04 -2.184874305635814e-04
31 7 -8.771355160541920e-04 -7.697764782964643e-17
32 7 -6.250000000057964e-04 -8.642429662274385e-05
33 7 -9.208077320314640e-04 -5.222054994164493e-17
34 7 -6.250000000057630e-04 8.642429662283857e-05
35 7 -8.771355160542421e-04 -1.757326486815104e-17
36 7 -6.249999999983081e-04 2.184874305636594e-04
37 7 -7.732634705427613e-04 1.672676491371238e-17
38 7 -6.249999999996260e-04 2.633741574706435e-04
39 7 -6.632421616806475e-04 3.977829708171757e-17
0 8 -6.250000000044491e-04 1.582097310971602e-04
1 8 -5.908224583225689e-04 7.196757908051631e-18
2 8 -6.250000000052296e-04 1.245580287722062e-04
3 8 -5.616851263816057e-04 -3.313494017218445e-18
4 8 -6.250000000028376e-04 8.946057442236297e-05
5 8 -5.471743356180705e-04 -1.721277831217626e-17
6 8 -6.250000000049961e-04 5.937820383895893e-05
7 8 -5.414998858139680e-04 -2.541589477358675e-17
8 8 -6.249999999994962e-04 3.550556300971221e-05
9 8 -5.400640166365512e-04 -2.251342754076694e-17
10 8 -6.250000000005795e-04 1.647965901961685e-05
11 8 -5.400051915559020e-04 -7.653313721158697e-18
12 8 -6.250000000062655e-04 -3.447405639392605e-18
13 8 -5.400051915559324e-04 1.369518331883801e-17
14 8 -6.250000000005243e-04 -1.647965901962680e-05
15 8 -5.400640166366317e-04 3.309310190774832e-17
16 8 -6.249999999994050e-04 -3.550556300972714e-05
17 8 -5.414998858140750e-04 4.165357522746107e-17
18 8 -6.250000000048971e-04 -5.937820383897681e-05
19 8 -5.471743356181770e-04 3.400850895802543e-17
20 8 -6.250000000027607e-04 -8.946057442237516e-05
21 8 -5.616851263816848e-04 9.483891615593888e-18
22 8 -6.250000000051945e-04 -1.245580287722005e-04
23 8 -5.908224583226045e-04 -2.577608203894010e-17
24 8 -6.250000000044584e-04 -1.582097310971244e-04
25 8 -6.390301976029883e-04 -6.092102843562734e-17
26 8 -6.250000000038506e-04 -1.763287135626067e-04
27 8 -7.039879842345232e-04 -8.669702483871416e-17
28 8 -6.250000000025214e-04 -1.598571045123482e-04
29 8 -7.709421286114492e-04 -9.523614676259758e-17
30 8 -6.249999999976050e-04 -9.720609629916766e-05
31 8 -8.147886752403820e-04 -8.433522098055736e-17
32 8 -6.249999999995920e-04 7.473666644389956e-17
33 8 -8.147886752403917e-04 -6.048611526483178e-17
34 8 -6.249999999975706e-04 9.720609629930713e-05
35 8 -7.709421286114757e-04 -3.069500570547133e-17
36 8 -6.250000000024692e-04 1.598571045124595e-04
37 8 -7.039879842345459e-04 -5.818267392404117e-18
38 8 -6.250000000038069e-04 1.763287135626812e-04
39 8 -6.390301976029894e-04 8.213536771045247e-18
0 9 -6.250000000071018e-04 1.100953619820475e-04
1 9 -5.949097165661823e-04 -3.417411544628767e-17
2 9 -6.250000000043548e-04 8.855335625031561e-05
3 9 -5.746245691785798e-04 -4.773236477894701e-17
4 9 -6.250000000026522e-04 6.523436573508785e-05
5 9 -5.629919553651852e-04 -5.695995097783513e-17
6 9 -6.250000000023843e-04 4.369360657464784e-05
7 9 -5.571178624550632e-04 -5.553457450318403e-17
8 9 -6.250000000002166e-04 2.483052108515562e-05
9 9 -5.545869590983317e-04 -4.114705802973742e-17
10 9 -6.249999999973223e-04 8.026908925567241e-06
11 9 -5.539082056357383e-04 -1.652982285511573e-17
12 9 -6.249999999972988e-04 -8.026908925535811e-06
13 9 -5.545869590983792e-04 1.131439861195365e-17
14 9 -6.250000000001492e-04 -2.483052108512925e-05
15 9 -5.571178624551470e-04 3.265675867127786e-17
16 9 -6.250000000022897e-04 -4.369360657462808e-05
17 9 -5.629919553652881e-04 4.007710834354862e-17
18 9 -6.250000000025523e-04 -6.523436573506938e-05
19 9 -5.746245691786852e-04 2.988419459687573e-17
20 9 -6.250000000042706e-04 -8.855335625028869e-05
21 9 -5.949097165662723e-04 4.243729257299600e-18
22 9 -6.250000000070408e-04 -1.100953619820001e-04
23 9 -6.259512509164221e-04 -2.956097005897792e-17
24 9 -6.250000000026348e-04 -1.228258464514883e-04
25 9 -6.667420951590677e-04 -6.121619395264832e-17
26 9 -6.250000000029082e-04 -1.173213938814815e-04
27 9 -7.107078517931573e-04 -8.181541265560452e-17
28 9 -6.249999999961839e-04 -8.642483529275568e-05
29 9 -7.457692738159137e-04 -8.624347523565552e-17
30 9 -6.249999999939466e-04 -3.204291081098195e-05
31 9 -7.592887256872671e-04 -7.639140722246349e-17
32 9 -6.249999999939433e-04 3.204291081114751e-05
33 9 -7.457692738159022e-04 -5.717989097877602e-17
34 9 -6.249999999961811e-04 8.642483529290303e-05
35 9 -7.107078517931323e-04 -3.824471478714765e-17
36 9 -6.250000000029163e-04 1.173213938815971e-04
37 9 -6.667420951590250e-04 -2.589559082697204e-17
38 9 -6.250000000026657e-04 1.228258464515685e-04
39 9 -6.259512509163563e-04 -2.486323894269071e-17
0 10 -6.250000000026301e-04 7.846513241732656e-05
1 10 -5.977215477155467e-04 -6.754327414239180e-17
2 10 -6.250000000031392e-04 6.350667416649753e-05
3 10 -5.832647334029024e-04 -7.955711904162322e-17
4 10 -6.249999999998828e-04 4.681377916294187e-05
5 10 -5.742703457219442e-04 -8.145188095479378e-17
6 10 -6.249999999986528e-04 3.039920661485386e-05
7 10 -5.692940120677037e-04 -6.976535837362132e-17
8 10 -6.249999999940584e-04 1.487818236397143e-05
9 10 -5.671324662550095e-04 -4.562247311717057e-17
10 10 -6.249999999966787e-04 3.202656907870168e-17
11 10 -5.671324662550232e-04 -1.391249409382242e-17
12 10 -6.249999999940254e-04 -1.487818236391067e-05
13 10 -5.692940120677464e-04 1.649884768886202e-17
14 10 -6.249999999985929e-04 -3.039920661480039e-05
15 10 -5.742703457220094e-04 3.705301075702069e-17
16 10 -6.249999999998024e-04 -4.681377916289582e-05
17 10 -5.832647334029877e-04 4.244068989366939e-17
18 10 -6.250000000030485e-04 -6.350667416645375e-05
19 10 -5.977215477156416e-04 3.110934246209860e-17
20 10 -6.250000000025396e-04 -7.846513241727551e-05
21 10 -6.186533468622851e-04 8.235129569386471e-18
22 10 -6.249999999961767e-04 -8.796007690068370e-05
23 10 -6.455496909840595e-04 -1.919655263920917e-17
24 10 -6.250000000003819e-04 -8.703980129731155e-05
25 10 -6.752255954056435e-04 -4.320254856352279e-17
26 10 -6.249999999988539e-04 -7.145206217328827e-05
27 10 -7.015800335460150e-04 -5.670601385085980e-17
28 10 -6.249999999969906e-04 -4.066944408261365e-05
29 10 -7.173082280209657e-04 -5.918505349634022e-17
30 10 -6.249999999974738e-04 7.151278386289624e-17
31 10 -7.173082280209487e-04 -5.302552052372282e-17
32 10 -6.249999999970122e-04 4.066944408274979e-05
33 10 -7.015800335459646e-04 -4.444329007171688e-17
34 10 -6.249999999988969e-04 7.145206217340505e-05
35 10 -6.752255954055678e-04 -3.904667074880120e-17
36 10 -6.250000000004476e-04 8.703980129740362e-05
37 10 -6.455496909839689e-04 -4.184851810108817e-17
38 10 -6.249999999962584e-04 8.796007690075213e-05
39 10 -6.186533468621881e-04 -5.303392791380170e-17
0 11 -6.249999999975501e-04 5.657537169830436e-05
1 11 -6.001729939828474e-04 -8.422510410950742e-17
2 11 -6.249999999983224e-04 4.539803973313204e-05
3 11 -5.898069884593547e-04 -9.080602518441050e-17
4 11 -6.249999999967792e-04 3.265078214820062e-05
5 11 -5.831465226007232e-04 -8.440120443364070e-17
6 11 -6.249999999987474e-04 1.952836835345634e-05
7 11 -5.795099162850981e-04 -6.430641253998542e-17
8 11 -6.249999999995992e-04 6.484089203414199e-06
9 11 -5.783632382007837e-04 -3.470023200403087e-17
10 11 -6.249999999995938e-04 -6.484089203335823e-06
11 11 -5.795099162850993e-04 -2.351435441363120e-18
12 11 -6.249999999987316e-04 -1.952836835338369e-05
13 11 -5.831465226007332e-04 2.602878443129740e-17
14 11 -6.249999999967482e-04 -3.265078214813707e-05
15 11 -5.898069884593825e-04 4.310581106695544e-17
16 11 -6.249999999982726e-04 -4.539803973307745e-05
17 11 -6.001729939829008e-04 4.680757881932006e-17
18 11 -6.249999999974782e-04 -5.657537169825587e-05
19 11 -6.147039262916746e-04 3.828513130759832e-17
20 11 -6.249999999949776e-04 -6.409995351601643e-05
21 11 -6.330839487234726e-04 2.233269494944814e-17
22 11 -6.249999999987215e-04 -6.523436573503547e-05
23 11 -6.536419088311405e-04 4.551031371916774e-18
24 11 -6.249999999995597e-04 -5.744506263835030e-05
25 11 -6.731319921203898e-04 -9.256374002006505e-18
26 11 -6.249999999982065e-04 -3.981183584404169e-05
27 11 -6.873372601256294e-04 -1.704898839010668e-17
28 11 -6.250000000039904e-04 -1.428502038797816e-05
29 11 -6.925658469300613e-04 -1.985530380771117e-17
30 11 -6.250000000040094e-04 1.428502038805574e-05
31 11 -6.873372601255805e-04 -2.111737526017436e-17
32 11 -6.249999999982620e-04 3.981183584411337e-05
33 11 -6.731319921203060e-04 -2.491207947874912e-17
34 11 -6.249999999996399e-04 5.744506263841291e-05
35 11 -6.536419088310400e-04 -3.477074060491565e-17
36 11 -6.249999999988147e-04 6.523436573508934e-05
37 11 -6.330839487233762e-04 -5.026431441505721e-17
38 11 -6.249999999950650e-04 6.409995351606504e-05
39 11 -6.147039262915946e-04 -6.885309959729754e-17
0 12 -6.249999999978865e-04 4.085220829697433e-05
1 12 -6.026653885002058e-04 -7.988022855565833e-17
2 12 -6.249999999974392e-04 3.198942293022852e-05
3 12 -5.953219465599457e-04 -7.931190564941628e-17
4 12 -6.250000000007273e-04 2.177587609114326e-05
5 12 -5.906759265205222e-04 -6.615230087388939e-17
6 12 -6.250000000056931e-04 1.098207370396152e-05
7 12 -5.884473320627936e-04 -4.302876112787147e-17
8 12 -6.250000000067615e-04 3.689234878905452e-17
9 12 -5.884473320627776e-04 -1.493378017501099e-17
10 12 -6.250000000057113e-04 -1.098207370389011e-05
11 12 -5.906759265204833e-04 1.233362453155101e-17
12 12 -6.250000000007534e-04 -2.177587609107844e-05
13 12 -5.953219465599027e-04 3.353658996917803e-17
14 12 -6.249999999974573e-04 -3.198942293017361e-05
15 12 -6.026653885001840e-04 4.610916513904368e-17
16 12 -6.249999999978780e-04 -4.085220829693186e-05
17 12 -6.128753795377797e-04 4.999817794832043e-17
18 12 -6.249999999957807e-04 -4.713022205374629e-05
19 12 -6.257163409486272e-04 4.763819688387566e-17
20 12 -6.249999999975035e-04 -4.923455228789003e-05
21 12 -6.402384784177281e-04 4.172029619260207e-17
22 12 -6.249999999970014e-04 -4.562674777518537e-05
23 12 -6.546217473564157e-04 3.600303490461441e-17
24 12 -6.250000000033217e-04 -3.550556300970552e-05
25 12 -6.663854074688676e-04 3.148155712908777e-17
26 12 -6.250000000054377e-04 -1.951386276505269e-05
27 12 -6.730520526412492e-04 2.706868856089315e-17
28 12 -6.249999999971057e-04 -5.330869737860371e-18
29 12 -6.730520526412225e-04 2.108958927946119e-17
30 12 -6.250000000054837e-04 1.951386276504399e-05
31 12 -6.663854074687957e-04 1.073414882249513e-17
32 12 -6.250000000034001e-04 3.550556300970247e-05
33 12 -6.546217473563229e-04 -4.831948321316543e-18
34 12 -6.249999999970891e-04 4.562674777519077e-05
35 12 -6.402384784176412e-04 -2.577136434844828e-17
36 12 -6.249999999975776e-04 4.923455228790678e-05
37 12 -6.257163409485701e-04 -4.892429982346368e-17
38 12 -6.249999999958234e-04 4.713022205377556e-05
39 12 -6.128753795377647e-04 -6.873966985726271e-17
0 13 -6.249999999939331e-04 2.929309617438990e-05
1 13 -6.053386555045512e-04 -5.535826693883028e-17
2 13 -6.250000000001738e-04 2.196653513897640e-05
3 13 -6.002981977619528e-04 -4.893104078774817e-17
4 13 -6.250000000047004e-04 1.353807427027120e-05
5 13 -5.973316438155653e-04 -3.449097257447687e-17
6 13 -6.250000000022649e-04 4.566034311349978e-06
7 13 -5.963559354716163e-04 -1.553944403476197e-17
8 13 -6.250000000022911e-04 -4.566034311300621e-06
9 13 -5.973316438155064e-04 3.784613075680414e-18
10 13 -6.250000000047704e-04 -1.353807427022327e-05
11 13 -6.002981977618558e-04 2.039516646725584e-17
12 13 -6.250000000002604e-04 -2.196653513893330e-05
13 13 -6.053386555044496e-04 3.250226820701526e-17
14 13 -6.249999999940085e-04 -2.929309617435701e-05
15 13 -6.124763669582115e-04 4.110034421433560e-17
16 13 -6.250000000035675e-04 -3.472709720606277e-05
17 13 -6.215172605397051e-04 4.748222025746758e-17
18 13 -6.250000000038338e-04 -3.729214931541207e-05
19 13 -6.318790521926214e-04 5.359577193980337e-17
20 13 -6.249999999976522e-04 -3.602387532769552e-05
21 13 -6.424878724563094e-04 5.940322061212426e-17
22 13 -6.250000000006884e-04 -3.031706764380328e-05
23 13 -6.518448248409627e-04 6.487880790943799e-17
24 13 -6.250000000046401e-04 -2.031880138992343e-05
25 13 -6.583245676832866e-04 6.722805848665468e-17
26 13 -6.249999999950833e-04 -7.161955970157602e-06
27 13 -6.606471810195980e-04 6.424294745221689e-17
28 13 -6.249999999951076e-04 7.161955970060722e-06
29 13 -6.583245676832415e-04 5.385986826897855e-17
30 13 -6.250000000047018e-04 2.031880138983929e-05
31 13 -6.518448248408893e-04 3.588110127752995e-17
32 13 -6.250000000007630e-04 3.031706764374139e-05
33 13 -6.424878724562400e-04 1.225700506936541e-17
34 13 -6.249999999977095e-04 3.602387532766112e-05
35 13 -6.318790521925865e-04 -1.342185179656447e-17
36 13 -6.250000000038481e-04 3.729214931540520e-05
37 13 -6.215172605397242e-04 -3.605520573089342e-17
38 13 -6.250000000035330e-04 3.472709720607922e-05
39 13 -6.124763669582831e-04 -5.095834980281985e-17
0 14 -6.249999999984231e-04 2.070690721348113e-05
1 14 -6.081973736792281e-04 -1.783599491718345e-17
2 14 -6.249999999958552e-04 1.449583416376843e-05
3 14 -6.049236405126149e-04 -1.056117302374404e-17
4 14 -6.250000000001811e-04 7.442092205380182e-06
5 14 -6.032888305502184e-04 -1.471201723094450e-18
6 14 -6.249999999981699e-04 6.690349619217410e-18
7 14 -6.032888305501757e-04 6.438003988926319e-18
8 14 -6.250000000002591e-04 -7.442092205364666e-06
9 14 -6.049236405124991e-04 1.175025873983835e-17
10 14 -6.249999999959855e-04 -1.449583416374989e-05
11 14 -6.081973736790747e-04 1.482163484073122e-17
12 14 -6.249999999985688e-04 -2.070690721346334e-05
13 14 -6.130726595914881e-04 1.833286886930616e-17
14 14 -6.250000000066406e-04 -2.551640626066265e-05
15 14 -6.193888580685825e-04 2.509654847586035e-17
16 14 -6.250000000042822e-04 -2.827850112267151e-05
17 14 -6.267675655096123e-04 3.615165099275472e-17
18 14 -6.249999999993514e-04 -2.835864789720183e-05
19 14 -6.345467952851121e-04 5.164749108146477e-17
20 14 -6.249999999956330e-04 -2.531408704845926e-05
21 14 -6.417963366691409e-04 6.824225273403838e-17
22 14 -6.250000000024842e-04 -1.911333132328375e-05
23 14 -6.474530173952225e-04 8.181978636495994e-17
24 14 -6.250000000028601e-04 -1.030102762467637e-05
25 14 -6.505649227453211e-04 8.843910822502115e-17
26 14 -6.249999999960999e-04 -8.028212334471594e-17
27 14 -6.505649227453002e-04 8.521230435304564e-17
28 14 -6.250000000028972e-04 1.030102762452574e-05
29 14 -6.474530173951710e-04 7.163712485482501e-17
30 14 -6.250000000025394e-04 1.911333132316053e-05
31 14 -6.417963366690863e-04 5.008629248038243e-17
32 14 -6.249999999956738e-04 2.531408704837428e-05
33 14 -6.345467952850907e-04 2.550450857313838e-17
34 14 -6.249999999993476e-04 2.835864789715657e-05
35 14 -6.267675655096503e-04 2.833166239406383e-18
36 14 -6.250000000042184e-04 2.827850112265863e-05
37 14 -6.193888580686852e-04 -1.299876067187202e-17
38 14 -6.250000000065215e-04 2.551640626067120e-05
39 14 -6.130726595916347e-04 -1.983467512141614e-17
0 15 -6.250000000015813e-04 1.432994683399489e-05
1 15 -6.111837815619159e-04 2.036499093435473e-17
2 15 -6.249999999951355e-04 8.991449321940482e-06
3 15 -6.092420157250638e-04 2.310762419589234e-17
4 15 -6.249999999998894e-04 3.061161167395594e-06
5 15 -6.085909172236317e-04 2.113592424061811e-17
6 15 -6.249999999999390e-04 -3.061161167419522e-06
7 15 -6.092420157249696e-04 1.396077064299528e-17
8 15 -6.249999999952674e-04 -8.991449321955774e-06
9 15 -6.111837815617536e-04 3.735254956778108e-18
10 15 -6.250000000017592e-04 -1.432994683399872e-05
11 15 -6.143673071483852e-04 -5.493605810956231e-18
12 15 -6.250000000004481e-04 -1.863962469555239e-05
13 15 -6.186673961775754e-04 -7.781279959824572e-18
14 15 -6.250000000013579e-04 -2.145321115611635e-05
15 15 -6.238318996292864e-04 -8.095934695793218e-19
16 15 -6.250000000060841e-04 -2.232349491014715e-05
17 15 -6.294415273308914e-04 1.627950515776721e-17
18 15 -6.249999999968513e-04 -2.091977965426605e-05
19 15 -6.349084175682026e-04 3.931414438173333e-17
20 15 -6.249999999958512e-04 -1.715182043217476e-05
21 15 -6.395370924733377e-04 6.329584877766184e-17
22 15 -6.250000000038392e-04 -1.127718381162543e-05
23 15 -6.426503599368418e-04 8.183829694112095e-17
24 15 -6.250000000086560e-04 -3.934893263635702e-06
25 15 -6.437494877046396e-04 9.021088476383886e-17
26 15 -6.250000000086735e-04 3.934893263458472e-06
27 15 -6.426503599368106e-04 8.651207017297784e-17
28 15 -6.250000000038768e-04 1.127718381147101e-05
29 15 -6.395370924732952e-04 7.255237867790650e-17
30 15 -6.249999999958844e-04 1.715182043206002e-05
31 15 -6.349084175681828e-04 5.325359379933129e-17
32 15 -6.249999999968463e-04 2.091977965419704e-05
33 15 -6.294415273309246e-04 3.451822182668155e-17
34 15 -6.250000000060169e-04 2.232349491011702e-05
35 15 -6.238318996293888e-04 2.091731874740571e-17
36 15 -6.250000000012254e-04 2.145321115611083e-05
37 15 -6.186673961777353e-04 1.519144488886751e-17
38 15 -6.250000000002733e-04 1.863962469555438e-05
39 15 -6.143673071485695e-04 1.637312527284782e-17
0 16 -6.249999999949536e-04 9.625074891139755e-06
1 16 -6.142230190879558e-04 4.858502070770889e-17
2 16 -6.250000000013649e-04 4.994586653639690e-06
3 16 -6.132419053994671e-04 4.236732798735874e-17
4 16 -6.250000000027622e-04 -2.914746808683402e-17
5 16 -6.132419053994194e-04 2.691855225000177e-17
6 16 -6.250000000014591e-04 -4.994586653689955e-06
7 16 -6.142230190878288e-04 5.009376056499981e-18
8 16 -6.249999999951169e-04 -9.625074891170185e-06
9 16 -6.161493332258623e-04 -1.840627966955194e-17
10 16 -6.249999999979200e-04 -1.352079072157735e-05
11 16 -6.189332986358242e-04 -3.552757262776134e-17
12 16 -6.250000000025934e-04 -1.631048599553449e-05
13 16 -6.224103539986970e-04 -4.062879675469123e-17
14 16 -6.250000000055130e-04 -1.765075394866796e-05
15 16 -6.263156966808865e-04 -3.126048506996554e-17
16 16 -6.250000000033442e-04 -1.728007568104415e-05
17 16 -6.302787892854667e-04 -9.684884721108642e-18
18 16 -6.249999999940540e-04 -1.509055195887607e-05
19 16 -6.338499643898194e-04 1.825154751422022e-17
20 16 -6.249999999938518e-04 -1.119598880121474e-05
21 16 -6.365644588889544e-04 4.526610012481966e-17
22 16 -6.249999999966328e-04 -5.966041401476284e-06
23 16 -6.380331803949184e-04 6.520624583579140e-17
24 16 -6.249999999985723e-04 -7.694997089190271e-17
25 16 -6.380331803949034e-04 7.347369910410062e-17
26 16 -6.249999999966588e-04 5.966041401334444e-06
27 16 -6.365644588889188e-04 7.050726113426916e-17
28 16 -6.249999999938839e-04 1.119598880110560e-05
29 16 -6.338499643897908e-04 6.032278838342692e-17
30 16 -6.249999999940621e-04 1.509055195881003e-05
31 16 -6.302787892854769e-04 4.814395039822500e-17
32 16 -6.250000000033001e-04 1.728007568101818e-05
33 16 -6.263156966809560e-04 3.986160753092231e-17
34 16 -6.250000000054035e-04 1.765075394866679e-05
35 16 -6.224103539988292e-04 3.766858684906289e-17
36 16 -6.250000000024275e-04 1.631048599553842e-05
37 16 -6.189332986359960e-04 4.129217610770248e-17
38 16 -6.249999999977332e-04 1.352079072156868e-05
39 16 -6.161493332260348e-04 4.674943905065774e-17
0 17 -6.249999999978997e-04 6.175593161259719e-06
1 17 -6.172496960583864e-04 5.991221810055855e-17
2 17 -6.250000000019018e-04 2.114241376772283e-06
3 17 -6.169038788842626e-04 4.408583815760534e-17
4 17 -6.250000000019419e-04 -2.114241376848723e-06
5 17 -6.172496960583163e-04 1.740855053727680e-17
6 17 -6.249999999980115e-04 -6.175593161316214e-06
7 17 -6.182713825703496e-04 -1.519975816285898e-17
8 17 -6.249999999975881e-04 -9.738082666438697e-06
9 17 -6.199172103573450e-04 -4.557765976827286e-17
10 17 -6.249999999989509e-04 -1.248152924004659e-05
11 17 -6.220881909283302e-04 -6.556514286145414e-17
12 17 -6.250000000051247e-04 -1.411700621604874e-05
13 17 -6.246256419266677e-04 -7.048564359391678e-17
14 17 -6.250000000048235e-04 -1.442024973017833e-05
15 17 -6.273059679138267e-04 -5.891102236618554e-17
16 17 -6.249999999970858e-04 -1.327562387784312e-05
17 17 -6.298511618185716e-04 -3.555623475226143e-17
18 17 -6.249999999941192e-04 -1.072002330454284e-05
19 17 -6.319598663202489e-04 -7.209258861803612e-18
20 17 -6.249999999997720e-04 -6.970311917786259e-06
21 17 -6.333562898338115e-04 1.876092622513236e-17
22 17 -6.250000000005990e-04 -2.417870618884579e-06
23 17 -6.338453056396588e-04 3.685722006315469e-17
24 17 -6.250000000006124e-04 2.417870618794936e-06
25 17 -6.333562898337842e-04 4.503502161988024e-17
26 17 -6.249999999998034e-04 6.970311917717590e-06
27 17 -6.319598663202116e-04 4.463387514164381e-17
28 17 -6.249999999941471e-04 1.072002330450846e-05
29 17 -6.298511618185514e-04 4.065050256311241e-17
30 17 -6.249999999970800e-04 1.327562387784329e-05
31 17 -6.273059679138461e-04 3.813192167370867e-17
32 17 -6.250000000047645e-04 1.442024973020099e-05
33 17 -6.246256419267400e-04 4.086302944560629e-17
34 17 -6.250000000050123e-04 1.411700621607361e-05
35 17 -6.220881909284481e-04 4.852580343409492e-17
36 17 -6.249999999988012e-04 1.248152924005315e-05
37 17 -6.199172103574819e-04 5.787541945204023e-17
38 17 -6.249999999974378e-04 9.738082666414078e-06
39 17 -6.182713825704713e-04 6.354327390221110e-17
0 18 -6.249999999990165e-04 3.629509827478050e-06
1 18 -6.202200351860796e-04 5.522962502115664e-17
2 18 -6.250000000010120e-04 -4.330005090097494e-17
3 18 -6.202200351860588e-04 3.297680482894673e-17
4 18 -6.249999999990674e-04 -3.629509827552384e-06
5 18 -6.206379552444452e-04 6.310704274279085e-19
6 18 -6.249999999971119e-04 -6.952063547442046e-06
7 18 -6.214510814470743e-04 -3.503623059766436e-17
8 18 -6.249999999954242e-04 -9.673444436760708e-06
9 18 -6.226099753465416e-04 -6.600881575481789e-17
10 18 -6.250000000003040e-04 -1.152936540179536e-05
11 18 -6.240326652837357e-04 -8.483432323753186e-17
12 18 -6.250000000014693e-04 -1.230965297626086e-05
13 18 -6.256009767489514e-04 -8.812455171264570e-17
14 18 -6.250000000006423e-04 -1.188838569265395e-05
15 18 -6.271635410322526e-04 -7.651093269265294e-17
16 18 -6.249999999995096e-04 -1.025445690483049e-05
17 18 -6.285488419750347e-04 -5.510047234275395e-17
18 18 -6.249999999956030e-04 -7.533206358577469e-06
19 18 -6.295884810437697e-04 -3.021709544851596e-17
20 18 -6.249999999978456e-04 -3.988741014108332e-06
21 18 -6.301464466886587e-04 -8.663068133236827e-18
22 18 -6.249999999982900e-04 -7.779560697174566e-18
23 18 -6.301464466886438e-04 6.248932194465738e-18
24 18 -6.249999999978723e-04 3.988741014101465e-06
25 18 -6.295884810437334e-04 1.405948671023735e-17
26 18 -6.249999999956422e-04 7.533206358592566e-06
27 18 -6.285488419749931e-04 1.701038509849008e-17
28 18 -6.249999999995401e-04 1.025445690487101e-05
29 18 -6.271635410322249e-04 1.969875849349698e-17
30 18 -6.250000000006444e-04 1.188838569271171e-05
31 18 -6.256009767489543e-04 2.568085194495251e-17
32 18 -6.250000000014308e-04 1.230965297631816e-05
33 18 -6.240326652837738e-04 3.621947019300643e-17
34 18 -6.250000000002296e-04 1.152936540183156e-05
35 18 -6.226099753466062e-04 4.950660160496023e-17
36 18 -6.249999999953308e-04 9.673444436760025e-06
37 18 -6.214510814471457e-04 6.076268601902506e-17
38 18 -6.249999999970271e-04 6.952063547400059e-06
39 18 -6.206379552444999e-04 6.410072096617417e-17
0 19 -6.250000000050826e-04 1.670184659284828e-06
1 19 -6.231128798794630e-04 4.151613187672333e-17
2 19 -6.250000000050900e-04 -1.670184659362524e-06
3 19 -6.231957658642742e-04 1.938303248661316e-17
4 19 -6.250000000010759e-04 -4.864976212202637e-06
5 19 -6.234397703384487e-04 -1.092675125417140e-17
6 19 -6.249999999942721e-04 -7.630774979190154e-06
7 19 -6.238301948365020e-04 -4.297617697333095e-17
8 19 -6.249999999981352e-04 -9.708850787783698e-06
9 19 -6.243405092176185e-04 -6.956070390077246e-17
10 19 -6.250000000014447e-04 -1.088570876261440e-05
11 19 -6.249306975491276e-04 -8.550870038230204e-17
12 19 -6.250000000006697e-04 -1.101720205155585e-05
13 19 -6.255473467944437e-04 -8.823265775743324e-17
14 19 -6.250000000022378e-04 -1.005312860288993e-05
15 19 -6.261269509365764e-04 -7.954618558438399e-17
16 19 -6.249999999995753e-04 -8.056373592699285e-06
17 19 -6.266030506621724e-04 -6.330142435452877e-17
18 19 -6.249999999973294e-04 -5.209331421748895e-06
19 19 -6.269163908180791e-04 -4.512129404767141e-17
20 19 -6.250000000085002e-04 -1.801725781530617e-06
21 19 -6.270257661042835e-04 -2.931911160149879e-17
22 19 -6.250000000085143e-04 1.801725781584778e-06
23 19 -6.269163908180545e-04 -1.811755762505552e-17
24 19 -6.249999999973659e-04 5.209331421813510e-06
25 19 -6.266030506621295e-04 -1.123192195999683e-17
26 19 -6.249999999996248e-04 8.056373592778912e-06
27 19 -6.261269509365253e-04 -6.032971299183312e-18
28 19 -6.250000000022827e-04 1.005312860298014e-05
29 19 -6.255473467943946e-04 7.973507358093359e-19
30 19 -6.250000000007003e-04 1.101720205164326e-05
31 19 -6.249306975490904e-04 1.116104716559756e-17
32 19 -6.250000000014548e-04 1.088570876268133e-05
33 19 -6.243405092175972e-04 2.498260257105825e-17
34 19 -6.249999999981262e-04 9.708850787813738e-06
35 19 -6.238301948364948e-04 3.944329787139037e-17
36 19 -6.249999999942534e-04 7.630774979175857e-06
37 19 -6.234397703384500e-04 5.009226279483684e-17
38 19 -6.250000000010577e-04 4.864976212148591e-06
39 19 -6.231957658642761e-04 5.180360953987325e-17
0 20 -6.250000000106047e-04 -3.260052473745168e-17
1 20 -6.259228385750282e-04 2.901416215893986e-17
2 20 -6.250000000061481e-04 -3.196806572266218e-06
3 20 -6.258411159497327e-04 1.388828958398558e-17
4 20 -6.249999999983674e-04 -6.110517691827391e-06
5 20 -6.256825086972303e-04 -8.078241826162450e-18
6 20 -6.249999999950807e-04 -8.474797194508825e-06
7 20 -6.254573239799410e-04 -3.208411759220119e-17
8 20 -6.249999999982989e-04 -1.005901395184092e-05
9 20 -6.251821983090045e-04 -5.299710106569869e-17
10 20 -6.250000000074631e-04 -1.069016740945809e-05
11 20 -6.248804889212707e-04 -6.659075312537900e-17
12 20 -6.250000000045185e-04 -1.027616886980509e-05
13 20 -6.245814255679338e-04 -7.129078050421993e-17
14 20 -6.249999999955833e-04 -8.826184501888421e-06
15 20 -6.243174995963140e-04 -6.779529706525895e-17
16 20 -6.249999999954926e-04 -6.461933762899857e-06
17 20 -6.241201396250095e-04 -5.887413327690148e-17
18 20 -6.250000000030707e-04 -3.414008026333407e-06
19 20 -6.240144607834957e-04 -4.805042792753602e-17
20 20 -6.250000000107440e-04 4.650782203159389e-17
21 20 -6.240144607834882e-04 -3.831034078028875e-17
22 20 -6.250000000030916e-04 3.414008026429102e-06
23 20 -6.241201396249868e-04 -3.120569006000687e-17
24 20 -6.249999999955324e-04 6.461933763001566e-06
25 20 -6.243174995962727e-04 -2.621298528012981e-17
26 20 -6.249999999956390e-04 8.826184501994110e-06
27 20 -6.245814255678731e-04 -2.150332995647023e-17
28 20 -6.250000000045856e-04 1.027616886990662e-05
29 20 -6.248804889211953e-04 -1.508982869017938e-17
30 20 -6.250000000075349e-04 1.069016740954192e-05
31 20 -6.251821983089193e-04 -5.373293708197108e-18
32 20 -6.249999999983698e-04 1.005901395189408e-05
33 20 -6.254573239798570e-04 7.402599955107005e-18
34 20 -6.249999999951433e-04 8.474797194522479e-06
35 20 -6.256825086971561e-04 2.081744405439780e-17
36 20 -6.249999999984138e-04 6.110517691801775e-06
37 20 -6.258411159496840e-04 3.116779714353232e-17
38 20 -6.250000000061732e-04 3.196806572211553e-06
39 20 -6.259228385750114e-04 3.469875127377653e-17
0 21 -6.250000000050736e-04 -1.670184659355449e-06
1 21 -6.286487479058525e-04 2.623179992796321e-17
2 21 -6.250000000010226e-04 -4.864976212219703e-06
3 21 -6.281570643190490e-04 2.238461246962963e-17
4 21 -6.249999999941952e-04 -7.630774979228617e-06
5 21 -6.273695827842926e-04 1.149841374471012e-17
6 21 -6.249999999980515e-04 -9.708850787836192e-06
7 21 -6.263389500531676e-04 -4.167020389714647e-18
8 21 -6.250000000013754e-04 -1.088570876267052e-05
9 21 -6.251452201424017e-04 -2.067257573764371e-17
10 21 -6.250000000006268e-04 -1.101720205160483e-05
11 21 -6.238960451440286e-04 -3.444375093665100e-17
12 21 -6.250000000022258e-04 -1.005312860292372e-05
13 21 -6.227202220220965e-04 -4.291658356432962e-17
14 21 -6.249999999995915e-04 -8.056373592713931e-06
15 21 -6.217532087658438e-04 -4.556886610436605e-17
16 21 -6.249999999973576e-04 -5.209331421745505e-06
17 21 -6.211162271502811e-04 -4.362864701476855e-17
18 21 -6.250000000085269e-04 -1.801725781513294e-06
19 21 -6.208937801840441e-04 -3.914886710724843e-17
20 21 -6.250000000085301e-04 1.801725781610562e-06
21 21 -6.211162271502835e-04 -3.465562641813962e-17
22 21 -6.249999999973703e-04 5.209331421843169e-06
23 21 -6.217532087658368e-04 -3.173786785536441e-17
24 21 -6.249999999996218e-04 8.056373592810846e-06
25 21 -6.227202220220678e-04 -3.081284425247164e-17
26 21 -6.250000000022836e-04 1.005312860301476e-05
27 21 -6.238960451439662e-04 -3.038898591251040e-17
28 21 -6.250000000007156e-04 1.101720205168274e-05
29 21 -6.251452201423014e-04 -2.864746238926642e-17
30 21 -6.250000000014899e-04 1.088570876272679e-05
31 21 -6.263389500530395e-04 -2.356635783352201e-17
32 21 -6.249999999981787e-04 9.708850787864304e-06
33 21 -6.273695827841582e-04 -1.406238099524873e-17
34 21 -6.249999999943111e-04 7.630774979226718e-06
35 21 -6.281570643189357e-04 -1.324012018318476e-18
36 21 -6.250000000011044e-04 4.864976212192530e-06
37 21 -6.286487479057880e-04 1.203790666376168e-17
38 21 -6.250000000051030e-04 1.670184659313557e-06
39 21 -6.288156832616114e-04 2.217075525127560e-17
0 22 -6.249999999990041e-04 -3.629509827560602e-06
1 22 -6.312803220353688e-04 3.583724264266427e-17
2 22 -6.249999999969917e-04 -6.952063547492327e-06
3 22 -6.301201085373209e-04 4.357076326546023e-17
4 22 -6.249999999952753e-04 -9.673444436843436e-06
5 22 -6.284615411202250e-04 4.180837912905460e-17
6 22 -6.250000000001628e-04 -1.152936540189356e-05
7 22 -6.264178339585365e-04 3.152244744646205e-17
8 22 -6.250000000013691e-04 -1.230965297635481e-05
9 22 -6.241558044703673e-04 1.617070073584143e-17
10 22 -6.250000000005981e-04 -1.188838569272635e-05
11 22 -6.218931097461891e-04 2.928801616505786e-19
12 22 -6.249999999995210e-04 -1.025445690487056e-05
13 22 -6.198800432884083e-04 -1.228855387090569e-17
14 22 -6.249999999956513e-04 -7.533206358582914e-06
15 22 -6.183651209294027e-04 -1.969674655508080e-17
16 22 -6.249999999979041e-04 -3.988741014084719e-06
17 22 -6.175506526133351e-04 -2.209388434568379e-17
18 22 -6.249999999983333e-04 3.487253623267724e-17
19 22 -6.175506526133489e-04 -2.148706873089852e-17
20 22 -6.249999999978887e-04 3.988741014153189e-06
21 22 -6.183651209294376e-04 -2.107563401622398e-17
22 22 -6.249999999956361e-04 7.533206358647556e-06
23 22 -6.198800432884377e-04 -2.317429950533806e-17
24 22 -6.249999999995277e-04 1.025445690492853e-05
25 22 -6.218931097461846e-04 -2.829896983200997e-17
26 22 -6.250000000006491e-04 1.188838569277493e-05
27 22 -6.241558044703079e-04 -3.530013300937741e-17
28 22 -6.250000000014715e-04 1.230965297639113e-05
29 22 -6.264178339584203e-04 -4.099817857606317e-17
30 22 -6.250000000003087e-04 1.152936540191551e-05
31 22 -6.284615411200717e-04 -4.155613005911754e-17
32 22 -6.249999999954362e-04 9.673444436850441e-06
33 22 -6.301201085371655e-04 -3.481092124540808e-17
34 22 -6.249999999971292e-04 6.952063547485951e-06
35 22 -6.312803220352532e-04 -2.018752636028203e-17
36 22 -6.249999999990843e-04 3.629509827545017e-06
37 22 -6.318754632923546e-04 -4.558936613529595e-19
38 22 -6.250000000010184e-04 -9.493430111244567e-18
39 22 -6.318754632923980e-04 1.988814578572018e-17
0 23 -6.249999999978928e-04 -6.175593161351297e-06
1 23 -6.337854216956234e-04 5.341188308268934e-17
2 23 -6.249999999974116e-04 -9.738082666520960e-06
3 23 -6.316667192562632e-04 6.868838743837737e-17
4 23 -6.249999999987620e-04 -1.248152924015864e-05
5 23 -6.288560521494279e-04 7.102279713482313e-17
6 23 -6.250000000049725e-04 -1.411700621616635e-05
7 23 -6.255494358069641e-04 6.159167159063643e-17
8 23 -6.250000000047398e-04 -1.442024973027757e-05
9 23 -6.220331820426470e-04 4.490938567032378e-17
10 23 -6.249999999970821e-04 -1.327562387790558e-05
11 23 -6.186733614906644e-04 2.677075032030737e-17
12 23 -6.249999999941784e-04 -1.072002330456125e-05
13 23 -6.158752367888582e-04 1.220612143759289e-17
14 23 -6.249999999998582e-04 -6.970311917764257e-06
15 23 -6.140153569562172e-04 3.538527563708060e-18
16 23 -6.250000000006744e-04 -2.417870618834324e-06
17 23 -6.133627778586197e-04 4.155422936481041e-19
18 23 -6.250000000006513e-04 2.417870618859212e-06
19 23 -6.140153569562730e-04 -3.655237936222074e-19
20 23 -6.249999999997991e-04 6.970311917784673e-06
21 23 -6.158752367889441e-04 -3.047044807955520e-18
22 23 -6.249999999941170e-04 1.072002330457444e-05
23 23 -6.186733614907387e-04 -1.047589568647865e-17
24 23 -6.249999999970567e-04 1.327562387791120e-05
25 23 -6.220331820426688e-04 -2.309717508043106e-17
26 23 -6.250000000047780e-04 1.442024973027753e-05
27 23 -6.255494358069118e-04 -3.875839489944751e-17
28 23 -6.250000000050809e-04 1.411700621616404e-05
29 23 -6.288560521493053e-04 -5.194035342048407e-17
30 23 -6.249999999989211e-04 1.248152924015703e-05
31 23 -6.316667192561036e-04 -5.704020254516406e-17
32 23 -6.249999999975788e-04 9.738082666522256e-06
33 23 -6.337854216954763e-04 -4.995127319636590e-17
34 23 -6.249999999980191e-04 6.175593161356014e-06
35 23 -6.350951264839992e-04 -3.088691683235453e-17
36 23 -6.250000000019576e-04 2.114241376837313e-06
37 23 -6.355374367766497e-04 -2.763480500689452e-18
38 23 -6.250000000019107e-04 -2.114241376830378e-06
39 23 -6.350951264840869e-04 2.776170145364551e-17
0 24 -6.249999999949575e-04 -9.625074891226782e-06
1 24 -6.360998593510323e-04 6.913322025469342e-17
2 24 -6.249999999977245e-04 -1.352079072167284e-05
3 24 -6.326773326799595e-04 8.545839185267989e-17
4 24 -6.250000000024144e-04 -1.631048599564652e-05
5 24 -6.283634500696473e-04 8.611253078349120e-17
6 24 -6.250000000053991e-04 -1.765075394877050e-05
7 24 -6.234702921304101e-04 7.422834505710720e-17
8 24 -6.250000000033196e-04 -1.728007568111484e-05
9 24 -6.184570886044459e-04 5.572695831377851e-17
10 24 -6.249999999941119e-04 -1.509055195890209e-05
11 24 -6.139015085114987e-04 3.746098832231594e-17
12 24 -6.249999999939589e-04 -1.119598880119620e-05
13 24 -6.104160295627922e-04 2.489824121196472e-17
14 24 -6.249999999967417e-04 -5.966041401424471e-06
15 24 -6.085223239923023e-04 1.971035377548065e-17
16 24 -6.249999999986405e-04 -8.630426056380785e-18
17 24 -6.085223239923464e-04 1.943278236816268e-17
18 24 -6.249999999966675e-04 5.966041401404317e-06
19 24 -6.104160295629069e-04 1.966095864096237e-17
20 24 -6.249999999938423e-04 1.119598880116878e-05
21 24 -6.139015085116392e-04 1.464102629458290e-17
22 24 -6.249999999940031e-04 1.509055195886711e-05
23 24 -6.184570886045578e-04 1.662148916097641e-18
24 24 -6.250000000032640e-04 1.728007568107666e-05
25 24 -6.234702921304526e-04 -1.867432575507486e-17
26 24 -6.250000000054277e-04 1.765075394873636e-05
27 24 -6.283634500695994e-04 -4.185474708925101e-17
28 24 -6.250000000025213e-04 1.631048599562471e-05
29 24 -6.326773326798404e-04 -5.989345514367649e-17
30 24 -6.249999999978776e-04 1.352079072166856e-05
31 24 -6.360998593508872e-04 -6.642221854046548e-17
32 24 -6.249999999951068e-04 9.625074891240679e-06
33 24 -6.384503945387766e-04 -5.688977355864235e-17
34 24 -6.250000000014742e-04 4.994586653722817e-06
35 24 -6.396417205549223e-04 -3.209214875541039e-17
36 24 -6.250000000027863e-04 1.660454663126247e-17
37 24 -6.396417205549674e-04 3.172533254974477e-18
38 24 -6.250000000013844e-04 -4.994586653694771e-06
39 24 -6.384503945388935e-04 3.961294212425261e-17
0 25 -6.250000000015959e-04 -1.432994683405737e-05
1 25 -6.381208865284248e-04 7.315935645790591e-17
2 25 -6.250000000002787e-04 -1.863962469563317e-05
3 25 -6.329570287280778e-04 8.395956257776729e-17
4 25 -6.250000000012344e-04 -2.145321115619719e-05
5 25 -6.266705589415153e-04 7.960584375698151e-17
6 25 -6.250000000060460e-04 -2.232349491020558e-05
7 25 -6.197480372940141e-04 6.435574878874757e-17
8 25 -6.249999999969034e-04 -2.091977965428787e-05
9 25 -6.129161501489645e-04 4.609735171366105e-17
10 25 -6.249999999959669e-04 -1.715182043215570e-05
11 25 -6.070711844907127e-04 3.205067353133521e-17
12 25 -6.250000000039713e-04 -1.127718381157405e-05
13 25 -6.031105666515665e-04 2.611050220015694e-17
14 25 -6.250000000087569e-04 -3.934893263568115e-06
15 25 -6.017068889459197e-04 2.774897330643439e-17
16 25 -6.250000000087066e-04 3.934893263524893e-06
17 25 -6.031105666516696e-04 3.296534451959554e-17
18 25 -6.250000000038387e-04 1.127718381152483e-05
19 25 -6.070711844908825e-04 3.486157552213961e-17
20 25 -6.249999999957999e-04 1.715182043209779e-05
21 25 -6.129161501491431e-04 2.816249853891747e-17
22 25 -6.249999999967598e-04 2.091977965422502e-05
23 25 -6.197480372941437e-04 1.018531171910117e-17
24 25 -6.250000000059765e-04 2.232349491014722e-05
25 25 -6.266705589415584e-04 -1.603516336084581e-17
26 25 -6.250000000012588e-04 2.145321115615436e-05
27 25 -6.329570287280297e-04 -4.341624856045628e-17
28 25 -6.250000000003813e-04 1.863962469561625e-05
29 25 -6.381208865283152e-04 -6.342563778907431e-17
30 25 -6.250000000017322e-04 1.432994683407021e-05
31 25 -6.418984014103918e-04 -6.831970596503070e-17
32 25 -6.249999999952774e-04 8.991449322015683e-06
33 25 -6.441818377383438e-04 -5.537431995338841e-17
34 25 -6.249999999999717e-04 3.061161167452278e-06
35 25 -6.449438072252391e-04 -2.637593767337202e-17
36 25 -6.249999999999276e-04 -3.061161167397407e-06
37 25 -6.441818377384196e-04 1.106386398941200e-17
38 25 -6.249999999951640e-04 -8.991449321976375e-06
39 25 -6.418984014105112e-04 4.696459668735876e-17
0 26 -6.249999999984392e-04 -2.070690721349985e-05
1 26 -6.397041059811338e-04 6.015726812100898e-17
2 26 -6.250000000065331e-04 -2.551640626070442e-05
3 26 -6.322058381543410e-04 6.195010603225221e-17
4 26 -6.250000000042417e-04 -2.827850112270113e-05
5 26 -6.232787072555384e-04 5.173034229587568e-17
6 26 -6.249999999993955e-04 -2.835864789720648e-05
7 26 -6.136954266822863e-04 3.591029339527722e-17
8 26 -6.249999999957468e-04 -2.531408704843331e-05
9 26 -6.046236553453067e-04 2.174313002158211e-17
10 26 -6.250000000026297e-04 -1.911333132323262e-05
11 26 -5.974591967029125e-04 1.586130387642469e-17
12 26 -6.250000000029845e-04 -1.030102762461269e-05
13 26 -5.934877761779402e-04 1.975587264035490e-17
14 26 -6.249999999961615e-04 -2.108748548729132e-17
15 26 -5.934877761779976e-04 3.008260723658313e-17
16 26 -6.250000000028767e-04 1.030102762456695e-05
17 26 -5.974591967030659e-04 4.090047204914697e-17
18 26 -6.250000000024492e-04 1.911333132317749e-05
19 26 -6.046236553455063e-04 4.475260435723526e-17
20 26 -6.249999999955528e-04 2.531408704837017e-05
21 26 -6.136954266824718e-04 3.620971124832826e-17
22 26 -6.249999999992486e-04 2.835864789714235e-05
23 26 -6.232787072556578e-04 1.494176963353200e-17
24 26 -6.250000000041813e-04 2.827850112264865e-05
25 26 -6.322058381543684e-04 -1.382442630616169e-17
26 26 -6.250000000065665e-04 2.551640626067716e-05
27 26 -6.397041059810814e-04 -4.212505312691596e-17
28 26 -6.249999999985358e-04 2.070690721350658e-05
29 26 -6.453885910094356e-04 -6.080780441785928e-17
30 26 -6.249999999959946e-04 1.449583416380860e-05
31 26 -6.491488393029488e-04 -6.294216868470862e-17
32 26 -6.250000000002980e-04 7.442092205422801e-06
33 26 -6.510078633880765e-04 -4.748469208746485e-17
34 26 -6.249999999982214e-04 3.786532408308116e-17
35 26 -6.510078633881096e-04 -1.879522284931803e-17
36 26 -6.250000000002273e-04 -7.442092205356362e-06
37 26 -6.491488393030342e-04 1.463892564581422e-17
38 26 -6.249999999958844e-04 -1.449583416376766e-05
39 26 -6.453885910095300e-04 4.351256178968260e-17
0 27 -6.249999999939392e-04 -2.929309617435587e-05
1 27 -6.406609550010593e-04 3.174285895614045e-17
2 27 -6.250000000035391e-04 -3.472709720605598e-05
3 27 -6.299636729911731e-04 2.544382334226278e-17
4 27 -6.250000000038715e-04 -3.729214931539139e-05
5 27 -6.173887094779623e-04 1.206882890243952e-17
6 27 -6.249999999977555e-04 -3.602387532765777e-05
7 27 -6.042173005854438e-04 -1.337554561161865e-18
8 27 -6.250000000008292e-04 -3.031706764375163e-05
9 27 -5.923826734507137e-04 -7.255069682620489e-18
10 27 -6.250000000047742e-04 -2.031880138986675e-05
11 27 -5.840793240748095e-04 -2.584823354985603e-18
12 27 -6.249999999951672e-04 -7.161955970108974e-06
13 27 -5.810829045574870e-04 1.160001406342991e-17
14 27 -6.249999999951122e-04 7.161955970088410e-06
15 27 -5.840793240749102e-04 3.009460244807962e-17
16 27 -6.250000000046262e-04 2.031880138983834e-05
17 27 -5.923826734508837e-04 4.558785975991777e-17
18 27 -6.250000000006350e-04 3.031706764371223e-05
19 27 -6.042173005856336e-04 5.008155272473965e-17
20 27 -6.249999999975743e-04 3.602387532761095e-05
21 27 -6.173887094781153e-04 4.028350316016522e-17
22 27 -6.250000000037534e-04 3.729214931534758e-05
23 27 -6.299636729912548e-04 1.789189287573790e-17
24 27 -6.250000000035065e-04 3.472709720602866e-05
25 27 -6.406609550010596e-04 -1.048580014674577e-17
26 27 -6.249999999939837e-04 2.929309617435713e-05
27 27 -6.488913364733271e-04 -3.643723691212954e-17
28 27 -6.250000000002789e-04 2.196653513896496e-05
29 27 -6.545679763891211e-04 -5.182791974598144e-17
30 27 -6.250000000048201e-04 1.353807427027812e-05
31 27 -6.578483658765646e-04 -5.176091807849605e-17
32 27 -6.250000000023542e-04 4.566034311366968e-06
33 27 -6.589164668075191e-04 -3.729266212261128e-17
34 27 -6.250000000023235e-04 -4.566034311283469e-06
35 27 -6.578483658766156e-04 -1.411625616989798e-17
36 27 -6.250000000047413e-04 -1.353807427021229e-05
37 27 -6.545679763891972e-04 1.016627600698259e-17
38 27 -6.250000000001910e-04 -2.196653513892951e-05
39 27 -6.488913364733853e-04 2.678773090766870e-17
0 28 -6.249999999978745e-04 -4.085220829689242e-05
1 28 -6.407492333887499e-04 -2.890572568662631e-18
2 28 -6.249999999958168e-04 -4.713022205370118e-05
3 28 -6.254985946698856e-04 -1.451829422540561e-17
4 28 -6.249999999975896e-04 -4.923455228784042e-05
5 28 -6.076785546719367e-04 -2.672869464154214e-17
6 28 -6.249999999971208e-04 -4.562674777513372e-05
7 28 -5.895347838969366e-04 -3.328889778936095e-17
8 28 -6.250000000034431e-04 -3.550556300965875e-05
9 28 -5.743817801028801e-04 -2.987471819936012e-17
10 28 -6.250000000055253e-04 -1.951386276501893e-05
11 28 -5.656816134389287e-04 -1.491298771276028e-17
12 28 -6.249999999971288e-04 7.406837940090877e-18
13 28 -5.656816134389699e-04 7.680721299631740e-18
14 28 -6.250000000054346e-04 1.951386276502881e-05
15 28 -5.743817801029916e-04 3.110616985549232e-17
16 28 -6.250000000032924e-04 3.550556300965740e-05
17 28 -5.895347838970844e-04 4.808875873796194e-17
18 28 -6.249999999969550e-04 4.562674777512018e-05
19 28 -6.076785546720775e-04 5.230493998480567e-17
20 28 -6.249999999974559e-04 4.923455228781984e-05
21 28 -6.254985946699816e-04 4.228943515177511e-17
22 28 -6.249999999957486e-04 4.713022205368497e-05
23 28 -6.407492333887834e-04 2.115731243098727e-17
24 28 -6.249999999978755e-04 4.085220829689291e-05
25 28 -6.524515430155754e-04 -4.554183111287761e-18
26 28 -6.249999999974898e-04 3.198942293016589e-05
27 28 -6.605748474597703e-04 -2.611069853343658e-17
28 28 -6.250000000008160e-04 2.177587609110477e-05
29 28 -6.655558782048888e-04 -3.793727176779251e-17
30 28 -6.250000000057862e-04 1.098207370394678e-05
31 28 -6.678931711604291e-04 -3.765036945636346e-17
32 28 -6.250000000068304e-04 4.221642315317029e-17
33 28 -6.678931711604502e-04 -2.777640692248419e-17
34 28 -6.250000000057392e-04 -1.098207370387074e-05
35 28 -6.655558782049416e-04 -1.338711426053171e-17
36 28 -6.250000000007458e-04 -2.177587609105004e-05
37 28 -6.605748474598259e-04 -2.009523476588597e-18
38 28 -6.249999999974364e-04 -3.198942293013939e-05
39 28 -6.524515430155992e-04 1.932872430545518e-18
0 29 -6.249999999975203e-04 -5.657537169819401e-05
1 29 -6.396403930380499e-04 -3.277500555103617e-17
2 29 -6.249999999950439e-04 -6.409995351595895e-05
3 29 -6.175710044706629e-04 -4.450831512072423e-17
4 29 -6.249999999988070e-04 -6.523436573498768e-05
5 29 -5.918609349248945e-04 -5.185303232001937e-17
6 29 -6.249999999996479e-04 -5.744506263831625e-05
7 29 -5.666874596373470e-04 -5.090642285200661e-17
8 29 -6.249999999982752e-04 -3.981183584402594e-05
9 29 -5.479248261053578e-04 -3.863734303773706e-17
10 29 -6.250000000040156e-04 -1.428502038798276e-05
11 29 -5.409392323463982e-04 -1.663199024813644e-17
12 29 -6.250000000039825e-04 1.428502038802827e-05
13 29 -5.479248261054066e-04 9.772239484867592e-18
14 29 -6.249999999981873e-04 3.981183584406199e-05
15 29 -5.666874596374301e-04 3.418662669216646e-17
16 29 -6.249999999995351e-04 5.744506263833887e-05
17 29 -5.918609349249874e-04 5.007627446365697e-17
18 29 -6.249999999987014e-04 6.523436573499670e-05
19 29 -6.175710044707358e-04 5.312452205574865e-17
20 29 -6.249999999949756e-04 6.409995351596157e-05
21 29 -6.396403930380852e-04 4.408157946102228e-17
22 29 -6.249999999975010e-04 5.657537169819914e-05
23 29 -6.562802416298051e-04 2.588285795540728e-17
24 29 -6.249999999983247e-04 4.539803973303612e-05
25 29 -6.675526441290247e-04 5.422603929219593e-18
26 29 -6.249999999968237e-04 3.265078214812414e-05
27 29 -6.744297065312325e-04 -1.152776428141608e-17
28 29 -6.249999999988145e-04 1.952836835340646e-05
29 29 -6.780212017915209e-04 -2.110011115346089e-17
30 29 -6.249999999996684e-04 6.484089203394065e-06
31 29 -6.791239430932404e-04 -2.272802570607816e-17
32 29 -6.249999999996502e-04 -6.484089203327655e-06
33 29 -6.780212017915491e-04 -1.975010395927529e-17
34 29 -6.249999999987684e-04 -1.952836835335121e-05
35 29 -6.744297065312736e-04 -1.597826520387456e-17
36 29 -6.249999999967720e-04 -3.265078214808745e-05
37 29 -6.675526441290578e-04 -1.592716750268985e-17
38 29 -6.249999999982977e-04 -4.539803973301806e-05
39 29 -6.562802416298104e-04 -2.196455401041484e-17
0 30 -6.250000000025931e-04 -7.846513241721764e-05
1 30 -6.368285618887008e-04 -4.775748534574242e-17
2 30 -6.249999999962295e-04 -8.796007690064330e-05
3 30 -6.039189876486765e-04 -5.567512724141890e-17
4 30 -6.250000000004292e-04 -8.703980129729239e-05
5 30 -5.657748192170823e-04 -5.693253209275571e-17
6 30 -6.249999999988857e-04 -7.145206217329160e-05
7 30 -5.306476136097190e-04 -4.928321646709953e-17
8 30 -6.249999999969994e-04 -4.066944408263736e-05
9 30 -5.092112574832659e-04 -3.257224620273772e-17
10 30 -6.249999999974558e-04 3.176285093150594e-17
11 30 -5.092112574832744e-04 -8.853013664240248e-18
12 30 -6.249999999969699e-04 4.066944408269648e-05
13 30 -5.306476136097421e-04 1.675588518575409e-17
14 30 -6.249999999988379e-04 7.145206217333959e-05
15 30 -5.657748192171115e-04 3.775040087967918e-17
16 30 -6.250000000003791e-04 8.703980129732579e-05
17 30 -6.039189876487008e-04 5.061566249402890e-17
18 30 -6.249999999961929e-04 8.796007690066248e-05
19 30 -6.368285618887142e-04 5.266933073988504e-17
20 30 -6.250000000025823e-04 7.846513241722863e-05
21 30 -6.609147221861957e-04 4.571272439465167e-17
22 30 -6.250000000031157e-04 6.350667416639754e-05
23 30 -6.763729140200785e-04 3.265288822847106e-17
24 30 -6.249999999998851e-04 4.681377916284994e-05
25 30 -6.852066121533044e-04 1.788977887402377e-17
26 30 -6.249999999986789e-04 3.039920661478008e-05
27 30 -6.896670554545966e-04 5.365192414002333e-18
28 30 -6.249999999941009e-04 1.487818236392579e-05
29 30 -6.914574563285036e-04 -3.289833479981121e-18
30 30 -6.249999999967304e-04 1.943461444401401e-17
31 30 -6.914574563285117e-04 -8.522776800353106e-18
32 30 -6.249999999940792e-04 -1.487818236389068e-05
33 30 -6.896670554546163e-04 -1.239916986203900e-17
34 30 -6.249999999986462e-04 -3.039920661475326e-05
35 30 -6.852066121533289e-04 -1.729125159175499e-17
36 30 -6.249999999998532e-04 -4.681377916283233e-05
37 30 -6.763729140200956e-04 -2.533190108360489e-17
38 30 -6.250000000030990e-04 -6.350667416638705e-05
39 30 -6.609147221861976e-04 -3.628678104103012e-17
0 31 -6.250000000070726e-04 -1.100953619819686e-04
1 31 -6.313986977285080e-04 -4.416459316074933e-17
2 31 -6.250000000026424e-04 -1.228258464514845e-04
3 31 -5.800799076733515e-04 -4.725764558591273e-17
4 31 -6.250000000028936e-04 -1.173213938815035e-04
5 31 -5.214540117848181e-04 -4.315928209123312e-17
6 31 -6.249999999961566e-04 -8.642483529279686e-05
7 31 -4.728333074363685e-04 -3.269072830029515e-17
8 31 -6.249999999939156e-04 -3.204291081103371e-05
9 31 -4.537113079391072e-04 -1.616237705642637e-17
10 31 -6.249999999939181e-04 3.204291081109458e-05
11 31 -4.728333074363560e-04 4.195967292576092e-18
12 31 -6.249999999961635e-04 8.642483529285166e-05
13 31 -5.214540117847947e-04 2.357688903340927e-17
14 31 -6.250000000029039e-04 1.173213938815460e-04
15 31 -5.800799076733243e-04 3.938293692693574e-17
16 31 -6.250000000026551e-04 1.228258464515122e-04
17 31 -6.313986977284802e-04 4.856338773494149e-17
18 31 -6.250000000070892e-04 1.100953619819828e-04
19 31 -6.675275662545213e-04 5.137437047107237e-17
20 31 -6.250000000043400e-04 8.855335625024089e-05
21 31 -6.888386562806380e-04 4.780560635052828e-17
22 31 -6.250000000026346e-04 6.523436573500824e-05
23 31 -6.994446077424247e-04 4.056589365913300e-17
24 31 -6.250000000023717e-04 4.369360657457256e-05
25 31 -7.037727450349708e-04 3.132856263753688e-17
26 31 -6.250000000002177e-04 2.483052108509676e-05
27 31 -7.051146109008827e-04 2.211901177520485e-17
28 31 -6.249999999973436e-04 8.026908925535745e-06
29 31 -7.053604704181445e-04 1.333284022710836e-17
30 31 -6.249999999973404e-04 -8.026908925534791e-06
31 31 -7.051146109008830e-04 5.071116709288708e-18
32 31 -6.250000000002073e-04 -2.483052108509725e-05
33 31 -7.037727450349713e-04 -3.898141387795700e-18
34 31 -6.250000000023569e-04 -4.369360657457439e-05
35 31 -6.994446077424287e-04 -1.400861767994220e-17
36 31 -6.250000000026155e-04 -6.523436573500915e-05
37 31 -6.888386562806498e-04 -2.541146254131406e-17
38 31 -6.250000000043202e-04 -8.855335625023689e-05
39 31 -6.675275662545391e-04 -3.568983493886498e-17
0 32 -6.250000000044413e-04 -1.582097310971319e-04
1 32 -6.214308018057442e-04 -2.536068038316632e-17
2 32 -6.250000000037981e-04 -1.763287135626430e-04
3 32 -5.365021278517784e-04 -2.442887277230541e-17
4 32 -6.250000000024527e-04 -1.598571045124027e-04
5 32 -4.428862949291649e-04 -1.859391106963888e-17
6 32 -6.249999999975429e-04 -9.720609629922779e-05
7 32 -3.790893588942865e-04 -1.003845336226884e-17
8 32 -6.249999999995572e-04 2.201604865253497e-17
9 32 -3.790893588942656e-04 1.589108880289129e-18
10 32 -6.249999999975745e-04 9.720609629927070e-05
11 32 -4.428862949291135e-04 1.367306620173186e-17
12 32 -6.250000000025045e-04 1.598571045124379e-04
13 32 -5.365021278517107e-04 2.606410682661789e-17
14 32 -6.250000000038598e-04 1.763287135626681e-04
15 32 -6.214308018056792e-04 3.586134561262930e-17
16 32 -6.250000000044951e-04 1.582097310971438e-04
17 32 -6.786063610807213e-04 4.300138834984607e-17
18 32 -6.250000000052539e-04 1.245580287721783e-04
19 32 -7.085783983393829e-04 4.754642956316152e-17
20 32 -6.250000000028319e-04 8.946057442231999e-05
21 32 -7.201937291411545e-04 4.857616259987252e-17
22 32 -6.250000000049644e-04 5.937820383890609e-05
23 32 -7.222829897989159e-04 4.716186116646668e-17
24 32 -6.249999999994580e-04 3.550556300965971e-05
25 32 -7.209205941541889e-04 4.253161932590167e-17
26 32 -6.250000000005543e-04 1.647965901957779e-05
27 32 -7.195093440214537e-04 3.552385917030310e-17
28 32 -6.250000000062705e-04 -1.876581060125459e-17
29 32 -7.195093440214442e-04 2.684022065924098e-17
30 32 -6.250000000005631e-04 -1.647965901961370e-05
31 32 -7.209205941541669e-04 1.676987499002001e-17
32 32 -6.249999999994681e-04 -3.550556300969082e-05
33 32 -7.222829897988920e-04 5.816758854558339e-18
34 32 -6.250000000049673e-04 -5.937820383892988e-05
35 32 -7.201937291411453e-04 -5.375915287003685e-18
36 32 -6.250000000028161e-04 -8.946057442233392e-05
37 32 -7.085783983393994e-04 -1.475484383003011e-17
38 32 -6.250000000052155e-04 -1.245580287721786e-04
39 32 -6.786063610807642e-04 -2.180640889353541e-17
0 33 -6.249999999992885e-04 -2.363840479682563e-04
1 33 -6.023405853052854e-04 -6.975523516760069e-19
2 33 -6.249999999996343e-04 -2.633741574706567e-04
3 33 -4.508211655963989e-04 1.985091640505110e-18
4 33 -6.249999999982982e-04 -2.184874305636462e-04
5 33 -2.966177980176431e-04 5.238257422048370e-18
6 33 -6.250000000057405e-04 -8.642429662279445e-05
7 33 -2.293980861405270e-04 9.332027911146829e-18
8 33 -6.250000000057640e-04 8.642429662281429e-05
9 33 -2.966177980175943e-04 1.191462625884054e-17
10 33 -6.249999999983686e-04 2.184874305636637e-04
11 33 -4.508211655963218e-04 1.543520416616348e-17
12 33 -6.249999999997297e-04 2.633741574706709e-04
13 33 -6.023405853051982e-04 2.013282079088681e-17
14 33 -6.249999999993774e-04 2.363840479682639e-04
15 33 -6.996571311955993e-04 2.548986612150032e-17
16 33 -6.249999999978826e-04 1.790663878385520e-04
17 33 -7.430455711544566e-04 3.283833846021890e-17
18 33 -6.249999999960265e-04 1.219627610487992e-04
19 33 -7.532585061316403e-04 4.021580973543460e-17
20 33 -6.249999999999828e-04 7.707673088619410e-05
21 33 -7.487592165442134e-04 4.609028253386943e-17
22 33 -6.249999999977900e-04 4.529838240268337e-05
23 33 -7.406070461855123e-04 5.000584181367401e-17
24 33 -6.250000000013642e-04 2.335300513527218e-05
25 33 -7.342368289794136e-04 4.893507167133210e-17
26 33 -6.250000000026643e-04 7.161955970069282e-06
27 33 -7.319142156430853e-04 4.416969724471464e-17
28 33 -6.250000000026768e-04 -7.161955970136368e-06
29 33 -7.342368289793818e-04 3.592423282949595e-17
30 33 -6.250000000013970e-04 -2.335300513533191e-05
31 33 -7.406070461854636e-04 2.552625970326100e-17
32 33 -6.249999999978245e-04 -4.529838240273089e-05
33 33 -7.487592165441709e-04 1.517663049120706e-17
34 33 -6.249999999999973e-04 -7.707673088622640e-05
35 33 -7.532585061316267e-04 6.886901746582649e-18
36 33 -6.249999999960034e-04 -1.219627610488155e-04
37 33 -7.430455711544842e-04 1.127827287686564e-18
38 33 -6.249999999978201e-04 -1.790663878385541e-04
39 33 -6.996571311956663e-04 -1.018218910079047e-18
0 34 -6.249999999975638e-04 -3.744012692520676e-04
1 34 -5.615554063971369e-04 2.128272106434546e-17
2 34 -6.250000000013723e-04 -4.147863789656144e-04
3 34 -2.650247810683888e-04 2.262675114031259e-17
4 34 -6.250000000014357e-04 -2.892765495017923e-04
5 34 -1.248710149064546e-05 2.087127295769426e-17
6 34 -6.250000000079144e-04 -4.600504704809850e-19
7 34 -1.248710149061918e-05 1.603657686305757e-17
8 34 -6.250000000014987e-04 2.892765495017918e-04
9 34 -2.650247810683243e-04 1.058215769928036e-17
10 34 -6.250000000014765e-04 4.147863789656173e-04
11 34 -5.615554063970470e-04 5.864868796008324e-18
12 34 -6.249999999976746e-04 3.744012692520707e-04
13 34 -7.440768789879270e-04 4.514576070864739e-18
14 34 -6.249999999935038e-04 2.669240285924080e-04
15 34 -8.084425888630491e-04 8.726499247500614e-18
16 34 -6.249999999992301e-04 1.663597295440203e-04
17 34 -8.097304413065446e-04 1.704569513671251e-17
18 34 -6.249999999958123e-04 9.525511483661978e-05
19 34 -7.892436803221752e-04 2.881795406250877e-17
20 34 -6.249999999955702e-04 5.110534876715333e-05
21 34 -7.669693476802522e-04 3.983819172178017e-17
22 34 -6.249999999988901e-04 2.537144278565588e-05
23 34 -7.504732999529766e-04 4.743362956680227e-17
24 34 -6.250000000005058e-04 1.030102762455548e-05
25 34 -7.419964739173813e-04 4.933367776886099e-17
26 34 -6.250000000016598e-04 -4.098682929722976e-17
27 34 -7.419964739173594e-04 4.573056084339479e-17
28 34 -6.250000000005409e-04 -1.030102762463230e-05
29 34 -7.504732999529182e-04 3.812628504981662e-17
30 34 -6.249999999989465e-04 -2.537144278571855e-05
31 34 -7.669693476801844e-04 2.945420894059868e-17
32 34 -6.249999999956171e-04 -5.110534876719676e-05
33 34 -7.892436803221268e-04 2.221791155806097e-17
34 34 -6.249999999958236e-04 -9.525511483664351e-05
35 34 -8.097304413065363e-04 1.707472492931564e-17
36 34 -6.249999999991914e-04 -1.663597295440281e-04
37 34 -8.084425888630925e-04 1.694391666166975e-17
38 34 -6.249999999934196e-04 -2.669240285924073e-04
39 34 -7.440768789880092e-04 1.834519408244340e-17
0 35 -6.250000000003470e-04 -6.460088330154751e-04
1 35 -4.575969934620632e-04 3.593670554850978e-17
2 35 -6.250000000022919e-04 -6.971700339891841e-04
3 35 1.889297785656062e-04 3.196117752276810e-17
4 35 -6.250000000002642e-04 -3.187911568662937e-04
5 35 5.396753792135442e-04 2.320853207522237e-17
6 35 -6.250000000003000e-04 3.187911568662824e-04
7 35 1.889297785656438e-04 1.092910671863357e-17
8 35 -6.250000000023889e-04 6.971700339891811e-04
9 35 -4.575969934619960e-04 -2.550633941653790e-18
10 35 -6.250000000004622e-04 6.460088330154802e-04
11 35 -8.494720339557768e-04 -1.339987829187539e-17
12 35 -6.249999999971756e-04 4.189301694974548e-04
13 35 -9.429935282329869e-04 -1.759565189647582e-17
14 35 -6.250000000020606e-04 2.264025674495870e-04
15 35 -9.111519823012447e-04 -1.330057798303107e-17
16 35 -6.249999999975203e-04 1.085475175055135e-04
17 35 -8.532403190697235e-04 -1.732085950009768e-18
18 35 -6.249999999969268e-04 4.647860126194796e-05
19 35 -8.035042512121848e-04 1.380911213751683e-17
20 35 -6.249999999984303e-04 1.715182043210240e-05
21 35 -7.692285918761008e-04 2.897438844730641e-17
22 35 -6.249999999975023e-04 5.019072349041008e-06
23 35 -7.498015110896816e-04 3.879266813119449e-17
24 35 -6.249999999973224e-04 9.006895180700896e-07
25 35 -7.435565139184227e-04 4.224980003752361e-17
26 35 -6.249999999973446e-04 -9.006895181452551e-07
27 35 -7.498015110896360e-04 3.992493044576950e-17
28 35 -6.249999999975575e-04 -5.019072349103536e-06
29 35 -7.692285918760272e-04 3.338233461775822e-17
30 35 -6.249999999984972e-04 -1.715182043214418e-05
31 35 -8.035042512121135e-04 2.583824193677419e-17
32 35 -6.249999999969719e-04 -4.647860126196708e-05
33 35 -8.532403190696802e-04 2.240054824756423e-17
34 35 -6.249999999975176e-04 -1.085475175055131e-04
35 35 -9.111519823012516e-04 2.330455820813345e-17
36 35 -6.250000000020068e-04 -2.264025674495753e-04
37 35 -9.429935282330378e-04 2.725201816213077e-17
38 35 -6.249999999970736e-04 -4.189301694974427e-04
39 35 -8.494720339558531e-04 3.167603870053964e-17
0 36 -6.250000000015553e-04 -1.269065770997360e-03
1 36 -1.135712923546284e-04 3.678381090241048e-17
2 36 -6.249999999972778e-04 -1.245091514583710e-03
3 36 1.442583460556842e-03 2.907063478643226e-17
4 36 -6.249999999956070e-04 -4.669048495005559e-18
5 36 1.442583460556854e-03 1.692968483401861e-17
6 36 -6.249999999973474e-04 1.245091514583710e-03
7 36 -1.135712923545922e-04 -2.148243145931392e-18
8 36 -6.250000000016645e-04 1.269065770997375e-03
9 36 -1.144888225561986e-03 -2.312558150852572e-17
10 36 -6.249999999998850e-04 7.016993753888671e-04
11 36 -1.245721171105538e-03 -3.714917210387621e-17
12 36 -6.249999999994405e-04 2.981449432920460e-04
13 36 -1.099096514182706e-03 -4.222699546736417e-17
14 36 -6.250000000028818e-04 9.950901626023692e-05
15 36 -9.534085021578606e-04 -3.573108606452681e-17
16 36 -6.250000000032862e-04 1.728007568109124e-05
17 36 -8.524030571152155e-04 -2.036619264273575e-17
18 36 -6.249999999996576e-04 -1.046826964883646e-05
19 36 -7.899405112175842e-04 -2.525850784637994e-18
20 36 -6.249999999972465e-04 -1.459527291760811e-05
21 36 -7.546826301116917e-04 1.422214003505730e-17
22 36 -6.250000000017453e-04 -9.015273357575046e-06
23 36 -7.388715567605023e-04 2.556853633863456e-17
24 36 -6.250000000041525e-04 -2.668646411703704e-17
25 36 -7.388715567604825e-04 2.938046078844361e-17
26 36 -6.250000000017843e-04 9.015273357529252e-06
27 36 -7.546826301116365e-04 2.711858629356165e-17
28 36 -6.249999999973067e-04 1.459527291758229e-05
29 36 -7.899405112175152e-04 2.138958382716880e-17
30 36 -6.249999999997129e-04 1.046826964883447e-05
31 36 -8.524030571151559e-04 1.649748204971724e-17
32 36 -6.250000000033061e-04 -1.728007568106963e-05
33 36 -9.534085021578354e-04 1.679513235898038e-17
34 36 -6.250000000028591e-04 -9.950901626020210e-05
35 36 -1.099096514182725e-03 2.126219221451177e-17
36 36 -6.249999999993714e-04 -2.981449432920102e-04
37 36 -1.245721171105591e-03 2.842276949362078e-17
38 36 -6.249999999997840e-04 -7.016993753888392e-04
39 36 -1.144888225562040e-03 3.593828701277155e-17
0 37 -6.249999999989599e-04 -3.074589858412221e-03
1 37 1.499058038609622e-03 3.067816348363500e-17
2 37 -6.249999999960987e-04 -2.110932267235768e-03
3 37 5.098825398746024e-03 2.156050704627023e-17
4 37 -6.249999999961272e-04 2.110932267235776e-03
5 37 1.499058038609627e-03 6.878774541747833e-18
6 37 -6.249999999990373e-04 3.074589858412240e-03
7 37 -2.209513812846173e-03 -1.876111140882535e-17
8 37 -6.250000000013412e-04 1.249835010596541e-03
9 37 -1.993454049638559e-03 -4.374973994657732e-17
10 37 -6.250000000015318e-04 3.282115249390437e-04
11 37 -1.444422675045509e-03 -5.976571922640879e-17
12 37 -6.250000000012799e-04 1.411700621618630e-05
13 37 -1.096881226254799e-03 -6.219616307975580e-17
14 37 -6.250000000034982e-04 -6.743801258118744e-05
15 37 -9.076779140168339e-04 -5.318881214800772e-17
16 37 -6.250000000063788e-04 -7.294839871743111e-05
17 37 -8.066468449977590e-04 -3.634254308151000e-17
18 37 -6.250000000008620e-04 -5.617644363489145e-05
19 37 -7.531776920042036e-04 -1.668144770118893e-17
20 37 -6.249999999976809e-04 -3.408254364080080e-05
21 37 -7.270759177252425e-04 -1.271044484454577e-19
22 37 -6.250000000012183e-04 -1.133358544493779e-05
23 37 -7.192412109340288e-04 1.058490345872298e-17
24 37 -6.250000000012341e-04 1.133358544492169e-05
25 37 -7.270759177252177e-04 1.296850791032055e-17
26 37 -6.249999999977180e-04 3.408254364079937e-05
27 37 -7.531776920041623e-04 9.873876510075379e-18
28 37 -6.250000000009066e-04 5.617644363491492e-05
29 37 -8.066468449977157e-04 5.589161223431946e-18
30 37 -6.250000000064019e-04 7.294839871747945e-05
31 37 -9.076779140168053e-04 3.483697313384466e-18
32 37 -6.250000000034917e-04 6.743801258125354e-05
33 37 -1.096881226254797e-03 6.643035660947957e-18
34 37 -6.250000000012407e-04 -1.411700621611799e-05
35 37 -1.444422675045538e-03 1.320647737419619e-17
36 37 -6.250000000014621e-04 -3.282115249389868e-04
37 37 -1.993454049638599e-03 2.253233507398991e-17
38 37 -6.250000000012571e-04 -1.249835010596505e-03
39 37 -2.209513812846205e-03 2.951076482676850e-17
0 38 -6.249999999997374e-04 -1.045684449765560e-02
1 38 1.235483469706935e-02 2.110165406520118e-17
2 38 -6.250000000003529e-04 2.822268355078810e-18
3 38 1.235483469706935e-02 1.561564153436673e-17
4 38 -6.249999999997838e-04 1.045684449765562e-02
5 38 -7.578810219519305e-03 -3.886133139464720e-18
6 38 -6.250000000010331e-04 2.115770089406455e-03
7 38 -3.925417128610297e-03 -3.399563322619838e-17
8 38 -6.250000000031276e-04 9.673444436884913e-06
9 38 -1.990761284649411e-03 -5.695261686678930e-17
10 38 -6.250000000001111e-04 -3.042006302969177e-04
11 38 -1.240621804457737e-03 -7.207556682201565e-17
12 38 -6.250000000004285e-04 -2.695248043199912e-04
13 38 -9.360599476617753e-04 -7.327255888181187e-17
14 38 -6.250000000025833e-04 -1.930609706006326e-04
15 38 -8.006679058995848e-04 -6.343626356316254e-17
16 38 -6.250000000037688e-04 -1.278267715164314e-04
17 38 -7.360139897193482e-04 -4.544443238990107e-17
18 38 -6.250000000040129e-04 -7.713740537480485e-05
19 38 -7.047062582444523e-04 -2.647083575501758e-17
20 38 -6.250000000022690e-04 -3.623728112035850e-05
21 38 -6.917761583156354e-04 -1.144676599532965e-17
22 38 -6.250000000028933e-04 8.857068767856219e-18
23 38 -6.917761583156317e-04 -3.562939585054773e-18
24 38 -6.250000000022801e-04 3.623728112038416e-05
25 38 -7.047062582444465e-04 -3.159658174508816e-18
26 38 -6.250000000040277e-04 7.713740537485169e-05
27 38 -7.360139897193409e-04 -6.485505053350574e-18
28 38 -6.250000000037766e-04 1.278267715165026e-04
29 38 -8.006679058995801e-04 -1.014490707368303e-17
30 38 -6.250000000025777e-04 1.930609706007245e-04
31 38 -9.360599476617749e-04 -9.967438661316076e-18
32 38 -6.250000000004063e-04 2.695248043200900e-04
33 38 -1.240621804457746e-03 -4.786194442984163e-18
34 38 -6.250000000000728e-04 3.042006302970047e-04
35 38 -1.990761284649420e-03 4.914992424226807e-18
36 38 -6.250000000030743e-04 -9.673444436819223e-06
37 38 -3.925417128610315e-03 1.735498176722709e-17
38 38 -6.250000000009886e-04 -2.115770089406415e-03
39 38 -7.578810219519301e-03 2.571880792704689e-17
0 39 -6.250000000006402e-04 -5.543490979466480e-02
1 39 1.083709149744261e-01 1.542160595652346e-17
2 39 -6.250000000006262e-04 5.543490979466477e-02
3 39 -4.561581470691666e-02 8.657112217933974e-18
4 39 -6.250000000003312e-04 4.864976212225991e-06
5 39 -7.576008404425318e-03 -1.431892121121752e-17
6 39 -6.250000000038328e-04 -2.101187250879665e-03
7 39 -2.203955000580097e-03 -3.734066047229845e-17
8 39 -6.250000000006897e-04 -1.230388077142095e-03
9 39 -1.136697049570346e-03 -6.115586472031710e-17
10 39 -6.249999999961961e-04 -6.772928759044318e-04
11 39 -8.389086435551932e-04 -7.216857628147891e-17
12 39 -6.249999999967425e-04 -3.892733427501334e-04
13 39 -7.316021917851592e-04 -7.340140752042165e-17
14 39 -6.249999999976637e-04 -2.313544937287079e-04
15 39 -6.860065472174311e-04 -6.223624070602456e-17
16 39 -6.250000000016233e-04 -1.362829170397144e-04
17 39 -6.648786899565202e-04 -4.553427658501835e-17
18 39 -6.250000000034669e-04 -7.221847529666182e-05
19 39 -6.553151017282947e-04 -2.930266263417190e-17
20 39 -6.249999999906111e-04 -2.265167695268703e-05
21 39 -6.525423029443584e-04 -1.687949122123704e-17
22 39 -6.249999999906042e-04 2.265167695273369e-05
23 39 -6.553151017283120e-04 -1.209545693285031e-17
24 39 -6.250000000034548e-04 7.221847529672265e-05
25 39 -6.648786899565519e-04 -1.316097560289774e-17
26 39 -6.250000000016052e-04 1.362829170397975e-04
27 39 -6.860065472174669e-04 -1.725190046395942e-17
28 39 -6.249999999976430e-04 2.313544937288116e-04
29 39 -7.316021917851876e-04 -1.945965608818518e-17
30 39 -6.249999999967198e-04 3.892733427502479e-04
31 39 -8.389086435552066e-04 -1.752148788747915e-17
32 39 -6.249999999961751e-04 6.772928759045389e-04
33 39 -1.136697049570341e-03 -9.053619422586914e-18
34 39 -6.250000000006702e-04 1.230388077142178e-03
35 39 -2.203955000580079e-03 1.896289008732991e-18
36 39 -6.250000000038210e-04 2.101187250879713e-03
37 39 -7.576008404425301e-03 1.848628763980741e-17
38 39 -6.250000000003214e-04 -4.864976212206553e-06
39 39 -4.561581470691668e-02 3.463257943389168e-17
