0 0 7.500000000000007e-01 -8.346763807334375e-17
1 0 1.089996477716902e-01 5.257072450287076e-17
2 0 -1.359985105221994e-15 -5.543657997932189e-02
3 0 1.299191215769326e-02 5.322791439305023e-17
4 0 -4.118459885686353e-16 -1.046047400748098e-02
5 0 2.144368986625653e-03 5.867298652181532e-17
6 0 -3.697552261197559e-15 -3.080765451573390e-03
7 0 5.397765319529283e-04 6.617416870634433e-17
8 0 6.165523254934109e-16 -1.278690845888196e-03
9 0 2.034189436851490e-04 5.337985596143268e-17
10 0 7.302969615933774e-15 -6.603387798495168e-04
11 0 1.064889929891545e-04 2.159739002492556e-17
12 0 5.788881761321923e-15 -3.951081764636222e-04
13 0 7.172897114817630e-05 -2.374778919031093e-17
14 0 -6.870552555181061e-16 -2.656771441443164e-04
15 0 5.722571969390028e-05 -6.726560051907522e-17
16 0 -3.786750825713736e-15 -1.990619393958526e-04
17 0 4.992677507138081e-05 -9.094548601553240e-17
18 0 -4.157192627774820e-15 -1.666707336781341e-04
19 0 4.473067647389747e-05 -8.755532610579055e-17
20 0 -2.333573450319659e-17 -1.569302648375739e-04
21 0 3.910701417212635e-05 -6.236063645934246e-17
22 0 4.120304584159482e-15 -1.666707336781743e-04
23 0 3.122570374077465e-05 -2.828203395362420e-17
24 0 3.769929414393712e-15 -1.990619393959077e-04
25 0 1.876541331024839e-05 -4.768837831602075e-18
26 0 6.883699428663358e-16 -2.656771441443497e-04
27 0 -2.998070206901207e-06 -6.106639073453446e-19
28 0 -5.791361013253513e-15 -3.951081764636027e-04
29 0 -4.664196729291289e-05 -1.639533357289216e-17
30 0 -7.341496744066870e-15 -6.603387798494313e-04
31 0 -1.535867881058660e-04 -4.061303096222604e-17
32 0 -7.201017477473332e-16 -1.278690845888050e-03
33 0 -5.006517267339366e-04 -5.896510720244743e-17
34 0 3.532843961018749e-15 -3.080765451573205e-03
35 0 -2.116307734662001e-03 -5.772542855148383e-17
36 0 2.408497408082913e-16 -1.046047400748077e-02
37 0 -1.297505473224487e-02 -4.165582096747014e-17
38 0 1.269179293420985e-15 -5.543657997932173e-02
39 0 -1.089940278542915e-01 -5.301484564980614e-17
0 1 3.588608946953096e-15 5.542684599686436e-02
1 1 1.298629689378771e-02 6.988104648900274e-17
2 1 5.485933157504202e-15 -9.729952425075433e-06
3 1 5.738235648511592e-03 9.981696174037228e-17
4 1 5.567674132480304e-15 -2.122722152951655e-03
5 1 2.089581772242187e-03 1.250975805808489e-16
6 1 2.786186144257408e-15 -1.259573093262063e-03
7 1 8.430212013556039e-04 1.337083975080320e-16
8 1 5.797221076305804e-15 -7.152201661130799e-04
9 1 3.954062437850048e-04 1.165260785864887e-16
10 1 9.836765117230925e-15 -4.375697941961226e-04
11 1 2.147946940913522e-04 7.322831066609725e-17
12 1 2.646488579911294e-15 -2.924404348536136e-04
13 1 1.325876018921043e-04 1.938807504669606e-17
14 1 2.434781995785603e-15 -2.137934850414197e-04
15 1 9.004044984920572e-05 -2.532122901549391e-17
16 1 -2.805378945383938e-15 -1.716882508273686e-04
17 1 6.381346828683771e-05 -4.322127422657398e-17
18 1 -1.016193508985817e-14 -1.526533097668827e-04
19 1 4.294643529759202e-05 -3.158831335965964e-17
20 1 -4.806889770515706e-15 -1.514667510648912e-04
21 1 2.065425423864748e-05 3.528996547499564e-19
22 1 -8.430995642022714e-16 -1.682238861875845e-04
23 1 -9.727080789387562e-06 3.222198394838567e-17
24 1 4.093363099007780e-15 -2.083181364944795e-04
25 1 -5.881981870911779e-05 4.647028256858415e-17
26 1 -9.004798548260789e-16 -2.853406926092169e-04
27 1 -1.494770321729909e-04 3.685763052617462e-17
28 1 -2.830739431004425e-15 -4.292822131267067e-04
29 1 -3.398988594466606e-04 9.100264933368848e-18
30 1 1.982109597612293e-15 -7.061614833074358e-04
31 1 -7.981717942909689e-04 -2.156057784554407e-17
32 1 2.906587427984830e-15 -1.250086101237340e-03
33 1 -2.055825365942582e-03 -4.321975112008327e-17
34 1 1.165521139524655e-14 -2.113046508611627e-03
35 1 -5.715729277608377e-03 -5.019477621748445e-17
36 1 1.105688396689185e-14 1.090188177318952e-16
37 1 -1.297505473224491e-02 -5.385829096599071e-17
38 1 1.245699567283997e-15 5.543657997932193e-02
39 1 4.499261894105268e-02 -6.007867281147569e-17
0 2 2.247485832222103e-15 1.044099395244546e-02
1 2 2.133173359958876e-03 6.656696302938229e-17
2 2 5.081018244521600e-15 2.093556475902346e-03
3 2 2.084080720734806e-03 1.083072464184199e-16
4 2 1.959403073665873e-15 -1.934688887597385e-05
5 2 1.188007544227220e-03 1.394666899399441e-16
6 2 -8.696099321467389e-15 -3.406930541808140e-04
7 2 6.419361722492061e-04 1.470548708030414e-16
8 2 7.486905504752874e-16 -3.144554292884268e-04
9 2 3.627774583034877e-04 1.277034036801870e-16
10 2 1.220067186548451e-15 -2.478557786039920e-04
11 2 2.197788964294873e-04 8.663223897267530e-17
12 2 2.868533564638488e-15 -1.946382306702384e-04
13 2 1.419568801203925e-04 4.277128744802878e-17
14 2 -4.013613416974670e-15 -1.592549103673664e-04
15 2 9.473225401247025e-05 1.288131907024270e-17
16 2 -9.914365074683037e-15 -1.386951267057218e-04
17 2 6.050421905112015e-05 9.281067366224677e-18
18 2 -1.781062577362424e-15 -1.304687314705130e-04
19 2 2.886897955677221e-05 2.918614103452675e-17
20 2 -2.910440831900557e-15 -1.338535804597058e-04
21 2 -8.495526510244936e-06 5.838752740392300e-17
22 2 4.652717647263203e-15 -1.499721760293960e-04
23 2 -6.169251081371448e-05 7.880856521833984e-17
24 2 3.016278185161506e-15 -1.816329806029437e-04
25 2 -1.477896315817404e-04 8.068900713166346e-17
26 2 -1.203244042139905e-15 -2.320255048313815e-04
27 2 -3.007138457967865e-04 6.246835356574123e-17
28 2 -6.537472356419550e-16 -2.967186417072600e-04
29 2 -5.908017290661673e-04 3.463520014361636e-17
30 2 -3.777128027147594e-15 -3.218523180341216e-04
31 2 -1.148266296437263e-03 1.015295468504328e-17
32 2 6.084669781235098e-15 4.630304814087950e-17
33 2 -2.055825365942612e-03 -2.368946125910079e-18
34 2 1.171888882722292e-14 2.113046508611790e-03
35 2 -2.116307734662057e-03 -1.038292345873917e-17
36 2 3.418850439221228e-16 1.046047400748096e-02
37 2 6.958172264269998e-03 -1.656369802261987e-17
38 2 -5.520568129749517e-15 9.729952425030129e-06
39 2 6.952568634078619e-03 -3.289219096618646e-17
0 3 7.529801401583619e-15 3.051464670855215e-03
1 3 5.231203365291851e-04 2.382927919069709e-17
2 3 -1.430609003501182e-15 1.220679226353163e-03
3 3 8.323656629377245e-04 6.517764229665324e-17
4 3 -8.296981887130585e-15 2.926712648942133e-04
5 3 6.370597358667268e-04 9.619764863799614e-17
6 3 -9.304469946937406e-15 -2.823401243320582e-05
7 3 4.253448499854176e-04 1.059058186770499e-16
8 3 -7.208195674581560e-15 -1.171597702099762e-04
9 3 2.794038932970271e-04 9.340441043917104e-17
10 3 -1.120684747940884e-15 -1.308710124148279e-04
11 3 1.871528508642950e-04 6.887189542707478e-17
12 3 1.833570886038836e-15 -1.236137627288746e-04
13 3 1.274492276928089e-04 4.577098038920390e-17
14 3 8.945922177094284e-15 -1.131006062128013e-04
15 3 8.462927908684053e-05 3.699548944688027e-17
16 3 1.808037621622115e-16 -1.050049516146255e-04
17 3 4.803489808316335e-05 4.412024801490733e-17
18 3 -1.041431519803509e-16 -1.011386692113624e-04
19 3 9.569597192958545e-06 6.231628271620579e-17
20 3 2.593358421506955e-15 -1.018512687881977e-04
21 3 -3.864639845752535e-05 8.007484802263076e-17
22 3 2.118062503876147e-15 -1.059532036499041e-04
23 3 -1.066766088392386e-04 8.787488731408081e-17
24 3 2.026647651277060e-15 -1.081881700051855e-04
25 3 -2.093579731624025e-04 8.323653704995464e-17
26 3 -1.509196918267482e-15 -9.099033093418091e-05
27 3 -3.669578493451986e-04 7.102084191001390e-17
28 3 -7.784113496814877e-16 -3.811862796708416e-17
29 3 -5.908017290661723e-04 5.917316181178247e-17
30 3 -3.744693782389989e-15 3.218523180341199e-04
31 3 -7.981717942910129e-04 5.330601869930905e-17
32 3 3.004483447415933e-15 1.250086101237414e-03
33 3 -5.006517267340122e-04 5.468474217388329e-17
34 3 3.685733740622136e-15 3.080765451573319e-03
35 3 1.591242430270329e-03 5.311618004983825e-17
36 3 -5.567695426138003e-15 2.122722152951521e-03
37 3 3.303966047151526e-03 4.188750859204040e-17
38 3 -5.085861954298531e-15 -2.093556475902453e-03
39 3 1.580124805733949e-03 1.742786355388396e-17
0 4 1.042095600405856e-14 1.239322668202855e-03
1 4 1.815836216005250e-04 -4.368935827941582e-17
2 4 -7.591012885989410e-17 6.664071671405130e-04
3 4 3.803420186985284e-04 -7.641131146087361e-18
4 4 -9.168141242021914e-15 2.572151513428538e-04
5 4 3.543621670998511e-04 1.887219605630701e-17
6 4 -1.132450147603300e-14 5.301776284905422e-05
7 4 2.765296731299204e-04 3.290982171956929e-17
8 4 4.849509511087800e-16 -3.456015135822795e-05
9 4 2.048396310746278e-04 3.711866666506722e-17
10 4 7.656651812287080e-15 -6.739838091636546e-05
11 4 1.494885765693814e-04 3.577214300223386e-17
12 4 4.489259219125197e-15 -7.641943581643123e-05
13 4 1.067355254875514e-04 3.525346766858394e-17
14 4 2.441763038930451e-15 -7.561545004664692e-05
15 4 7.031955016411594e-05 3.856708718415164e-17
16 4 5.943891351788789e-16 -7.101112601818639e-05
17 4 3.431776346156696e-05 4.490152968446690e-17
18 4 -6.910830850109981e-16 -6.464235692877501e-05
19 4 -6.662133001227864e-06 5.191662519546793e-17
20 4 -1.187673777345022e-15 -5.554762644811645e-05
21 4 -5.792120876700099e-05 5.597384909884450e-17
22 4 6.348004091365247e-15 -3.852700001406026e-05
23 4 -1.246519302497578e-04 5.815974865441879e-17
24 4 4.900593079566633e-15 -5.992577237073148e-17
25 4 -2.093579731623703e-04 6.039179382942710e-17
26 4 -1.517061569728461e-15 9.099033093406400e-05
27 4 -3.007138457967624e-04 6.740232239833049e-17
28 4 -6.274955002024147e-16 2.967186417071889e-04
29 4 -3.398988594466822e-04 7.967424544001177e-17
30 4 2.068039794494179e-15 7.061614833074206e-04
31 4 -1.535867881059318e-04 9.649152933050621e-17
32 4 -5.671511360644782e-16 1.278690845888076e-03
33 4 5.287388923241573e-04 1.099967537582895e-16
34 4 -2.738636821473112e-15 1.259573093261852e-03
35 4 1.373536839277201e-03 1.135372700340777e-16
36 4 -1.935961990348235e-15 1.934688887575355e-05
37 4 1.368151309304800e-03 1.026299305009367e-16
38 4 1.429968396303111e-15 -1.220679226353298e-03
39 4 5.123565403480039e-04 7.806065038046787e-17
0 5 1.998728074326058e-15 6.102985513635465e-04
1 5 8.000819775871194e-05 -1.037330428887090e-16
2 5 -2.392644284003746e-15 3.782561406982415e-04
3 5 1.966727269295240e-04 -7.995754031711081e-17
4 5 -8.763244071645453e-15 1.811725849151184e-04
5 5 2.102239980391297e-04 -5.797643257743615e-17
6 5 1.171617801648064e-15 5.967277483778016e-05
7 5 1.850034992756256e-04 -3.498480323144475e-17
8 5 4.826875023498620e-15 -4.622282310105704e-06
9 5 1.514592932908202e-04 -1.387133692531082e-17
10 5 5.711575126848205e-15 -3.430364086488746e-05
11 5 1.192949310019004e-04 4.024821147641510e-18
12 5 7.744200270891256e-15 -4.448477411127933e-05
13 5 8.923158840483610e-05 1.459473778024438e-17
14 5 -4.021744159581892e-15 -4.367180652865304e-05
15 5 5.896824644792590e-05 1.735002711286548e-17
16 5 -9.919559173780691e-15 -3.599352178747108e-05
17 5 2.567642187554729e-05 1.210317742002577e-17
18 5 -6.623248972615772e-15 -2.231192930515866e-05
19 5 -1.296897330243465e-05 4.142374647924161e-18
20 5 2.071925182824866e-15 -1.554934565755011e-17
21 5 -5.792120876695436e-05 -1.142711229067413e-20
22 5 6.310036748683106e-15 3.852700001398228e-05
23 5 -1.066766088391519e-04 5.855959121875885e-18
24 5 1.974129302866604e-15 1.081881700050850e-04
25 5 -1.477896315816571e-04 2.472468061581480e-17
26 5 -1.227624066049962e-15 2.320255048312949e-04
27 5 -1.494770321729507e-04 5.542723005691020e-17
28 5 -2.794492588301887e-15 4.292822131266547e-04
29 5 -4.664196729293498e-05 8.987634547660965e-17
30 5 -7.235948394850545e-15 6.603387798494060e-04
31 5 2.351047267981023e-04 1.195942565546533e-16
32 5 -5.726668916712873e-15 7.152201661128467e-04
33 5 6.267878724677163e-04 1.400898238162128e-16
34 5 8.732484477272316e-15 3.406930541805276e-04
35 5 8.223344841323431e-04 1.456319229859202e-16
36 5 8.281407471871421e-15 -2.926712648944527e-04
37 5 6.165891391781990e-04 1.392489399160551e-16
38 5 4.808162362347429e-17 -6.664071671406354e-04
39 5 2.139779460160413e-04 1.248598465041052e-16
0 6 8.579622344246467e-15 3.331420243007839e-04
1 6 4.148361033349128e-05 -1.310370847739816e-16
2 6 3.656901353068243e-15 2.213013651265917e-04
3 6 1.136163696334872e-04 -1.218978542104456e-16
4 6 -1.023060415031236e-14 1.175723146117715e-04
5 6 1.351595521889368e-04 -1.020513275581668e-16
6 6 -1.994683397159241e-15 4.545642033328998e-05
7 6 1.318088479042357e-04 -7.273462354052381e-17
8 6 1.559679515226304e-15 3.399284112972753e-06
9 6 1.183202739278024e-04 -3.986118526972493e-17
10 6 4.085221876312748e-15 -1.629625615774325e-05
11 6 1.005343282980946e-04 -1.534959439323333e-17
12 6 4.826771742034287e-16 -2.060205525058654e-05
13 6 7.953694902690438e-05 -6.460897858132001e-18
14 6 -3.682164421454369e-17 -1.432391193648205e-05
15 6 5.472720579362188e-05 -1.559563444216073e-17
16 6 -1.819670230062493e-16 1.616141319308049e-17
17 6 2.567642187556203e-05 -3.712141879479699e-17
18 6 -6.653246667780737e-15 2.231192930517386e-05
19 6 -6.662133001155621e-06 -5.687018132925616e-17
20 6 -1.264881887902371e-15 5.554762644810397e-05
21 6 -3.864639845739443e-05 -6.159634667612030e-17
22 6 2.011963321369380e-15 1.059532036498687e-04
23 6 -6.169251081356413e-05 -4.602600458304255e-17
24 6 2.927676137036353e-15 1.816329806029031e-04
25 6 -5.881981870900482e-05 -1.081753403646767e-17
26 6 -9.286749898935385e-16 2.853406926091880e-04
27 6 -2.998070206856999e-06 3.442790598346072e-17
28 6 -5.745650411286571e-15 3.951081764635873e-04
29 6 1.310042193974074e-04 7.584574003832273e-17
30 6 -9.774381393438565e-15 4.375697941959483e-04
31 6 3.243261320534485e-04 1.068475098083497e-16
32 6 -7.239194758019519e-16 3.144554292881651e-04
33 6 4.766861601912663e-04 1.224057008940485e-16
34 6 9.260930051072767e-15 2.823401243294842e-05
35 6 4.722555843386590e-04 1.288739134353329e-16
36 6 9.078637015056770e-15 -2.572151513430282e-04
37 6 3.104589709221512e-04 1.312641555054089e-16
38 6 2.317788731883333e-15 -3.782561406983077e-04
39 6 1.060548449962499e-04 1.323425684818620e-16
0 7 1.868147721696712e-14 1.894385827896684e-04
1 7 2.453880890081707e-05 -1.166148153284889e-16
2 7 9.729322985301759e-15 1.282265434478031e-04
3 7 7.361952141290476e-05 -1.201690799069337e-16
4 7 -3.644043080319831e-15 6.960419901385884e-05
5 7 9.668507691369601e-05 -1.047150738753217e-16
6 7 -1.246040503792355e-15 2.711223172389507e-05
7 7 1.042253918181528e-04 -7.312555519851047e-17
8 7 -3.210856857082798e-16 3.049231952708905e-06
9 7 1.025988512497457e-04 -3.858459722492534e-17
10 7 2.334072620787215e-16 -4.835582778440560e-06
11 7 9.422337619099540e-05 -1.689084719999478e-17
12 7 -2.303168475849013e-15 9.001780679190317e-18
13 7 7.953694902686628e-05 -1.961016529901993e-17
14 7 -1.368943554618041e-17 1.432391193650846e-05
15 7 5.896824644790725e-05 -4.422408942173329e-17
16 7 -9.933622343994198e-15 3.599352178750366e-05
17 7 3.431776346161970e-05 -7.845831536913933e-17
18 7 -7.754246528101037e-16 6.464235692880919e-05
19 7 9.569597193095456e-06 -1.042216489190964e-16
20 7 2.455092619880076e-15 1.018512687882324e-04
21 7 -8.495526510057926e-06 -1.056503556532040e-16
22 7 4.510588820402557e-15 1.499721760294320e-04
23 7 -9.727080789217815e-06 -8.259723888169841e-17
24 7 4.002513273531963e-15 2.083181364945192e-04
25 7 1.876541331034878e-05 -4.108211211256042e-17
26 7 6.802211884007511e-16 2.656771441443924e-04
27 7 8.718076424638996e-05 1.228574407122738e-18
28 7 -2.601179966605760e-15 2.924404348535565e-04
29 7 1.890537308030090e-04 3.273783674191829e-17
30 7 -1.197637370493211e-15 2.478557786038303e-04
31 7 2.873200826833314e-04 4.917986601250282e-17
32 7 7.154035142093081e-15 1.171597702097871e-04
33 7 3.270928054837216e-04 5.651860520151583e-17
34 7 1.118686578918736e-14 -5.301776284919074e-05
35 7 2.803719461040446e-04 6.275938729690292e-17
36 7 8.598100800627258e-15 -1.811725849151675e-04
37 7 1.735043648749088e-04 7.750513918589790e-17
38 7 -3.770946354266606e-15 -2.213013651265815e-04
39 7 5.987959626667093e-05 9.787842505480913e-17
0 8 1.830310242427691e-15 1.044336552783974e-04
1 8 1.666858755419370e-05 -7.317409787814305e-17
2 8 5.522964140685238e-15 6.700914387482058e-05
3 8 5.504873324482486e-05 -8.812853962347845e-17
4 8 -5.672454418018987e-15 3.224854009942972e-05
5 8 8.024841493286786e-05 -7.611183317426060e-17
6 8 -8.677082140517347e-15 8.915714826538777e-06
7 8 9.569088599812421e-05 -4.607709954071160e-17
8 8 -4.681562480132041e-16 2.057639574839072e-17
9 8 1.025988512496775e-04 -1.465935735190042e-17
10 8 3.031392232478711e-16 4.835582778455897e-06
11 8 1.005343282979810e-04 -1.451969609919031e-18
12 8 5.764046199321463e-16 2.060205525058889e-05
13 8 8.923158840473866e-05 -1.548056060525151e-17
14 8 -3.969858443767970e-15 4.367180652866193e-05
15 8 7.031955016410346e-05 -5.138607882295721e-17
16 8 5.558769006070849e-16 7.101112601821949e-05
17 8 4.803489808325974e-05 -9.192379548610667e-17
18 8 -2.325443212754580e-16 1.011386692114271e-04
19 8 2.886897955695018e-05 -1.185757840936520e-16
20 8 -3.075834410047618e-15 1.338535804598012e-04
21 8 2.065425423883484e-05 -1.197891568143216e-16
22 8 -9.717369045235872e-16 1.682238861876970e-04
23 8 3.122570374090026e-05 -9.641290143743177e-17
24 8 3.729283795786810e-15 1.990619393960216e-04
25 8 6.573098154244533e-05 -6.378128159284599e-17
26 8 -2.411690525363608e-15 2.137934850414839e-04
27 8 1.215283106205724e-04 -3.899822256322926e-17
28 8 -2.837231685884425e-15 1.946382306702024e-04
29 8 1.829628758035776e-04 -3.012319741428075e-17
30 8 1.080013927845660e-15 1.308710124147503e-04
31 8 2.237987917392706e-04 -3.380215955348003e-17
32 8 -6.298987565347940e-16 3.456015135818259e-05
33 8 2.221242678215549e-04 -3.764079431882998e-17
34 8 -1.394406462467179e-15 -5.967277483775381e-05
35 8 1.767956831740304e-04 -2.907147096952231e-17
36 8 1.001104991515584e-14 -1.175723146116866e-04
37 8 1.074651477499098e-04 -1.341895852724284e-18
38 8 -9.858512690944812e-15 -1.282265434477235e-04
39 8 3.827563927539181e-05 3.819043198722809e-17
0 9 3.389819715808317e-15 4.669197422515160e-05
1 9 1.347881194716159e-05 -2.929967557803894e-17
2 9 -1.131747523329024e-15 2.084995117311914e-05
3 9 4.959198670414362e-05 -4.977648898277551e-17
4 9 -5.591293938539072e-15 4.053055625659297e-17
5 9 8.024841493283212e-05 -3.871307447664505e-17
6 9 -8.617203302802992e-15 -8.915714826470340e-06
7 9 1.042253918180383e-04 -7.732148572676428e-18
8 9 -1.818369364442548e-16 -3.049231952683687e-06
9 9 1.183202739276209e-04 2.218371507154805e-17
10 9 4.266044546573508e-15 1.629625615772320e-05
11 9 1.192949310017167e-04 3.051644768232720e-17
12 9 7.889780855149572e-15 4.448477411123773e-05
13 9 1.067355254874487e-04 1.053386031083011e-17
14 9 2.487713811636354e-15 7.561545004662467e-05
15 9 8.462927908686118e-05 -3.041688028312366e-17
16 9 1.072792294600235e-16 1.050049516146572e-04
17 9 6.050421905125230e-05 -7.278379120939336e-17
18 9 -1.926699487209241e-15 1.304687314706083e-04
19 9 4.294643529776225e-05 -9.957174606130648e-17
20 9 -4.944280591600887e-15 1.514667510650346e-04
21 9 3.910701417224590e-05 -1.015382307794848e-16
22 9 4.066716178060248e-15 1.666707336783343e-04
23 9 5.282363995648608e-05 -8.659274881029722e-17
24 9 2.818812585027929e-15 1.716882508275023e-04
25 9 8.286205739645070e-05 -7.096338738475487e-17
26 9 4.068238711105993e-15 1.592549103674207e-04
27 9 1.213794539392043e-04 -7.034104573229227e-17
28 9 -1.824497866982179e-15 1.236137627288884e-04
29 9 1.546968850339795e-04 -8.591367416152322e-17
30 9 -7.753982687743884e-15 6.739838091640156e-05
31 9 1.685958336341958e-04 -1.094497302617332e-16
32 9 -5.033090396149859e-15 4.622282310210296e-06
33 9 1.560905468201263e-04 -1.221720074045872e-16
34 9 1.738268329110390e-15 -4.545642033312244e-05
35 9 1.212178256738867e-04 -1.103975438569512e-16
36 9 3.426092617652626e-15 -6.960419901368085e-05
37 9 7.511777719233473e-05 -7.097624582206920e-17
38 9 -5.637480348875788e-15 -6.700914387470467e-05
39 9 2.839871091110633e-05 -1.764050836893242e-17
0 10 1.348551102218019e-15 -1.812024285906627e-17
1 10 1.347881194719851e-05 -6.869145607395100e-18
2 10 -1.134735981932519e-15 -2.084995117306590e-05
3 10 5.504873324482252e-05 -2.456401826184043e-17
4 10 -5.610397284171836e-15 -3.224854009934324e-05
5 10 9.668507691359752e-05 -7.180828861507325e-18
6 10 -1.083238752541058e-15 -2.711223172384285e-05
7 10 1.318088479040399e-04 3.035174421886527e-17
8 10 1.796030623369974e-15 -3.399284112994488e-06
9 10 1.514592932905913e-04 6.335508099413450e-17
10 10 5.938850260101712e-15 3.430364086479985e-05
11 10 1.494885765692060e-04 7.286273087017720e-17
12 10 4.625625922560942e-15 7.641943581632763e-05
13 10 1.274492276927536e-04 5.090668787603986e-17
14 10 8.948575893095228e-15 1.131006062127419e-04
15 10 9.473225401254220e-05 9.810371279585452e-18
16 10 -1.001465170015482e-14 1.386951267057496e-04
17 10 6.381346828697522e-05 -3.103596655925154e-17
18 10 -1.028350808577961e-14 1.526533097669942e-04
19 10 4.473067647400385e-05 -5.539394339074925e-17
20 10 -7.405193063767481e-17 1.569302648377296e-04
21 10 4.226137532440569e-05 -5.848153268905859e-17
22 10 1.017392722426895e-14 1.526533097670050e-04
23 10 5.575470756053513e-05 -5.163123315593936e-17
24 10 9.996777918602152e-15 1.386951267057897e-04
25 10 7.995525072044071e-05 -5.105320373773186e-17
26 10 -8.875185940316257e-15 1.131006062128369e-04
27 10 1.062713440786865e-04 -7.039352040111842e-17
28 10 -4.505795504521835e-15 7.641943581648772e-05
29 10 1.251730110070268e-04 -1.073920335270386e-16
30 10 -5.842147074152749e-15 3.430364086500961e-05
31 10 1.296914993987520e-04 -1.454882959618683e-16
32 10 -1.776588760704990e-15 -3.399284112774624e-06
33 10 1.181181712175251e-04 -1.650282845957271e-16
34 10 1.019532859923705e-15 -2.711223172365961e-05
35 10 9.371962790094486e-05 -1.500819107869943e-16
36 10 5.508871043435026e-15 -3.224854009922315e-05
37 10 6.162971163995426e-05 -1.024524085932601e-16
38 10 1.062271025544141e-15 -2.084995117300579e-05
39 10 2.551653686894756e-05 -4.206327923733735e-17
0 11 3.314806363276773e-15 -4.669197422515464e-05
1 11 1.666858755428915e-05 -1.387780571822385e-17
2 11 5.518385748132765e-15 -6.700914387473168e-05
3 11 7.361952141289230e-05 -1.997429564733191e-17
4 11 -3.528407723306914e-15 -6.960419901376889e-05
5 11 1.351595521888000e-04 1.203496607449442e-17
6 11 -1.771313468187265e-15 -4.545642033327899e-05
7 11 1.850034992754127e-04 6.002254317664704e-17
8 11 5.084899865668640e-15 4.622282310007629e-06
9 11 2.048396310744296e-04 9.965009670252644e-17
10 11 7.852140334291776e-15 6.739838091619409e-05
11 11 1.871528508641933e-04 1.105594415738252e-16
12 11 1.902364795611691e-15 1.236137627287103e-04
13 11 1.419568801204206e-04 8.896516161739558e-17
14 11 -4.065507573844714e-15 1.592549103672836e-04
15 11 9.004044984932032e-05 4.980159319247709e-17
16 11 -2.906525626313925e-15 1.716882508273953e-04
17 11 4.992677507148843e-05 1.439622954242874e-17
18 11 -4.208451702175631e-15 1.666707336782396e-04
19 11 3.032899071740888e-05 -7.861748141214795e-19
20 11 4.819357533410866e-15 1.514667510649411e-04
21 11 3.082322303708312e-05 1.312575658691012e-18
22 11 1.878411442395374e-15 1.304687314705239e-04
23 11 4.580269890117419e-05 8.642687952481363e-18
24 11 -5.915389825249784e-17 1.050049516146113e-04
25 11 6.766124244226163e-05 7.030624051409040e-19
26 11 -2.374498935008734e-15 7.561545004664793e-05
27 11 8.876222134398337e-05 -3.033420911218680e-17
28 11 -7.776724577856890e-15 4.448477411134117e-05
29 11 1.030202825592627e-04 -8.151083539535417e-17
30 11 -4.211858834963307e-15 1.629625615788853e-05
31 11 1.071511511562844e-04 -1.309104681254366e-16
32 11 1.546390489877375e-16 -3.049231952500811e-06
33 11 1.008383763600789e-04 -1.536692777645754e-16
34 11 8.540817630954558e-15 -8.915714826319551e-06
35 11 8.539590530470416e-05 -1.373983488832138e-16
36 11 5.524579524430358e-15 1.287010515461400e-16
37 11 6.162971163986931e-05 -8.789952295091457e-17
38 11 1.128872035322330e-15 2.084995117314719e-05
39 11 2.839871091097781e-05 -2.767407993239972e-17
0 12 1.715616208543394e-15 -1.044336552783224e-04
1 12 2.453880890092965e-05 -4.127126969160920e-17
2 12 9.737638007444623e-15 -1.282265434476744e-04
3 12 1.136163696334572e-04 -2.877634402173718e-17
4 12 -1.008250096390358e-14 -1.175723146116999e-04
5 12 2.102239980389933e-04 1.715911587574855e-17
6 12 1.399227916898754e-15 -5.967277483784071e-05
7 12 2.765296731297580e-04 7.538415662006633e-17
8 12 6.917467312345005e-16 3.456015135804211e-05
9 12 2.794038932969274e-04 1.161999848625666e-16
10 12 -1.019780928314093e-15 1.308710124145901e-04
11 12 2.197788964295027e-04 1.234995504889347e-16
12 12 2.847075067566449e-15 1.946382306700497e-04
13 12 1.325876018922156e-04 1.015274982692444e-16
14 12 2.343643924599253e-15 2.137934850413449e-04
15 12 5.722571969402910e-05 6.678061590244347e-17
16 12 -3.854155648181741e-15 1.990619393958856e-04
17 12 1.342134541206569e-05 4.513548796389341e-17
18 12 8.441075713260652e-16 1.682238861875487e-04
19 12 8.105489808058194e-07 4.749683269759786e-17
20 12 3.001364769379953e-15 1.338535804596352e-04
21 12 9.981016747529727e-06 6.598152848297331e-17
22 12 2.396934271830802e-16 1.011386692112621e-04
23 12 3.064075291035008e-05 8.196736939457870e-17
24 12 -4.808945550169737e-16 7.101112601809062e-05
25 12 5.453518669838032e-05 7.524408602898215e-17
26 12 4.061081896591079e-15 4.367180652860415e-05
27 12 7.591226129521953e-05 3.685556481284189e-17
28 12 -5.249431077654407e-16 2.060205525061404e-05
29 12 9.143155117350287e-05 -2.273002983239523e-17
30 12 -3.198001976450145e-16 4.835582778544435e-06
31 12 9.980702622797780e-05 -7.732793779971103e-17
32 12 3.985830587254734e-16 1.264824458029341e-16
33 12 1.008383763600169e-04 -1.017300218543694e-16
34 12 8.605555651430001e-15 8.915714826611079e-06
35 12 9.371962790078784e-05 -8.534490544629754e-17
36 12 5.652347916247286e-15 3.224854009943769e-05
37 12 7.511777719211303e-05 -3.776229788137246e-17
38 12 -5.464580031764501e-15 6.700914387476869e-05
39 12 3.827563927518208e-05 1.445721413248064e-17
0 13 1.857878305341080e-14 -1.894385827895155e-04
1 13 4.148361033357972e-05 -7.213721268899429e-17
2 13 3.694569790860140e-15 -2.213013651264536e-04
3 13 1.966727269294864e-04 -4.252875924072061e-17
4 13 -8.616643714855442e-15 -1.811725849151009e-04
5 13 3.543621670997560e-04 1.108193646565020e-17
6 13 -1.115540263001173e-14 -5.301776284919393e-05
7 13 4.253448499853540e-04 6.719125557976670e-17
8 13 -7.112898814382182e-15 1.171597702097307e-04
9 13 3.627774583035148e-04 9.875769406536556e-17
10 13 1.205202900839072e-15 2.478557786037457e-04
11 13 2.147946940914798e-04 9.673853481372947e-17
12 13 2.550268662549054e-15 2.924404348534655e-04
13 13 7.172897114834210e-05 7.391478890408315e-17
14 13 -7.868523475269403e-16 2.656771441442935e-04
15 13 -1.435082520473497e-05 5.172798302708597e-17
16 13 -4.123379068750296e-15 2.083181364943992e-04
17 13 -4.341313677922382e-05 5.258905723433002e-17
18 13 -4.595865610459129e-15 1.499721760292745e-04
19 13 -3.627814526898957e-05 8.002359230059811e-17
20 13 -2.483837694297472e-15 1.018512687880370e-04
21 13 -1.191297809424081e-05 1.202375032749819e-16
22 13 7.990001895289711e-16 6.464235692860100e-05
23 13 1.777735079031797e-05 1.490394549919281e-16
24 13 9.975476428204137e-15 3.599352178732160e-05
25 13 4.645729137646758e-05 1.433913214479455e-16
26 13 2.942965860930627e-17 1.432391193638929e-05
27 13 7.126703461368801e-05 1.008510127491737e-16
28 13 2.264713088743264e-15 -3.455395021186681e-17
29 13 9.143155117351883e-05 3.828175205567026e-17
30 13 -3.196941443790575e-16 -4.835582778427820e-06
31 13 1.071511511562357e-04 -1.668028037233191e-17
32 13 2.272593475190693e-16 3.049231952733709e-06
33 13 1.181181712173652e-04 -3.832265016801173e-17
34 13 1.191442821705184e-15 2.711223172388452e-05
35 13 1.212178256736261e-04 -2.001246619750309e-17
36 13 3.657681156419275e-15 6.960419901378499e-05
37 13 1.074651477496222e-04 2.254189933372307e-17
38 13 -9.650199505812435e-15 1.282265434476707e-04
39 13 5.987959626645065e-05 6.114950578912996e-17
0 14 8.534299586128509e-15 -3.331420243005986e-04
1 14 8.000819775875827e-05 -9.096486722177242e-17
2 14 -2.324958334663751e-15 -3.782561406981412e-04
3 14 3.803420186985002e-04 -5.665510697455687e-17
4 14 -9.054690757320660e-15 -2.572151513429091e-04
5 14 6.370597358667053e-04 -9.425342999418937e-18
6 14 -9.229381467259977e-15 2.823401243301354e-05
7 14 6.419361722492539e-04 3.016907091398036e-17
8 14 7.248317891087245e-16 3.144554292881889e-04
9 14 3.954062437851446e-04 4.212316321524342e-17
10 14 9.731935763136172e-15 4.375697941959510e-04
11 14 1.064889929893525e-04 3.038583882303170e-17
12 14 5.662169143703570e-15 3.951081764635802e-04
13 14 -6.637235654902192e-05 1.014551040674631e-17
14 14 8.220968027352798e-16 2.853406926091617e-04
15 14 -1.186954941531449e-04 7.135838625275071e-18
16 14 -3.018192443072701e-15 1.816329806028398e-04
17 14 -1.053862504145661e-04 3.398432907845476e-17
18 14 -2.060146188417025e-15 1.059532036497507e-04
19 14 -6.774807202603360e-05 8.758455948803376e-17
20 14 1.251236254336903e-15 5.554762644793221e-05
21 14 -2.585077168517487e-05 1.450496993014972e-16
22 14 6.645585797362294e-15 2.231192930497452e-05
23 14 1.279462349256164e-05 1.798665731456293e-16
24 14 1.502128854800029e-16 -1.710600601500666e-16
25 14 4.645729137654363e-05 1.737067069364796e-16
26 14 -4.034780880597060e-17 -1.432391193662010e-05
27 14 7.591226129531912e-05 1.301600932156286e-16
28 14 -5.980419748120453e-16 -2.060205525065967e-05
29 14 1.030202825593023e-04 6.992367630128423e-17
30 14 -4.210456083176984e-15 -1.629625615777016e-05
31 14 1.296914993986707e-04 2.219079811511550e-17
32 14 -1.656905461285829e-15 3.399284112954605e-06
33 14 1.560905468199180e-04 8.917790460919983e-18
34 14 1.954850790345169e-15 4.545642033323741e-05
35 14 1.767956831737529e-04 2.997880302041539e-17
36 14 1.024934022670612e-14 1.175723146116606e-04
37 14 1.735043648746506e-04 6.661103457062732e-17
38 14 -3.604347859350629e-15 2.213013651264279e-04
39 14 1.060548449960851e-04 9.276814415849645e-17
0 15 2.023657421864993e-15 -6.102985513633949e-04
1 15 1.815836216005258e-04 -9.569057028887443e-17
2 15 2.058402593112970e-18 -6.664071671404856e-04
3 15 8.323656629377267e-04 -7.267989367256793e-17
4 15 -8.237464831186638e-15 -2.926712648943257e-04
5 15 1.188007544227271e-03 -4.493317976945280e-17
6 15 -8.716178628998468e-15 3.406930541806296e-04
7 15 8.430212013557401e-04 -3.096964931963561e-17
8 15 5.695301392744201e-15 7.152201661129299e-04
9 15 2.034189436853482e-04 -3.732992827065744e-17
10 15 7.169216152295424e-15 6.603387798494871e-04
11 15 -1.800425382777041e-04 -5.658674091153639e-17
12 15 2.703486537068422e-15 4.292822131267330e-04
13 15 -2.633632458041381e-04 -6.594936867653006e-17
14 15 1.143260735996190e-15 2.320255048313577e-04
15 15 -2.192871501763457e-04 -4.823851982345627e-17
16 15 -2.030744220466731e-15 1.081881700051073e-04
17 15 -1.468955040927732e-04 -1.020246084498772e-18
18 15 -6.344209045191089e-15 3.852700001394244e-05
19 15 -8.016478260697484e-05 6.592340104827774e-17
20 15 -2.108035541347099e-15 -1.173071656040467e-16
21 15 -2.585077168510241e-05 1.270355434878527e-16
22 15 6.559550595328485e-15 -2.231192930529952e-05
23 15 1.777735079047506e-05 1.586381631901744e-16
24 15 9.812158446151787e-15 -3.599352178761248e-05
25 15 5.453518669857747e-05 1.496590215933341e-16
26 15 3.880723827720380e-15 -4.367180652875825e-05
27 15 8.876222134413961e-05 1.089435380603768e-16
28 15 -7.894438159800163e-15 -4.448477411133133e-05
29 15 1.251730110070715e-04 6.086864007659560e-17
30 15 -5.839941798484521e-15 -3.430364086489744e-05
31 15 1.685958336341046e-04 2.873183413997424e-17
32 15 -4.911325081063352e-15 -4.622282310105806e-06
33 15 2.221242678213633e-04 2.645987569458763e-17
34 15 -1.209700297033349e-15 5.967277483775421e-05
35 15 2.803719461038295e-04 4.963807557695401e-17
36 15 8.755910679232725e-15 1.811725849150416e-04
37 15 3.104589709219813e-04 8.151953974735425e-17
38 15 2.385450059746399e-15 3.782561406981146e-04
39 15 2.139779460159614e-04 9.908516722603140e-17
0 16 1.050053331046558e-14 -1.239322668202790e-03
1 16 5.231203365291696e-04 -8.813797444998962e-17
2 16 -1.361202938949780e-15 -1.220679226353213e-03
3 16 2.084080720734844e-03 -8.349278908895681e-17
4 16 1.966175135812860e-15 1.934688887585089e-05
5 16 2.089581772242287e-03 -7.960238523327957e-17
6 16 2.716573007407429e-15 1.259573093261952e-03
7 16 5.397765319530974e-04 -9.037273804334104e-17
8 16 5.085913531498628e-16 1.278690845888189e-03
9 16 -4.841367697142783e-04 -1.094819546768099e-16
10 16 -2.151203749423038e-15 7.061614833075521e-04
11 16 -5.762907942656830e-04 -1.261185941086553e-16
12 16 5.516154390015049e-16 2.967186417073349e-04
13 16 -4.194911413967784e-04 -1.256729705411646e-16
14 16 1.465616946559741e-15 9.099033093420565e-05
15 16 -2.618912652226651e-04 -9.680220024627696e-17
16 16 -4.931846337403075e-15 4.807590976806248e-17
17 16 -1.468955040927578e-04 -4.436574734143957e-17
18 16 -6.385518633987524e-15 -3.852700001401005e-05
19 16 -6.774807202594745e-05 1.731987025712891e-17
20 16 1.120914512603459e-15 -5.554762644812919e-05
21 16 -1.191297809406094e-05 6.752691807014739e-17
22 16 5.799849993136422e-16 -6.464235692883219e-05
23 16 3.064075291059255e-05 9.036600037731178e-17
24 16 -7.403132525452130e-16 -7.101112601825281e-05
25 16 6.766124244249738e-05 8.173488720873713e-17
26 16 -2.597923803105634e-15 -7.561545004668525e-05
27 16 1.062713440788421e-04 5.392287166032240e-17
28 16 -4.629161832351075e-15 -7.641943581642067e-05
29 16 1.546968850340128e-04 2.343379542449108e-17
30 16 -7.759461269334352e-15 -6.739838091631053e-05
31 16 2.237987917391988e-04 9.084934751385965e-18
32 16 -5.548720268227557e-16 -3.456015135815574e-05
33 16 3.270928054836004e-04 1.646373187751820e-17
34 16 1.127200608225263e-14 5.301776284911058e-05
35 16 4.722555843385524e-04 4.067402734266769e-17
36 16 9.109074376881015e-15 2.572151513428687e-04
37 16 6.165891391781436e-04 6.599631270093933e-17
38 16 5.712185570585705e-18 6.664071671404796e-04
39 16 5.123565403480055e-04 8.391792877133486e-17
0 17 7.639591358333111e-15 -3.051464670855247e-03
1 17 2.133173359958873e-03 -7.269389199941470e-17
2 17 5.143997306306603e-15 -2.093556475902447e-03
3 17 5.738235648511642e-03 -8.130186020377571e-17
4 17 5.543763722381409e-15 2.122722152951563e-03
5 17 2.144368986625753e-03 -9.397033978326911e-17
6 17 -3.754078937454343e-15 3.080765451573382e-03
7 17 -1.557594942458688e-03 -1.176245485438217e-16
8 17 -3.092284709452699e-15 1.250086101237512e-03
9 17 -1.334087818889992e-03 -1.386292964387406e-16
10 17 3.664991399968087e-15 3.218523180342599e-04
11 17 -7.766232515096569e-04 -1.515683826292138e-16
12 17 7.254776308826949e-16 1.343878982974012e-16
13 17 -4.194911413968217e-04 -1.473126280445447e-16
14 17 1.482378107924671e-15 -9.099033093399498e-05
15 17 -2.192871501763821e-04 -1.239238203160092e-16
16 17 -2.047801040520746e-15 -1.081881700050184e-04
17 17 -1.053862504145387e-04 -8.623303653061944e-17
18 17 -2.161978679111500e-15 -1.059532036497851e-04
19 17 -3.627814526886885e-05 -4.412466573157808e-17
20 17 -2.679186479526547e-15 -1.018512687881359e-04
21 17 9.981016747729773e-06 -9.725682038408365e-18
22 17 -1.787320153527503e-17 -1.011386692113447e-04
23 17 4.580269890139862e-05 6.389778092002519e-18
24 17 -3.144429043685097e-16 -1.050049516146206e-04
25 17 7.995525072062455e-05 6.161763953408144e-18
26 17 -9.068112500695435e-15 -1.131006062127704e-04
27 17 1.213794539393050e-04 -5.208903432066587e-18
28 17 -1.929142316415906e-15 -1.236137627287956e-04
29 17 1.829628758035918e-04 -1.671616697627914e-17
30 17 1.048951861954252e-15 -1.308710124146969e-04
31 17 2.873200826832985e-04 -1.858605806118299e-17
32 17 7.146214830907930e-15 -1.171597702098163e-04
33 17 4.766861601912411e-04 -8.097466903112943e-18
34 17 9.226192268739981e-15 -2.823401243305013e-05
35 17 8.223344841323482e-04 9.751287645861100e-18
36 17 8.193017330888016e-15 2.926712648943344e-04
37 17 1.368151309304851e-03 3.172540158574137e-17
38 17 1.315066267313541e-15 1.220679226353237e-03
39 17 1.580124805734002e-03 5.474797949748608e-17
0 18 2.340599308197274e-15 -1.044099395244558e-02
1 18 1.298629689378773e-02 -3.718924733125099e-17
2 18 5.527141599563637e-15 9.729952424962940e-06
3 18 1.299191215769331e-02 -5.212103634956074e-17
4 18 -4.206697540430816e-16 1.046047400748092e-02
5 18 -6.935697248189155e-03 -7.837322368948746e-17
6 18 -1.182834456275999e-14 2.113046508611788e-03
7 18 -3.275793336518719e-03 -9.390824035202529e-17
8 18 -6.202184629947087e-15 8.836512645789259e-17
9 18 -1.334087818890058e-03 -1.090620489748745e-16
10 18 3.705458694184060e-15 -3.218523180340255e-04
11 18 -5.762907942658009e-04 -1.215820337126610e-16
12 18 6.215155533973840e-16 -2.967186417071138e-04
13 18 -2.633632458042608e-04 -1.289306623062199e-16
14 18 1.195093678511372e-15 -2.320255048312057e-04
15 18 -1.186954941532212e-04 -1.257306302041983e-16
16 18 -3.030707652861203e-15 -1.816329806027703e-04
17 18 -4.341313677921943e-05 -1.136498981409887e-16
18 18 -4.695864567132737e-15 -1.499721760292554e-04
19 18 8.105489808868840e-07 -9.457820478503558e-17
20 18 2.833193451985676e-15 -1.338535804596157e-04
21 18 3.082322303720862e-05 -7.381995296964848e-17
22 18 1.683853486889461e-15 -1.304687314704641e-04
23 18 5.575470756065412e-05 -5.514512148848587e-17
24 18 9.824295248398026e-15 -1.386951267056847e-04
25 18 8.286205739652511e-05 -4.286554202110516e-17
26 18 3.946347429375646e-15 -1.592549103673048e-04
27 18 1.215283106206015e-04 -3.855542883508041e-17
28 18 -2.913698459460671e-15 -1.946382306701236e-04
29 18 1.890537308030180e-04 -3.850401646021309e-17
30 18 -1.262544312353620e-15 -2.478557786038178e-04
31 18 3.243261320534713e-04 -3.940330377932739e-17
32 18 -8.103872931538243e-16 -3.144554292882112e-04
33 18 6.267878724677689e-04 -3.497082196042839e-17
34 18 8.593190658966712e-15 -3.406930541805901e-04
35 18 1.373536839277282e-03 -2.581730273098618e-17
36 18 -2.093650472784246e-15 -1.934688887577495e-05
37 18 3.303966047151611e-03 -4.272098477815018e-18
38 18 -5.232802331713024e-15 2.093556475902508e-03
39 18 6.952568634078686e-03 2.231010947360579e-17
0 19 3.673430818091914e-15 -5.542684599686450e-02
1 19 1.089996477716903e-01 -3.282773097478881e-18
2 19 -1.338851936198459e-15 5.543657997932178e-02
3 19 -4.498137910627483e-02 -1.113797605769762e-17
4 19 -1.116704217953484e-14 -1.783301980688059e-17
5 19 -6.935697248189210e-03 -2.004701135677829e-17
6 19 -1.181720066718466e-14 -2.113046508611725e-03
7 19 -1.557594942458812e-03 -2.393332328027759e-17
8 19 -3.028536300331577e-15 -1.250086101237389e-03
9 19 -4.841367697144538e-04 -3.521746090144524e-17
10 19 -2.034594734401043e-15 -7.061614833074238e-04
11 19 -1.800425382778957e-04 -5.482646579630072e-17
12 19 2.822009119628560e-15 -4.292822131266358e-04
13 19 -6.637235654919090e-05 -7.985940572601121e-17
14 19 9.038962774973824e-16 -2.853406926091004e-04
15 19 -1.435082520484774e-05 -1.035849471175163e-16
16 19 -4.103059410742406e-15 -2.083181364943495e-04
17 19 1.342134541201209e-05 -1.159166739190065e-16
18 19 8.043775522005885e-16 -1.682238861874770e-04
19 19 3.032899071739932e-05 -1.124824338455621e-16
20 19 4.749730544328360e-15 -1.514667510648268e-04
21 19 4.226137532440470e-05 -9.362481714585603e-17
22 19 1.010311891422962e-14 -1.526533097668583e-04
23 19 5.282363995646978e-05 -6.647976031915872e-17
24 19 2.762281229893776e-15 -1.716882508273566e-04
25 19 6.573098154241256e-05 -4.356629879246891e-17
26 19 -2.455669580955886e-15 -2.137934850413825e-04
27 19 8.718076424636643e-05 -3.253544475849542e-17
28 19 -2.657387707083025e-15 -2.924404348535216e-04
29 19 1.310042193974208e-04 -3.623977798935225e-17
30 19 -9.869406251250464e-15 -4.375697941959650e-04
31 19 2.351047267981608e-04 -4.665735678155103e-17
32 19 -5.872007900167721e-15 -7.152201661128709e-04
33 19 5.287388923242470e-04 -5.608946084308719e-17
34 19 -2.920714562771941e-15 -1.259573093261832e-03
35 19 1.591242430270429e-03 -5.308474008672481e-17
36 19 -5.726184899834796e-15 -2.122722152951430e-03
37 19 6.958172264270075e-03 -3.922800820873094e-17
38 19 -5.620989305739468e-15 -9.729952424876111e-06
39 19 4.499261894105273e-02 -2.857550464541263e-17
