0 0 7.499999999999999e-01 5.108286237480125e-17
1 0 1.089987166670748e-01 -5.076419773152820e-18
2 0 -2.668373565944465e-15 5.543007143786171e-02
3 0 1.298544832125606e-02 1.575478512164660e-17
4 0 -2.644156687530682e-15 1.044715893490409e-02
5 0 2.132484934249276e-03 3.275251930889064e-17
6 0 -2.380832008576968e-16 3.060014429905256e-03
7 0 5.226592143162248e-04 4.527482268011998e-17
8 0 1.251785899486892e-15 1.249469801427610e-03
9 0 1.814001154304616e-04 4.995453009193025e-17
10 0 7.606467096653160e-15 6.210813685934682e-04
11 0 8.012901903925652e-05 4.115001644203603e-17
12 0 2.126519624106878e-15 3.435063043283025e-04
13 0 4.190598442370167e-05 2.598356262295028e-17
14 0 2.345408143710393e-15 1.983397160029655e-04
15 0 2.522722629044391e-05 8.354880491845051e-18
16 0 -1.008705399887221e-15 1.109500406680613e-04
17 0 1.755590304983391e-05 -4.413087828554773e-18
18 0 2.703624257938403e-15 5.013460856640316e-05
19 0 1.447261488228480e-05 -7.726348922230913e-18
20 0 6.567530559001977e-15 3.584738450809989e-17
21 0 1.447261488227925e-05 -2.366762443745459e-19
22 0 2.713328738465191e-15 -5.013460856633966e-05
23 0 1.755590304982076e-05 1.548906377924823e-17
24 0 -9.889069930849209e-16 -1.109500406680187e-04
25 0 2.522722629043031e-05 3.270691631171939e-17
26 0 2.367492941281315e-15 -1.983397160029488e-04
27 0 4.190598442368706e-05 4.451424881369724e-17
28 0 2.146149413079497e-15 -3.435063043283045e-04
29 0 8.012901903924772e-05 4.627314328809302e-17
30 0 7.622368301553046e-15 -6.210813685934726e-04
31 0 1.814001154304676e-04 3.646324882492523e-17
32 0 1.264018565497407e-15 -1.249469801427600e-03
33 0 5.226592143162504e-04 2.020640398966905e-17
34 0 -2.275879397297984e-16 -3.060014429905211e-03
35 0 2.132484934249313e-03 6.415577381599669e-18
36 0 -2.626887259698466e-15 -1.044715893490401e-02
37 0 1.298544832125611e-02 3.305977066281238e-18
38 0 -2.655056131075895e-15 -5.543007143786161e-02
39 0 1.089987166670749e-01 -1.714738047568949e-17
0 1 4.685378269164446e-16 -5.543489475881076e-02
1 1 1.298823078084576e-02 -4.816219137132257e-18
2 1 -2.091777878256974e-15 -4.821341163542684e-06
3 1 5.735050830403779e-03 1.630569478717981e-17
4 1 -3.792007221558117e-15 2.101255211992347e-03
5 1 2.081690976543450e-03 3.707204264536382e-17
6 1 2.186279510567853e-15 1.230473709551977e-03
7 1 8.310161169272948e-04 5.139567696344945e-17
8 1 9.164278821513694e-16 6.773877954891534e-04
9 1 3.801968039868988e-04 5.245854683984934e-17
10 1 -1.162472351144230e-15 3.893682574145130e-04
11 1 1.977872865349871e-04 4.047192578085821e-17
12 1 -9.540065252061460e-16 2.314401132673427e-04
13 1 1.159163123672024e-04 2.053476316137012e-17
14 1 -1.596740232372107e-15 1.363508622446769e-04
15 1 7.689406305448195e-05 2.948367001631726e-19
16 1 -5.256352113818753e-16 7.226209747579039e-05
17 1 5.896512625196873e-05 -1.257798391744622e-17
18 1 1.457733519080595e-15 2.266670789086819e-05
19 1 5.373250458281097e-05 -1.321673423825772e-17
20 1 1.461893249040802e-15 -2.266670789078608e-05
21 1 5.896512625196305e-05 -1.377065467859791e-18
22 1 -5.132428716449042e-16 -7.226209747572874e-05
23 1 7.689406305447297e-05 1.786934094898463e-17
24 1 -1.576295007550045e-15 -1.363508622446477e-04
25 1 1.159163123671906e-04 3.635770170840487e-17
26 1 -9.350254859044173e-16 -2.314401132673447e-04
27 1 1.977872865349728e-04 4.808373642700992e-17
28 1 -1.142923616817155e-15 -3.893682574145311e-04
29 1 3.801968039868900e-04 4.699498930478142e-17
30 1 9.385582913062790e-16 -6.773877954891667e-04
31 1 8.310161169272948e-04 3.286190409912402e-17
32 1 2.211341350262838e-15 -1.230473709551961e-03
33 1 2.081690976543460e-03 1.338151116959053e-17
34 1 -3.758709134922180e-15 -2.101255211992296e-03
35 1 5.735050830403808e-03 -6.577168924693332e-18
36 1 -2.059978245554865e-15 4.821341163635374e-06
37 1 1.298823078084585e-02 -2.200858877392900e-17
38 1 6.131209838087317e-16 5.543489475881093e-02
39 1 -4.498522909843006e-02 -2.588784155434485e-17
0 2 1.740426513372757e-15 -1.045681151615633e-02
1 2 2.138032707991295e-03 -6.001395237189786e-19
2 2 1.086780894483211e-15 -2.115707356772828e-03
3 2 2.084417261551784e-03 2.265924049417169e-17
4 2 -4.857175432242234e-16 -9.587104463566567e-06
5 2 1.184517501802677e-03 4.164243774861349e-17
6 2 -3.747789552156206e-15 3.043021229653578e-04
7 2 6.356320894752291e-04 5.409745197238945e-17
8 2 -3.126639728541946e-15 2.696315129695313e-04
9 2 3.552161965278253e-04 5.164235289129394e-17
10 2 -2.329347289835453e-15 1.931624498473516e-04
11 2 2.133594028560880e-04 3.605865118580325e-17
12 2 -5.873516478145736e-15 1.279130897682928e-04
13 2 1.403239110441316e-04 1.431873138885634e-17
14 2 -4.411184836023947e-15 7.720011628584150e-05
15 2 1.033758993264483e-04 -6.053000439968003e-18
16 2 -1.428336013429712e-15 3.627024919342222e-05
17 2 8.775977261719215e-05 -1.774714812365440e-17
18 2 -1.271073431485514e-15 4.718406580369671e-17
19 2 8.775977261718941e-05 -1.538492111886999e-17
20 2 -1.423491617666299e-15 -3.627024919333994e-05
21 2 1.033758993264440e-04 -1.089480964277295e-18
22 2 -4.398052652735932e-15 -7.720011628579219e-05
23 2 1.403239110441248e-04 2.011834083972384e-17
24 2 -5.858101564503126e-15 -1.279130897682843e-04
25 2 2.133594028560783e-04 3.938388444375799e-17
26 2 -2.310963844525636e-15 -1.931624498473740e-04
27 2 3.552161965278121e-04 4.854408149591954e-17
28 2 -3.103210733648888e-15 -2.696315129695629e-04
29 2 6.356320894752215e-04 4.543813716407250e-17
30 2 -3.720120071528118e-15 -3.043021229653717e-04
31 2 1.184517501802676e-03 2.812234143288165e-17
32 2 -4.564981012538072e-16 9.587104463593146e-06
33 2 2.084417261551789e-03 8.948446017533252e-18
34 2 1.119597624491926e-15 2.115707356772903e-03
35 2 2.138032707991310e-03 -1.076730275280801e-17
36 2 1.772579154797729e-15 1.045681151615646e-02
37 2 -6.942634743211347e-03 -2.365881839732050e-17
38 2 1.749196662776603e-15 5.655350863648183e-17
39 2 -6.942634743211364e-03 -1.645608817984673e-17
0 3 -1.302143778037671e-15 -3.074532974402251e-03
1 3 5.309134690966544e-04 4.273886067436962e-18
2 3 2.120432963466459e-16 -1.249746416447686e-03
3 3 8.362980834592035e-04 2.433090652975572e-17
4 3 -1.883435611355403e-15 -3.280998980785477e-04
5 3 6.380504828740853e-04 4.434559689456715e-17
6 3 -1.366843461875213e-15 -1.399327767609632e-05
7 3 4.247954347434922e-04 5.306619838347122e-17
8 3 3.818336802590505e-16 6.756172977768317e-05
9 3 2.795261615718956e-04 4.854828989974557e-17
10 3 -1.045572449924733e-15 7.305999588251838e-05
11 3 1.913865491131133e-04 3.221875129119382e-17
12 3 -1.061784676905290e-15 5.626500107926782e-05
13 3 1.410112395691681e-04 1.021787844666701e-17
14 3 1.251767161655787e-16 3.413939795714524e-05
15 3 1.153012834336376e-04 -9.655582905685538e-18
16 3 -1.756971190001826e-16 1.135317555268457e-05
17 3 1.074240495042302e-04 -1.930229092517216e-17
18 3 -1.753033437431371e-16 -1.135317555259063e-05
19 3 1.153012834336358e-04 -1.607862486923537e-17
20 3 1.301657777818954e-16 -3.413939795707598e-05
21 3 1.410112395691649e-04 -6.791592700914187e-19
22 3 -1.051400693491001e-15 -5.626500107923860e-05
23 3 1.913865491131081e-04 2.018071802105488e-17
24 3 -1.030112655074557e-15 -7.305999588252776e-05
25 3 2.795261615718894e-04 3.900402602022312e-17
26 3 4.009502268834753e-16 -6.756172977771613e-05
27 3 4.247954347434846e-04 4.807925633353029e-17
28 3 -1.340973883354494e-15 1.399327767606608e-05
29 3 6.380504828740802e-04 4.386698278566425e-17
30 3 -1.851370512318662e-15 3.280998980785452e-04
31 3 8.362980834592090e-04 3.072282853891017e-17
32 3 2.464591640297553e-16 1.249746416447725e-03
33 3 5.309134690966572e-04 9.471817844332185e-18
34 3 -1.271098526482967e-15 3.074532974402342e-03
35 3 -1.567781350750708e-03 -9.471296446567162e-18
36 3 7.618588537944347e-16 2.110912665787155e-03
37 3 -3.286426755730366e-03 -1.834259957087571e-17
38 3 7.552934855712038e-16 -2.110912665787049e-03
39 3 -1.567781350750709e-03 -9.609489385621719e-18
0 4 -1.381895780048923e-15 -1.268975721301984e-03
1 4 1.922227217304546e-04 4.397578960422816e-18
2 4 -1.044495936416354e-15 -7.015754436674090e-04
3 4 3.876670637018788e-04 2.307342330918628e-17
4 4 -9.355364718984416e-16 -2.979992691819720e-04
5 4 3.593927240708680e-04 3.996731159153150e-17
6 4 2.287487985631393e-15 -9.935586451000784e-05
7 4 2.809549539354179e-04 4.884111414350387e-17
8 4 3.798431865350113e-15 -1.713443784772609e-05
9 4 2.114444322557538e-04 4.494523080209037e-17
10 4 5.404916377901520e-15 1.059214267304738e-05
11 4 1.626541473681295e-04 3.005052439192475e-17
12 4 6.073335695336527e-16 1.468526391372600e-05
13 4 1.330256471217181e-04 9.427320950048470e-18
14 4 -1.764646211529125e-15 9.062581715259715e-06
15 4 1.192110924583618e-04 -9.246366048919547e-18
16 4 1.068421419151922e-15 4.519353593299231e-17
17 4 1.192110924583618e-04 -1.968868474718506e-17
18 4 -1.762084063497615e-15 -9.062581715180656e-06
19 4 1.330256471217201e-04 -1.727257851376715e-17
20 4 6.122953983506506e-16 -1.468526391367739e-05
21 4 1.626541473681292e-04 -3.129568479294866e-18
22 4 5.412881275494771e-15 -1.059214267303627e-05
23 4 2.114444322557534e-04 1.722422764916333e-17
24 4 3.809124387603371e-15 1.713443784770719e-05
25 4 2.809549539354169e-04 3.722844156465565e-17
26 4 2.302334384118017e-15 9.935586450997771e-05
27 4 3.593927240708667e-04 4.862396657885813e-17
28 4 -9.140880746380830e-16 2.979992691819524e-04
29 4 3.876670637018835e-04 4.599230476880862e-17
30 4 -1.014540917259482e-15 7.015754436674204e-04
31 4 1.922227217304648e-04 3.406608699668915e-17
32 4 -1.359675712228553e-15 1.268975721302035e-03
33 4 -4.977086094008648e-04 1.534218797533290e-17
34 4 -1.485138773760667e-15 1.245044169945990e-03
35 4 -1.348864173233135e-03 -2.156631674724465e-18
36 4 1.542826006122992e-15 4.506020395178237e-17
37 4 -1.348864173233141e-03 -1.087503481343091e-17
38 4 -1.497544797921031e-15 -1.245044169945910e-03
39 4 -4.977086094008720e-04 -8.169440714856651e-18
0 5 1.505359452943171e-17 -6.458727005756971e-04
1 5 9.325836091969327e-05 -3.406358334795936e-18
2 5 -1.458125792046194e-16 -4.187586564155209e-04
3 5 2.067800091541794e-04 1.515687350253873e-17
4 5 -2.296166572344215e-16 -2.262124747390357e-04
5 5 2.181084000129305e-04 3.334206067192773e-17
6 5 1.958218982690913e-15 -1.083574573918238e-04
7 5 1.924625709461041e-04 4.536995401109861e-17
8 5 4.977627317497781e-15 -4.630717351757519e-05
9 5 1.616822105836515e-04 4.519245430106860e-17
10 5 3.920011578863483e-15 -1.701579347686999e-05
11 5 1.373748055532913e-04 3.281332238622158e-17
12 5 -1.109096405241616e-15 -4.931746466706484e-06
13 5 1.226013143553163e-04 1.229859678949356e-17
14 5 -1.291822848293973e-15 -8.706006625852862e-07
15 5 1.177031678769709e-04 -7.934284073157639e-18
16 5 -1.290386706875536e-15 8.706006626577441e-07
17 5 1.226013143553188e-04 -2.090745055581498e-17
18 5 -1.107594167964207e-15 4.931746466762438e-06
19 5 1.373748055532925e-04 -2.199174294497915e-17
20 5 3.921797232299965e-15 1.701579347689994e-05
21 5 1.616822105836540e-04 -9.548512167143160e-18
22 5 4.980120381936059e-15 4.630717351757947e-05
23 5 1.924625709461071e-04 1.167194984028551e-17
24 5 1.960933832395685e-15 1.083574573918099e-04
25 5 2.181084000129313e-04 3.426666068289446e-17
26 5 -2.271387376540277e-16 2.262124747390215e-04
27 5 2.067800091541847e-04 4.932614416626388e-17
28 5 -1.369798988474412e-16 4.187586564155180e-04
29 5 9.325836091970163e-05 5.242868801118546e-17
30 5 2.634199906111549e-17 6.458727005757163e-04
31 5 -1.970920373796932e-04 4.319996025630700e-17
32 5 1.236683189378976e-15 6.970826227716835e-04
33 5 -5.956502858671418e-04 2.366001287025497e-17
34 5 2.124452097530437e-16 3.187610354194869e-04
35 5 -7.967538644158301e-04 4.477052747485426e-18
36 5 2.082750234001006e-16 -3.187610354194298e-04
37 5 -5.956502858671481e-04 -8.785177957109639e-18
38 5 1.228120474681153e-15 -6.970826227716406e-04
39 5 -1.970920373797024e-04 -1.170309796053868e-17
0 6 7.137470937555280e-16 -3.742021051289225e-04
1 6 5.691092332509722e-05 -1.557926740874506e-17
2 6 1.265015217019007e-15 -2.666899452028871e-04
3 6 1.253425828832188e-04 4.671887381337555e-18
4 6 -1.655905299319429e-15 -1.661136557311864e-04
5 6 1.437175591070979e-04 2.854996781369169e-17
6 6 -5.791327300671738e-16 -9.502113800402357e-05
7 6 1.388678697764886e-04 4.598934758083745e-17
8 6 -3.905336003229555e-16 -5.090635705546635e-05
9 6 1.272894375883774e-04 5.082756602453754e-17
10 6 -1.864282672347412e-15 -2.522689040536881e-05
11 6 1.169960763062504e-04 3.969166532580708e-17
12 6 3.210293915435461e-16 -1.022503989361351e-05
13 6 1.112970968175242e-04 1.715697181820341e-17
14 6 4.420214376744317e-15 2.476848171380773e-17
15 6 1.112970968175240e-04 -8.315874478964388e-18
16 6 3.211797661978477e-16 1.022503989365998e-05
17 6 1.169960763062534e-04 -2.648872054813647e-17
18 6 -1.866964158998233e-15 2.522689040540537e-05
19 6 1.272894375883813e-04 -3.123250495222558e-17
20 6 -3.946106766205637e-16 5.090635705548996e-05
21 6 1.388678697764954e-04 -1.965751573328718e-17
22 6 -5.852857002614676e-16 9.502113800403624e-05
23 6 1.437175591071042e-04 5.617779033131921e-18
24 6 -1.667850624211321e-15 1.661136557311924e-04
25 6 1.253425828832271e-04 3.357534609679878e-17
26 6 1.254935199216212e-15 2.666899452028917e-04
27 6 5.691092332510710e-05 5.455952362890744e-17
28 6 7.077955639106133e-16 3.742021051289314e-04
29 6 -8.693851501922006e-05 6.174483666761915e-17
30 6 1.038984952195383e-16 4.146416541720056e-04
31 6 -2.877358966449673e-04 5.298969337081282e-17
32 6 1.603479414949715e-15 2.892004552116566e-04
33 6 -4.457471341412117e-04 3.169694165265223e-17
34 6 -1.092756621246971e-15 1.361049012621901e-17
35 6 -4.457471341412186e-04 5.835732462038328e-18
36 6 1.603321059951280e-15 -2.892004552116321e-04
37 6 -2.877358966449791e-04 -1.498615722658064e-17
38 6 1.073177104193119e-16 -4.146416541719889e-04
39 6 -8.693851501923189e-05 -2.418564858762055e-17
0 7 -1.274792679155581e-15 -2.361005545143234e-04
1 7 4.146164261012506e-05 -2.837855323362831e-17
2 7 -8.431981086678726e-16 -1.787522246912286e-04
3 7 8.507696308446276e-05 -1.465389302308693e-18
4 7 -2.026904817035100e-15 -1.216486943608444e-04
5 7 1.024469679421523e-04 3.045842042218044e-17
6 7 -4.187153019141097e-15 -7.679348996505785e-05
7 7 1.056084725037406e-04 5.455092580908794e-17
8 7 -2.803546461429081e-15 -4.507365697000135e-05
9 7 1.032071908151499e-04 6.110160363217325e-17
10 7 -3.063313568310362e-15 -2.320874856232276e-05
11 7 1.002066127113159e-04 4.737933811582642e-17
12 7 7.100032804984527e-16 -7.112253256620568e-06
13 7 9.897831281444709e-05 1.903099670678065e-17
14 7 7.075902904073213e-16 7.112253256640622e-06
15 7 1.002066127113187e-04 -1.349443511310232e-17
16 7 -3.067384814338952e-15 2.320874856234633e-05
17 7 1.032071908151541e-04 -3.728497404955226e-17
18 7 -2.811554044892631e-15 4.507365697003148e-05
19 7 1.056084725037474e-04 -4.406539448720961e-17
20 7 -4.197946018709071e-15 7.679348996509207e-05
21 7 1.024469679421621e-04 -2.878572479383567e-17
22 7 -2.043948101615599e-15 1.216486943608813e-04
23 7 8.507696308447291e-05 1.880311325181161e-18
24 7 -8.619873558291872e-16 1.787522246912611e-04
25 7 4.146164261013899e-05 3.671547205256062e-17
26 7 -1.291632042435526e-15 2.361005545143473e-04
27 7 -3.843854059843992e-05 6.363902585993115e-17
28 7 2.185034216346552e-16 2.631491198885094e-04
29 7 -1.485338997447892e-04 7.197689945356365e-17
30 7 -2.429534989667654e-15 2.183429214584453e-04
31 7 -2.524535077109606e-04 5.940809120425379e-17
32 7 -2.360404661525296e-15 8.637449745312956e-05
33 7 -2.961421160795023e-04 3.118972708583005e-17
34 7 -2.358936941684148e-15 -8.637449745313384e-05
35 7 -2.524535077109668e-04 -3.747367136056999e-18
36 7 -2.420074517484799e-15 -2.183429214584433e-04
37 7 -1.485338997448028e-04 -3.058221179962261e-17
38 7 2.327598614891164e-16 -2.631491198884992e-04
39 7 -3.843854059845532e-05 -4.011313297973921e-17
0 8 -1.835343369267462e-15 -1.578161446296712e-04
1 8 3.410867651390926e-05 -3.599905149171627e-17
2 8 -9.110605583178864e-16 -1.241443537042879e-04
3 8 6.338434944941648e-05 2.989476071880393e-19
4 8 1.175186428235953e-15 -8.906730407892794e-05
5 8 7.802659373285929e-05 3.983241495744892e-17
6 8 -2.460735151133009e-15 -5.904378931779985e-05
7 8 8.381277517399993e-05 6.754433857558238e-17
8 8 -3.163237211163294e-15 -3.526266650619620e-05
9 8 8.532977060843276e-05 7.238115127384031e-17
10 8 -2.524760166770861e-15 -1.635198434701757e-05
11 8 8.543122891821868e-05 5.204965421955708e-17
12 8 8.225084795784352e-16 -7.607879278820638e-18
13 8 8.543122891822101e-05 1.507994871651773e-17
14 8 -2.530063886631610e-15 1.635198434701156e-05
15 8 8.532977060843925e-05 -2.421134113654980e-17
16 8 -3.171896117476273e-15 3.526266650621197e-05
17 8 8.381277517401003e-05 -5.090605563478207e-17
18 8 -2.474873862029844e-15 5.904378931784098e-05
19 8 7.802659373287060e-05 -5.547868734727234e-17
20 8 1.157143343335016e-15 8.906730407898903e-05
21 8 6.338434944942751e-05 -3.435477300099652e-17
22 8 -9.317815210030657e-16 1.241443537043551e-04
23 8 3.410867651392147e-05 3.554326935110281e-18
24 8 -1.855654723340955e-15 1.578161446297265e-04
25 8 -1.423074954290165e-05 4.423667016361498e-17
26 8 -7.594920637159294e-16 1.759937875474423e-04
27 8 -7.930064521815233e-05 7.271311775267992e-17
28 8 -1.914299508263565e-15 1.596136965098890e-04
29 8 -1.463362932750762e-04 7.793475147740641e-17
30 8 5.509866354083449e-16 9.707810550590871e-05
31 8 -1.902257063716256e-04 5.844363963634792e-17
32 8 -1.541646078364588e-15 -1.565340083606464e-17
33 8 -1.902257063716280e-04 2.127969384792196e-17
34 8 5.545262461757513e-16 -9.707810550593208e-05
35 8 -1.463362932750856e-04 -2.005509635607287e-17
36 8 -1.904640215995920e-15 -1.596136965098887e-04
37 8 -7.930064521816334e-05 -4.890683818432785e-17
38 8 -7.424452348631647e-16 -1.759937875474131e-04
39 8 -1.423074954291287e-05 -5.593054898182426e-17
0 9 6.340998453086014e-16 -1.095617368906219e-04
1 9 3.009083680986205e-05 -3.476101069903458e-17
2 9 1.183938121798603e-15 -8.802001756959025e-05
3 9 5.055605860737036e-05 1.081555091032767e-17
4 9 -6.579687234529812e-16 -6.475347955175876e-05
5 9 6.235093871136250e-05 5.424440596558275e-17
6 9 -7.128703701139384e-16 -4.331213884513526e-05
7 9 6.835368467040498e-05 8.042252737193018e-17
8 9 -4.095177644846135e-15 -2.458568099179131e-05
9 9 7.096713139289673e-05 7.874633054314241e-17
10 9 4.669057558782674e-15 -7.942556770411042e-06
11 9 7.167431705586661e-05 4.972269668940888e-17
12 9 4.665447049691102e-15 7.942556770366717e-06
13 9 7.096713139290459e-05 5.741369890975588e-18
14 9 -4.104582224407903e-15 2.458568099177415e-05
15 9 6.835368467041864e-05 -3.740215414045749e-17
16 9 -7.274458174199689e-16 4.331213884516087e-05
17 9 6.235093871137800e-05 -6.356445805030986e-17
18 9 -6.762222019005688e-16 6.475347955182527e-05
19 9 5.055605860738352e-05 -6.173638730630512e-17
20 9 1.165843587486132e-15 8.802001756968221e-05
21 9 3.009083680987162e-05 -3.353790016278399e-17
22 9 6.203003558913026e-16 1.095617368907124e-04
23 9 -1.130983323552035e-06 1.021391643951323e-17
24 9 -1.493022257839274e-15 1.223442104330385e-04
25 9 -4.208464722744168e-05 5.365873165618882e-17
26 9 9.138158107764579e-16 1.169389993035043e-04
27 9 -8.617974092070570e-05 7.909908105728292e-17
28 9 -1.026795203285164e-15 8.617924536466168e-05
29 9 -1.213242596836293e-04 7.705492083078664e-17
30 9 3.404160240418180e-15 3.195827224509237e-05
31 9 -1.348723551167921e-04 4.864518387564601e-17
32 9 3.405069273551791e-15 -3.195827224514207e-05
33 9 -1.213242596836303e-04 4.156365704677619e-18
34 9 -1.027041974860028e-15 -8.617924536468464e-05
35 9 -8.617974092070546e-05 -3.939064425288122e-17
36 9 9.194526643613594e-16 -1.169389993034847e-04
37 9 -4.208464722744342e-05 -6.513514535430141e-17
38 9 -1.482903400990180e-15 -1.223442104329752e-04
39 9 -1.130983323557141e-06 -6.367944979424738e-17
0 10 7.809316684066477e-16 -7.775831297958418e-05
1 10 2.739940873363837e-05 -2.315227165002066e-17
2 10 1.680797674625092e-15 -6.283491821644555e-05
3 10 4.208422421758586e-05 2.611015104551805e-17
4 10 2.304573266114935e-15 -4.624270927984657e-05
5 10 5.127229586210793e-05 6.861856900629877e-17
6 10 -1.432047491488530e-16 -2.998450742153844e-05
7 10 5.638919627205855e-05 8.768545705576063e-17
8 10 -2.327910958087751e-16 -1.466023205612152e-05
9 10 5.862459083751160e-05 7.681224727915703e-17
10 10 6.636930246705753e-15 -3.823377118827187e-17
11 10 5.862459083751849e-05 4.046079005806638e-17
12 10 -2.441301995086709e-16 1.466023205606387e-05
13 10 5.638919627207551e-05 -6.739261527076241e-18
14 10 -1.621507383034189e-16 2.998450742152847e-05
15 10 5.127229586212922e-05 -4.901372446182721e-17
16 10 2.284561449711621e-15 4.624270927989503e-05
17 10 4.208422421760591e-05 -6.925313738027812e-17
18 10 1.665199466447072e-15 6.283491821654178e-05
19 10 2.739940873364799e-05 -6.006867006347323e-17
20 10 7.726639755688314e-16 7.775831297969916e-05
21 10 6.227510875859049e-06 -2.626046377904228e-17
22 10 1.571868430145339e-15 8.728738202606263e-05
23 10 -2.089752737147446e-05 2.042988044034548e-17
24 10 3.138696560157951e-16 8.646721220362225e-05
25 10 -5.076823699429859e-05 6.092733619946577e-17
26 10 -2.595011451778340e-15 7.103584376665956e-05
27 10 -7.726436312283799e-05 7.954995404670574e-17
28 10 1.981407402783854e-16 4.045055485298374e-05
29 10 -9.306709930356012e-05 6.893322005968544e-17
30 10 -9.440441956591149e-16 -3.442052982892307e-17
31 10 -9.306709930355565e-05 3.270185478530553e-17
32 10 1.914565213025841e-16 -4.045055485303377e-05
33 10 -7.726436312282494e-05 -1.369921752526660e-17
34 10 -2.604228960002944e-15 -7.103584376666347e-05
35 10 -5.076823699428187e-05 -5.430000441270379e-17
36 10 3.073957782336042e-16 -8.646721220356938e-05
37 10 -2.089752737146205e-05 -7.204147710140346e-17
38 10 1.570957163294967e-15 -8.728738202596526e-05
39 10 6.227510875860695e-06 -6.074357172376442e-17
0 11 -1.936494080526556e-15 -5.566104606028333e-05
1 11 2.514010431296561e-05 -6.726038503453516e-18
2 11 -1.458086474595343e-16 -4.457394385910828e-05
3 11 3.578653906409211e-05 4.008659201696843e-17
4 11 5.684696813238583e-16 -3.199726778700187e-05
5 11 4.266919223524506e-05 7.511850707396482e-17
6 11 1.586850109815388e-15 -1.910901556779162e-05
7 11 4.644828264385454e-05 8.574836199615260e-17
8 11 5.513474999577357e-15 -6.339631592920644e-06
9 11 4.764402681715702e-05 6.746797530074995e-17
10 11 5.504811936820340e-15 6.339631592830021e-06
11 11 4.644828264387406e-05 2.862704812742920e-17
12 11 1.565545895851190e-15 1.910901556774100e-05
13 11 4.266919223527509e-05 -1.768432477844497e-17
14 11 5.429709716734353e-16 3.199726778701488e-05
15 11 3.578653906412159e-05 -5.404108864634818e-17
16 11 -1.657337418715178e-16 4.457394385918486e-05
17 11 2.514010431298245e-05 -6.648459608030291e-17
18 11 -1.943115362891287e-15 5.566104606040016e-05
19 11 1.029771757903809e-05 -5.110875523840198e-17
20 11 -5.394011984699787e-16 6.318477711416245e-05
21 11 -8.394387177719598e-06 -1.401343826857560e-17
22 11 1.532087060019648e-15 6.440804253336929e-05
23 11 -2.923442038998455e-05 2.927364657694756e-17
24 11 1.155675835428805e-15 5.678879515013442e-05
25 11 -4.894872292804447e-05 6.201693225512575e-17
26 11 9.787060404744935e-16 3.939025572883218e-05
27 11 -6.329811889339042e-05 7.244755716065747e-17
28 11 4.010816038877858e-16 1.413971201122859e-05
29 11 -6.857639969482711e-05 5.473288371337625e-17
30 11 3.909995605521799e-16 -1.413971201129993e-05
31 11 -6.329811889337028e-05 1.701162143671824e-17
32 11 9.553423154351738e-16 -3.939025572886587e-05
33 11 -4.894872292801040e-05 -2.677277258497712e-17
34 11 1.127185904065131e-15 -5.678879515010854e-05
35 11 -2.923442038994941e-05 -5.955211214184772e-17
36 11 1.509481005140342e-15 -6.440804253328433e-05
37 11 -8.394387177696580e-06 -6.755568752045129e-17
38 11 -5.504030782506957e-16 -6.318477711404280e-05
39 11 1.029771757904132e-05 -4.766864177571827e-17
0 12 -1.896023617790065e-15 -3.969857222620003e-05
1 12 2.293806093157262e-05 5.910635310432392e-18
2 12 -2.268601579745331e-15 -3.100914958120985e-05
3 12 3.061535683198942e-05 4.520786455632337e-17
4 12 -5.862975547849275e-16 -2.106428101488228e-05
5 12 3.550348272880316e-05 7.081327115638997e-17
6 12 3.727576799211220e-16 -1.060817352717909e-05
7 12 3.785920696123438e-05 7.432305987569836e-17
8 12 -1.533371188201074e-15 -5.150674345889945e-17
9 12 3.785920696124807e-05 5.358741921755580e-17
10 12 3.519907056172250e-16 1.060817352709718e-05
11 12 3.550348272883774e-05 1.686890971189770e-17
12 12 -6.195644435294256e-16 2.106428101485519e-05
13 12 3.061535683203028e-05 -2.218223952567422e-17
14 12 -2.299943558229875e-15 3.100914958125007e-05
15 12 2.293806093160226e-05 -4.993682755778971e-17
16 12 -1.910226497331915e-15 3.969857222629625e-05
17 12 1.233467535939880e-05 -5.524423902426745e-17
18 12 1.472959897894961e-15 4.591575195951758e-05
19 12 -9.210066255839665e-07 -3.773350648766755e-17
20 12 2.964548113861149e-15 4.807812713000520e-05
21 12 -1.583859713132591e-05 -4.066967084313106e-18
22 12 -1.058861191277275e-15 4.464196158485027e-05
23 12 -3.055905074656197e-05 3.221184794435601e-17
24 12 -3.764465179118744e-15 3.478945508842632e-05
25 12 -4.256814742696115e-05 5.650492276242844e-17
26 12 -1.711203593717019e-15 1.913717349584095e-05
27 12 -4.936398089032002e-05 5.994689387449915e-17
28 12 1.702728249097484e-15 -3.876065409019037e-17
29 12 -4.936398089030365e-05 4.075046824823186e-17
30 12 -1.739114928851687e-15 -1.913717349589944e-05
31 12 -4.256814742691797e-05 6.097909554094226e-18
32 12 -3.810095138940431e-15 -3.478945508843429e-05
33 12 -3.055905074650716e-05 -2.947226124910666e-17
34 12 -1.105406458073831e-15 -4.464196158479629e-05
35 12 -1.583859713127893e-05 -5.256223898557596e-17
36 12 2.930442582995681e-15 -4.807812712990271e-05
37 12 -9.210066255591192e-07 -5.341344890822820e-17
38 12 1.462724656710660e-15 -4.591575195939838e-05
39 12 1.233467535939319e-05 -3.127944967375554e-17
0 13 -1.590035658297389e-15 -2.787680973859402e-05
1 13 2.068613678516132e-05 9.533501201344496e-18
2 13 -2.141789100990251e-15 -2.084402285648324e-05
3 13 2.610872925297454e-05 3.806729011083778e-17
4 13 -4.164720464695423e-15 -1.281805676473836e-05
5 13 2.932012844655219e-05 5.698735505566345e-17
6 13 -4.139854156972585e-15 -4.318056229896326e-06
7 13 3.038011417912298e-05 5.774976515080068e-17
8 13 -4.154613747533704e-15 4.318056229806375e-06
9 13 2.932012844658525e-05 4.065877497089185e-17
10 13 -4.202918879276092e-15 1.281805676468299e-05
11 13 2.610872925302472e-05 1.192480194289498e-17
12 13 -2.186855715308556e-15 2.084402285648549e-05
13 13 2.068613678520815e-05 -1.738842995249758e-17
14 13 -1.621483236414456e-15 2.787680973865391e-05
15 13 1.306555324114288e-05 -3.814509568347594e-17
16 13 -5.187582926301308e-16 3.315473217009171e-05
17 13 3.487622715215056e-06 -4.078366786847311e-17
18 13 2.266652447351067e-15 3.571725705592090e-05
19 13 -7.413071121295298e-06 -2.602998480697872e-17
20 13 -3.568365778160096e-16 3.460097252713807e-05
21 13 -1.850964672428134e-05 -4.716234817711177e-19
22 13 -1.585659200475246e-15 2.918637707325244e-05
23 13 -2.825476986323423e-05 2.726044170111462e-17
24 13 2.838022888047542e-16 1.959216749922558e-05
25 13 -3.498424122739969e-05 4.544860941188374e-17
26 13 2.223672143110134e-15 6.911450650242125e-06
27 13 -3.739299720774568e-05 4.726930527019119e-17
28 13 2.203683862578336e-15 -6.911450650310691e-06
29 13 -3.498424122735990e-05 3.129654724185494e-17
30 13 2.320117546848112e-16 -1.959216749926181e-05
31 13 -2.825476986316798e-05 5.361199237044398e-18
32 13 -1.652400268863556e-15 -2.918637707323546e-05
33 13 -1.850964672421290e-05 -2.144818318707292e-17
34 13 -4.164764356891905e-16 -3.460097252706821e-05
35 13 -7.413071121248001e-06 -3.774886220917954e-17
36 13 2.232901643304562e-15 -3.571725705582039e-05
37 13 3.487622715227506e-06 -3.721700741248748e-17
38 13 -5.173895550288439e-16 -3.315473216999471e-05
39 13 1.306555324111976e-05 -1.963125027556042e-17
0 14 9.454234883664683e-16 -1.902219640566317e-05
1 14 1.841904029405302e-05 -7.525759808879058e-19
2 14 1.053341663753392e-15 -1.327364364278549e-05
3 14 2.210823043897570e-05 2.067483108616049e-17
4 14 -2.170746931770093e-15 -6.800163315034476e-06
5 14 2.396100713391473e-05 3.751210939630443e-17
6 14 -3.857121748704970e-15 -3.634517953365613e-17
7 14 2.396100713393457e-05 4.257152898164284e-17
8 14 -2.204718732761746e-15 6.800163314975547e-06
9 14 2.210823043902658e-05 3.451916792572721e-17
10 14 9.994256722179102e-16 1.327364364276325e-05
11 14 1.841904029411367e-05 1.606156960616686e-17
12 14 8.951176237336837e-16 1.902219640568736e-05
13 14 1.297008015255886e-05 -5.450729668691242e-18
14 14 -1.498684482687540e-15 2.353218519304233e-05
15 14 5.976743508882716e-06 -2.239081814590154e-17
16 14 6.039775316717482e-16 2.618781684053505e-05
17 14 -2.117158074398930e-06 -2.885858869282248e-17
18 14 -7.953514406579170e-16 2.636614171308994e-05
19 14 -1.057964088387854e-05 -2.242947831553625e-17
20 14 -2.647643186588225e-15 2.361597060846064e-05
21 14 -1.841275059850705e-05 -5.111147310684776e-18
22 14 -2.015420826342662e-18 1.787773513172301e-05
23 14 -2.449478246470976e-05 1.602926022849706e-17
24 14 8.958490028320662e-16 9.650813554358850e-06
25 14 -2.783076951271371e-05 3.287698085399993e-17
26 14 1.532762852918050e-15 -2.977107847570898e-17
27 14 -2.783076951269102e-05 3.865052122613497e-17
28 14 8.503488450256448e-16 -9.650813554405325e-06
29 14 -2.449478246464801e-05 3.201668162351931e-17
30 14 -7.583200049128810e-17 -1.787773513173464e-05
31 14 -1.841275059842943e-05 1.500378996795889e-17
32 14 -2.726164800083108e-15 -2.361597060842882e-05
33 14 -1.057964088381126e-05 -5.367668820528700e-18
34 14 -8.519792320893520e-16 -2.636614171302379e-05
35 14 -2.117158074365032e-06 -2.171377683936059e-17
36 14 5.873058316968631e-16 -2.618781684045720e-05
37 14 5.976743508873687e-06 -2.693884346737702e-17
38 14 -1.475502444489777e-15 -2.353218519298068e-05
39 14 1.297008015251367e-05 -1.856263714100189e-17
0 15 1.716995997876712e-15 -1.240186517818803e-05
1 15 1.623981474375138e-05 -2.013010700565675e-17
2 15 1.596872448278624e-15 -7.755557336696745e-06
3 15 1.860066275494163e-05 -7.389075629279168e-19
4 15 -6.962326651739448e-16 -2.635665917987671e-06
5 15 1.939589985448842e-05 2.081189900030853e-17
6 15 -7.170383875137974e-16 2.635665917950357e-06
7 15 1.860066275498065e-05 3.537583937153428e-17
8 15 1.543308632024765e-15 7.755557336674243e-06
9 15 1.623981474381437e-05 3.847458548422460e-17
10 15 1.652925404682643e-15 1.240186517819084e-05
11 15 1.240125039057284e-05 2.827423787616360e-17
12 15 2.640792676359904e-15 1.620465181808749e-05
13 15 7.271756693176677e-06 9.026603055781699e-18
14 15 -1.965171389070389e-15 1.874690419298712e-05
15 15 1.182606329083492e-06 -1.138390099667098e-17
16 15 -1.036213246427412e-15 1.960968071466292e-05
17 15 -5.357208993850415e-06 -2.607198385067948e-17
18 15 -1.695136293558957e-15 1.846515252931042e-05
19 15 -1.166800977192933e-05 -2.870021148864782e-17
20 15 2.472280536636528e-15 1.519944467384753e-05
21 15 -1.696965388477582e-05 -1.754748034735800e-17
22 15 4.311525058760185e-17 1.002163738711441e-05
23 15 -2.051650970110398e-05 2.420708087871509e-18
24 15 -2.936692265583779e-15 3.501890662280827e-06
25 15 -2.176531696800830e-05 2.346049060429696e-17
26 15 -2.961613058938453e-15 -3.501890662319005e-06
27 15 -2.051650970105871e-05 3.850430079993719e-17
28 15 -2.214702076059870e-17 -1.002163738713586e-05
29 15 -1.696965388470208e-05 4.087692515678316e-17
30 15 2.389193611595331e-15 -1.519944467384421e-05
31 15 -1.166800977185380e-05 3.017882901682924e-17
32 15 -1.766639290398710e-15 -1.846515252928163e-05
33 15 -5.357208993799614e-06 9.542182714422241e-18
34 15 -1.072160261286558e-15 -1.960968071461859e-05
35 15 1.182606329093002e-06 -1.235569306441443e-17
36 15 -1.956035905350842e-15 -1.874690419294241e-05
37 15 7.271756693142528e-06 -2.727250299932461e-17
38 15 2.687468630346221e-15 -1.620465181805884e-05
39 15 1.240125039051100e-05 -3.065496024563331e-17
0 16 4.975192834337639e-15 -7.528065185715476e-06
1 16 1.427299469167707e-05 -4.285357872627755e-17
2 16 1.378550375556779e-15 -3.893940775639028e-06
3 16 1.562602967329473e-05 -1.821328912399187e-17
4 16 -4.342484442543046e-16 -2.801200694052166e-19
5 16 1.562602967331540e-05 1.371181849159034e-17
6 16 1.337492218188712e-15 3.893940775638917e-06
7 16 1.427299469173101e-05 3.964532835289355e-17
8 16 4.910671435649835e-15 7.528065185720665e-06
9 16 1.163670988141235e-05 5.047558477784756e-17
10 16 1.772466342867052e-15 1.062707668613197e-05
11 16 7.870100568332051e-06 4.243726951461035e-17
12 16 -4.939398962239500e-16 1.289768325343586e-05
13 16 3.229759202741968e-06 1.958706500758950e-17
14 16 3.627796815105452e-16 1.404940733026216e-05
15 16 -1.908254348255821e-06 -9.741502021206987e-18
16 16 1.098253543899884e-15 1.384266168270636e-05
17 16 -7.052797213270605e-06 -3.442703535500055e-17
18 16 3.100896871559099e-16 1.215701578797092e-05
19 16 -1.163600707998991e-05 -4.290689617241512e-17
20 16 -2.566063767366925e-15 9.059156603193454e-06
21 16 -1.508986368726442e-05 -3.339879839706897e-17
22 16 -1.062652187209980e-15 4.840783687776950e-06
23 16 -1.694867168540581e-05 -7.946367375372154e-18
24 16 -2.615273736636986e-17 -7.159162879732996e-18
25 16 -1.694867168538496e-05 2.215433659815718e-17
26 16 -1.108162812919058e-15 -4.840783687788480e-06
27 16 -1.508986368720936e-05 4.662950968759331e-17
28 16 -2.638882222185931e-15 -9.059156603199412e-06
29 16 -1.163600707992126e-05 5.498248173217366e-17
30 16 2.353300976670324e-16 -1.215701578796865e-05
31 16 -7.052797213213085e-06 4.407646765740976e-17
32 16 1.049824596038780e-15 -1.384266168269692e-05
33 16 -1.908254348232184e-06 1.815244019359905e-17
34 16 3.558199580604939e-16 -1.404940733024914e-05
35 16 3.229759202722358e-06 -1.445801614874382e-17
36 16 -4.586503573097721e-16 -1.289768325342257e-05
37 16 7.870100568278114e-06 -4.033454438932408e-17
38 16 1.835607665402263e-15 -1.062707668612240e-05
39 16 1.163670988134675e-05 -5.138139962053286e-17
0 17 5.327891937350696e-15 -4.058530476744291e-06
1 17 1.263488198162942e-05 -5.846842613784681e-17
2 17 2.012309018654190e-15 -1.385825734295363e-06
3 17 1.322570909067896e-05 -2.283885244672037e-17
4 17 1.992600256465389e-15 1.385825734331551e-06
5 17 1.263488198166490e-05 1.912080611775390e-17
6 17 5.277861258335423e-15 4.058530476771157e-06
7 17 1.089986909892507e-05 5.291800760817282e-17
8 17 -2.716548870978291e-16 6.431420667604764e-06
9 17 8.136229788531144e-06 6.455895896390010e-17
10 17 -3.809053554661962e-15 8.298774010734367e-06
11 17 4.544897469449049e-06 5.209387720747678e-17
12 17 -1.486887739827582e-15 9.459285481225221e-06
13 17 4.174484971115042e-07 2.002681829532003e-17
14 17 -2.324480776459747e-15 9.740228660589017e-06
15 17 -3.869333905362173e-06 -1.920719893791641e-17
16 17 3.374625108364883e-15 9.034485072034013e-06
17 17 -7.877969201809027e-06 -5.058027939916845e-17
18 17 -6.446865513132066e-16 7.341194159834348e-06
19 17 -1.115774870494544e-05 -5.994648134003899e-17
20 17 1.822606726819122e-15 4.794863919819303e-06
21 17 -1.331059106458039e-05 -4.469978614447953e-17
22 17 -2.725457063475393e-15 1.667153567080298e-06
23 17 -1.406107700497835e-05 -1.100951446316038e-17
24 17 -2.744597507912174e-15 -1.667153567066459e-06
25 17 -1.331059106454922e-05 2.983341154889042e-17
26 17 1.772125973334715e-15 -4.794863919812287e-06
27 17 -1.115774870489656e-05 6.009102732761034e-17
28 17 -7.069067090079901e-16 -7.341194159838414e-06
29 17 -7.877969201761198e-06 6.873654226409688e-17
30 17 3.326230593894248e-15 -9.034485072048281e-06
31 17 -3.869333905333733e-06 5.161190466020539e-17
32 17 -2.341830586929747e-15 -9.740228660607513e-06
33 17 4.174484971056953e-07 1.484156477857210e-17
34 17 -1.466940539583421e-15 -9.459285481240981e-06
35 17 4.544897469409982e-06 -2.789235344609054e-17
36 17 -3.757679469058119e-15 -8.298774010739183e-06
37 17 8.136229788472382e-06 -6.088798393994418e-17
38 17 -2.084479174417133e-16 -6.431420667593685e-06
39 17 1.089986909886655e-05 -7.299049098961209e-17
0 18 1.269425801628547e-15 -1.748308886798390e-06
1 18 1.141621562278562e-05 -6.017024369847846e-17
2 18 -3.014601511812488e-15 3.447961194466896e-17
3 18 1.141621562279856e-05 -1.466450897048894e-17
4 18 1.240513742173822e-15 1.748308886856453e-06
5 18 1.036847368245436e-05 3.436375030444284e-17
6 18 -2.003906269235309e-15 3.363621608858339e-06
7 18 8.349924566010463e-06 6.810424267314251e-17
8 18 -3.010497210911516e-15 4.712456030423946e-06
9 18 5.515877154033009e-06 7.469315416442557e-17
10 18 -2.750182156973166e-15 5.664721948335101e-06
11 18 2.099969612542492e-06 5.163749685953920e-17
12 18 -1.118517475789095e-15 6.104897684533257e-06
13 18 -1.592347046711984e-06 8.239851823039835e-18
14 18 2.368732326310599e-15 5.950634708975859e-06
15 18 -5.202084121078829e-06 -3.750766630988143e-17
16 18 2.493532949036142e-15 5.175175434206374e-06
17 18 -8.349844179033483e-06 -6.900155688911526e-17
18 18 2.712221676439586e-15 3.826468146947714e-06
19 18 -1.068221703094115e-05 -7.248154964458066e-17
20 18 -1.463539769115190e-16 2.034427350468041e-06
21 18 -1.192396826226585e-05 -4.780327753705115e-17
22 18 1.278918326263309e-15 2.128846284496514e-17
23 18 -1.192396826225613e-05 -3.341161442059449e-18
24 18 -1.703600738626172e-16 -2.034427350434398e-06
25 18 -1.068221703091777e-05 4.351135557449478e-17
26 18 2.673805710537354e-15 -3.826468146937827e-06
27 18 -8.349844179006249e-06 7.418027697920964e-17
28 18 2.457892057166513e-15 -5.175175434225581e-06
29 18 -5.202084121060169e-06 7.577191948995310e-17
30 18 2.351348319841820e-15 -5.950634709016832e-06
31 18 -1.592347046712803e-06 4.819828992053889e-17
32 18 -1.109191136988944e-15 -6.104897684580760e-06
33 18 2.099969612518813e-06 1.121892458128605e-18
34 18 -2.715420375217081e-15 -5.664721948368999e-06
35 18 5.515877153991657e-06 -4.801830316436620e-17
36 18 -2.961129807752631e-15 -4.712456030428648e-06
37 18 8.349924565963211e-06 -8.050046652298962e-17
38 18 -1.957276048671251e-15 -3.363621608828121e-06
39 18 1.036847368241840e-05 -8.567389175210951e-17
0 19 -2.283686096483338e-15 -4.287730483434579e-07
1 19 1.067355891894728e-05 -4.770597485114883e-17
2 19 -2.292820152359603e-15 4.287730484266654e-07
3 19 1.017845444987984e-05 4.701653753576510e-18
4 19 -2.078829693422151e-15 1.253102448113065e-06
5 19 8.731496378242278e-06 5.333232915791580e-17
6 19 -3.740738739815954e-15 1.977911147819961e-06
7 19 6.447601310693530e-06 7.977978929930138e-17
8 19 -3.969765755098813e-16 2.538286800001256e-06
9 19 3.516640177096455e-06 7.450668885589416e-17
10 19 1.039738059390204e-15 2.874631678801401e-06
11 19 1.973014298796869e-07 3.892352216515600e-17
12 19 -6.085455663759257e-16 2.939883638270979e-06
13 19 -3.197383789391821e-06 -1.113936551991719e-17
14 19 5.656683029232576e-15 2.709137757235875e-06
15 19 -6.325626615781493e-06 -5.785218918847063e-17
16 19 2.408396960210603e-15 2.189132765366625e-06
17 19 -8.853419399215745e-06 -8.278973031723118e-17
18 19 7.307171232530627e-16 1.424015248879627e-06
19 19 -1.049773057432488e-05 -7.542308254060471e-17
20 19 -1.428582575021773e-15 4.940632294056875e-07
21 19 -1.106822565171837e-05 -3.982986840110486e-17
22 19 -1.432702751639490e-15 -4.940632293438871e-07
23 19 -1.049773057432302e-05 1.144637476140074e-17
24 19 7.194650901021349e-16 -1.424015248843145e-06
25 19 -8.853419399214002e-06 5.770804330784744e-17
26 19 2.397351727650743e-15 -2.189132765371138e-06
27 19 -6.325626615784254e-06 8.086178608424661e-17
28 19 5.651896840016807e-15 -2.709137757280639e-06
29 19 -3.197383789401312e-06 7.290011523423375e-17
30 19 -6.016190508034650e-16 -2.939883638339718e-06
31 19 1.973014298630488e-07 3.556373413188682e-17
32 19 1.059985462128268e-15 -2.874631678866604e-06
33 19 3.516640177073878e-06 -1.793287060308236e-17
34 19 -3.683495327000496e-16 -2.538286800036623e-06
35 19 6.447601310668559e-06 -6.550104749682773e-17
36 19 -3.711370455155837e-15 -1.977911147809096e-06
37 19 8.731496378220901e-06 -9.131437874750380e-17
38 19 -2.056253502601085e-15 -1.253102448057590e-06
39 19 1.017845444986775e-05 -8.440060067077885e-17
0 20 -3.241536136634839e-17 4.511658317294769e-17
1 20 1.042600668720411e-05 -2.566439435088381e-17
2 20 -2.632899598083881e-17 -5.913593980108505e-18
3 20 9.454975414894876e-06 2.643840795217801e-17
4 20 -1.042436103077098e-17 -5.442944905845601e-17
5 20 7.589548847764527e-06 6.591806082115657e-17
6 20 8.019373362610415e-18 -8.213428821539178e-17
7 20 4.982120744296394e-06 7.984110053816720e-17
8 20 2.063390060502420e-17 -7.765607769542444e-17
9 20 1.856970802198948e-06 6.157603274330115e-17
10 20 2.176950728241882e-17 -4.462671464183738e-17
11 20 -1.500041180124954e-06 1.893866136155677e-17
12 20 1.052222000165212e-17 6.148324716513606e-18
13 20 -4.761505207458240e-06 -3.235099155322406e-17
14 20 -1.045747142704988e-17 5.316738020547964e-17
15 20 -7.589523009912137e-06 -7.189237910564306e-17
16 20 -3.386369339956427e-17 7.926594421365506e-17
17 20 -9.675574987502574e-06 -8.540382006360057e-17
18 20 -5.003017748369638e-17 7.421201206467464e-17
19 20 -1.078297811151857e-05 -6.657177672101861e-17
20 20 -5.324874682225891e-17 3.956033397975789e-17
21 20 -1.078297811152624e-05 -2.404401908518941e-17
22 20 -4.153392218711381e-17 -1.069760162025818e-17
23 20 -9.675574987523029e-06 2.651391525387358e-17
24 20 -1.852921702223559e-17 -5.792515103163191e-17
25 20 -7.589523009941206e-06 6.573171742017233e-17
26 20 7.294227198196542e-18 -8.351437604091338e-17
27 20 -4.761505207487104e-06 7.852932406797086e-17
28 20 2.718888743635555e-17 -7.707329716293594e-17
29 20 -1.500041180147155e-06 6.021301003889705e-17
30 20 3.514504052680031e-17 -4.160825987392327e-17
31 20 1.856970802187738e-06 1.652913436177774e-17
32 20 2.995599854779571e-17 9.358275368255421e-18
33 20 4.982120744296231e-06 -3.479539499854785e-17
34 20 1.305900404640672e-17 5.872499639715015e-17
35 20 7.589548847770271e-06 -7.374405051648513e-17
36 20 -8.567600057922892e-18 8.492697770020595e-17
37 20 9.454975414901666e-06 -8.781172818588128e-17
38 20 -2.573755106871599e-17 7.967041557916996e-17
39 20 1.042600668720705e-05 -6.896378225992840e-17
0 21 2.235740115940010e-15 -4.287730483901750e-07
1 21 1.065438125298943e-05 -2.634007026583256e-18
2 21 2.044742720906101e-15 -1.253102448176091e-06
3 21 9.149964880576831e-06 4.105908254411303e-17
4 21 3.741493809853410e-15 -1.977911147958060e-06
5 21 6.771134348265160e-06 6.720503605546504e-17
6 21 4.290336827253089e-16 -2.538286800161474e-06
7 21 3.710828983096378e-06 6.722448933403304e-17
8 21 -9.937981448767145e-16 -2.874631678922764e-06
9 21 2.349746655209899e-07 4.042107247682760e-17
10 21 6.433961884835538e-16 -2.939883638308364e-06
11 21 -3.330604991118455e-06 -2.706908979090593e-18
12 21 -5.653235245056977e-15 -2.709137757175811e-06
13 21 -6.625851644466003e-06 -4.699782892876502e-17
14 21 -2.447955997643733e-15 -2.189132765233455e-06
15 21 -9.295160206212832e-06 -7.462120617881876e-17
16 21 -8.084381605208804e-16 -1.424015248726616e-06
17 21 -1.103463862220314e-05 -7.603472183814554e-17
18 21 1.330409985789268e-15 -4.940632292925059e-07
19 21 -1.163872072757466e-05 -5.015930960730642e-17
20 21 1.343411904492295e-15 4.940632293713688e-07
21 21 -1.103463862223358e-05 -6.854132377706160e-18
22 21 -7.747630049906900e-16 1.424015248773274e-06
23 21 -9.295160206264084e-06 3.652198812493190e-17
24 21 -2.405532770380793e-15 2.189132765228272e-06
25 21 -6.625851644519715e-06 6.409048551129103e-17
26 21 -5.615434013988545e-15 2.709137757119156e-06
27 21 -3.330604991157450e-06 6.595158735262003e-17
28 21 6.641234524842062e-16 2.939883638220006e-06
29 21 2.349746655081568e-07 4.091312600634611e-17
30 21 -9.957793194565974e-16 2.874631678834123e-06
31 21 3.710828983112000e-06 -3.506797129142216e-19
32 21 4.089779016813643e-16 2.538286800104394e-06
33 21 6.771134348299757e-06 -4.321370829073510e-17
34 21 3.713153654634528e-15 1.977911147952209e-06
35 21 9.149964880614138e-06 -6.981511262639249e-17
36 21 2.020180612282952e-15 1.253102448220549e-06
37 21 1.065438125301341e-05 -7.103201287310064e-17
38 21 2.226362872469311e-15 4.287730484662763e-07
39 21 1.116866339510260e-05 -4.493166911551077e-17
0 22 -1.274908819824167e-15 -1.748308886875655e-06
1 22 1.130107491705107e-05 1.279530471435212e-17
2 22 1.996803886582555e-15 -3.363621608953884e-06
3 22 9.128674488391432e-06 4.213827376883814e-17
4 22 3.031954056137832e-15 -4.712456030561321e-06
5 22 6.065668144590289e-06 5.488420315395829e-17
6 22 2.790916640867630e-15 -5.664721948462403e-06
7 22 2.354105196283989e-06 4.560134620765956e-17
8 22 1.161468623806871e-15 -6.104897684602827e-06
9 22 -1.681410818376574e-06 1.837414934535221e-17
10 22 -2.344617020843011e-15 -5.950634708962575e-06
11 22 -5.649795747362589e-06 -1.778177133802847e-17
12 22 -2.501650012501799e-15 -5.175175434117259e-06
13 22 -9.128520697576917e-06 -4.934655337534097e-17
14 22 -2.754581679085164e-15 -3.826468146819195e-06
15 22 -1.171685226913948e-05 -6.452141727438324e-17
16 22 8.037024654633700e-17 -2.034427350351009e-06
17 22 -1.309854544431902e-05 -5.781620741104912e-17
18 22 -1.348425774085885e-15 3.782193395796137e-17
19 22 -1.309854544434124e-05 -3.135262182173987e-17
20 22 1.192141592372056e-16 2.034427350411119e-06
21 22 -1.171685226919879e-05 4.881501391128319e-18
22 22 -2.692687561429685e-15 3.826468146838656e-06
23 22 -9.128520697651301e-06 3.597255555872267e-17
24 22 -2.440166280360577e-15 5.175175434086247e-06
25 22 -5.649795747425159e-06 5.200005052776599e-17
26 22 -2.306536228262500e-15 5.950634708889686e-06
27 22 -1.681410818404092e-06 4.651698863066109e-17
28 22 1.162789001346867e-15 6.104897684512558e-06
29 22 2.354105196301751e-06 2.288672220354523e-17
30 22 2.755525440710713e-15 5.664721948385247e-06
31 22 6.065668144643972e-06 -1.077034805088512e-17
32 22 2.973799814154417e-15 4.712456030521762e-06
33 22 9.128674488460519e-06 -4.065002030575584e-17
34 22 1.938216430705263e-15 3.363621608961925e-06
35 22 1.130107491710785e-05 -5.432323460277565e-17
36 22 -1.310993031572008e-15 1.748308886921141e-06
37 22 1.242560223230552e-05 -4.732648262916381e-17
38 22 2.967073546823740e-15 3.043638843352074e-17
39 22 1.242560223228415e-05 -2.133753344426273e-17
0 23 -5.284276069304329e-15 -4.058530476824438e-06
1 23 1.226985788245682e-05 1.458336733058787e-17
2 23 2.864861870895217e-16 -6.431420667701691e-06
3 23 9.214346748437633e-06 2.993332559340319e-17
4 23 3.841328282598770e-15 -8.298774010839069e-06
5 23 5.214919084299574e-06 3.393621553673316e-17
6 23 1.524697686055479e-15 -9.459285481299276e-06
7 23 5.796511194043409e-07 2.358432529672334e-17
8 23 2.356073671747447e-15 -9.740228660606993e-06
9 23 -4.276795157751796e-06 1.889854748017418e-18
10 23 -3.361719123203915e-15 -9.034485071990499e-06
11 23 -8.855591168974376e-06 -2.215475316135660e-17
12 23 6.366024981014182e-16 -7.341194159748381e-06
13 23 -1.262787315558362e-05 -4.047008244633048e-17
14 23 -1.848469610602913e-15 -4.794863919725372e-06
15 23 -1.511637547629701e-05 -4.675025413438304e-17
16 23 2.692361348162769e-15 -1.667153567016600e-06
17 23 -1.598614011988510e-05 -3.857477853126284e-17
18 23 2.717979913500704e-15 1.667153567073133e-06
19 23 -1.511637547634838e-05 -1.879232032834972e-17
20 23 -1.782383872485164e-15 4.794863919757843e-06
21 23 -1.262787315566814e-05 5.584941975469849e-18
22 23 7.167425642059141e-16 7.341194159740979e-06
23 23 -8.855591169058724e-06 2.498410173955675e-17
24 23 -3.300051226731736e-15 9.034485071943127e-06
25 23 -4.276795157802113e-06 3.354314951939702e-17
26 23 2.375202466410634e-15 9.740228660532845e-06
27 23 5.796511194085672e-07 2.694334592036931e-17
28 23 1.491967766898721e-15 9.459285481222228e-06
29 23 5.214919084357549e-06 9.803581641985276e-18
30 23 3.766053568989532e-15 8.298774010782268e-06
31 23 9.214346748528125e-06 -1.115003971234696e-17
32 23 1.976749393279708e-16 6.431420667679294e-06
33 23 1.226985788254745e-05 -2.774171223379141e-17
34 23 -5.355714782275422e-15 4.058530476837477e-06
35 23 1.417796877604543e-05 -3.408586142858632e-17
36 23 -2.045580954543405e-15 1.385825734358038e-06
37 23 1.482592281016424e-05 -2.631534034432803e-17
38 23 -2.017810601529325e-15 -1.385825734324634e-06
39 23 1.417796877599000e-05 -7.513446949063372e-18
0 24 -4.895266626144476e-15 -7.528065185776376e-06
1 24 1.342592499899214e-05 1.722006523206644e-18
2 24 -1.747947613243233e-15 -1.062707668619694e-05
3 24 9.181035881226635e-06 9.355364936987062e-18
4 24 5.215512418925954e-16 -1.289768325348806e-05
5 24 3.894707411460062e-06 1.181708563532570e-17
6 24 -3.393970510780207e-16 -1.404940733028379e-05
7 24 -2.027619002915041e-06 6.988708395856466e-18
8 24 -1.081657752646365e-15 -1.384266168269153e-05
9 24 -8.026005330193534e-06 -2.590011218371667e-18
10 24 -3.002435533546283e-16 -1.215701578792785e-05
11 24 -1.342455691355728e-05 -1.417905773353440e-17
12 24 2.570773389664443e-15 -9.059156603140341e-06
13 24 -1.752534241968325e-05 -2.445647430012135e-17
14 24 1.066076174416388e-15 -4.840783687735607e-06
15 24 -1.974349944858599e-05 -2.887969678633649e-17
16 24 3.315433907635843e-17 1.828866360731966e-17
17 24 -1.974349944861596e-05 -2.574719721853776e-17
18 24 1.121459204700310e-15 4.840783687763689e-06
19 24 -1.752534241976039e-05 -1.627684194047931e-17
20 24 2.656368894921791e-15 9.059156603145359e-06
21 24 -1.342455691365252e-05 -4.170283855650224e-18
22 24 -2.181662355820050e-16 1.215701578790411e-05
23 24 -8.026005330266773e-06 6.903584018097985e-18
24 24 -1.037931433218577e-15 1.384266168264402e-05
25 24 -2.027619002935441e-06 1.391876701716827e-17
26 24 -3.534734232247813e-16 1.404940733022432e-05
27 24 3.894707411503108e-06 1.324622771083251e-17
28 24 4.493823509772849e-16 1.289768325343285e-05
29 24 9.181035881319938e-06 6.259381585617958e-18
30 24 -1.853541046822288e-15 1.062707668616027e-05
31 24 1.342592499910256e-05 -3.267116260832099e-18
32 24 -4.998499909073096e-15 7.528065185763003e-06
33 24 1.637115739191246e-05 -1.228973310814070e-17
34 24 -1.398450632517792e-15 3.893940775673779e-06
35 24 1.787419742772103e-05 -1.634923615104413e-17
36 24 4.219651662460643e-16 6.904067940715325e-18
37 24 1.787419742768801e-05 -1.465659382997882e-17
38 24 -1.335545935132531e-15 -3.893940775667865e-06
39 24 1.637115739182499e-05 -7.530552504470387e-18
0 25 -1.630855303567951e-15 -1.240186517821567e-05
1 25 1.459679027454417e-05 -1.770238292092406e-17
2 25 -2.624209667240835e-15 -1.620465181810008e-05
3 25 8.739526784328800e-06 -1.094846838051755e-17
4 25 1.972217974339532e-15 -1.874690419298551e-05
5 25 1.680730589364719e-06 -3.265758507506969e-18
6 25 1.038145162948207e-15 -1.960968071465027e-05
7 25 -6.018002646865569e-06 2.517381044478838e-18
8 25 1.699554983097315e-15 -1.846515252929285e-05
9 25 -1.355346708394405e-05 4.368623220944020e-18
10 25 -2.458676743692914e-15 -1.519944467383346e-05
11 25 -1.995906231706727e-05 6.216944046247328e-20
12 25 -1.809493392820522e-17 -1.002163738711014e-05
13 25 -2.428068722439809e-05 -7.758837090724832e-18
14 25 2.972740452854891e-15 -3.501890662289342e-06
15 25 -2.580895199690374e-05 -1.625242780036516e-17
16 25 3.001626053711493e-15 3.501890662298934e-06
17 25 -2.428068722445482e-05 -2.341441670258221e-17
18 25 5.820774565045154e-17 1.002163738711200e-05
19 25 -1.995906231715793e-05 -2.410801395686215e-17
20 25 -2.368004381101133e-15 1.519944467382250e-05
21 25 -1.355346708403157e-05 -2.007512627458269e-17
22 25 1.767126558232836e-15 1.846515252926878e-05
23 25 -6.018002646912251e-06 -1.053431345295020e-17
24 25 1.052967935320413e-15 1.960968071461617e-05
25 25 1.680730589380346e-06 -1.109348454202479e-19
26 25 1.922336755456727e-15 1.874690419294934e-05
27 25 8.739526784404608e-06 7.653460310468977e-18
28 25 -2.725405596570131e-15 1.620465181806724e-05
29 25 1.459679027465467e-05 1.021007240553543e-17
30 25 -1.749221898750707e-15 1.240186517819196e-05
31 25 1.892236182203471e-05 7.441068422357082e-18
32 25 -1.613663723740745e-15 7.755557336690351e-06
33 25 2.155663344380123e-05 4.840394057771961e-20
34 25 6.961149026739617e-16 2.635665917970029e-06
35 25 2.243930471086834e-05 -9.259521915346705e-18
36 25 7.322660000390702e-16 -2.635665917977505e-06
37 25 2.155663344373651e-05 -1.696393234566415e-17
38 25 -1.520032313391771e-15 -7.755557336704377e-06
39 25 1.892236182192767e-05 -1.982884897037904e-17
0 26 -8.848631266744401e-16 -1.902219640566089e-05
1 26 1.557392339330959e-05 -3.605830784409266e-17
2 26 1.490204509265231e-15 -2.353218519300321e-05
3 26 7.509973156514452e-06 -2.394718854030499e-17
4 26 -6.247751378488552e-16 -2.618781684050043e-05
5 26 -2.014202160450708e-06 -6.619464900255377e-18
6 26 7.788234460515193e-16 -2.636614171307392e-05
7 26 -1.216745290521079e-05 9.165831901061285e-18
8 26 2.647673303811929e-15 -2.361597060847023e-05
9 26 -2.172572239247269e-05 1.751644545831802e-17
10 26 2.649444954670450e-17 -1.787773513175513e-05
11 26 -2.924459785156210e-05 1.525706633012542e-17
12 26 -8.485008270826365e-16 -9.650813554401565e-06
13 26 -3.340266932050565e-05 2.669720195883171e-18
14 26 -1.474219322298548e-15 -7.083431818597306e-18
15 26 -3.340266932053295e-05 -1.390060873366692e-17
16 26 -7.945554984058461e-16 9.650813554386670e-06
17 26 -2.924459785163293e-05 -3.015778582440611e-17
18 26 1.104812023684690e-16 1.787773513174093e-05
19 26 -2.172572239255947e-05 -3.817322569536829e-17
20 26 2.727589076025907e-15 2.361597060845647e-05
21 26 -1.216745290527627e-05 -3.473646589214479e-17
22 26 8.204007413274972e-16 2.636614171306073e-05
23 26 -2.014202160466221e-06 -2.295884419458118e-17
24 26 -6.414494948533755e-16 2.618781684048575e-05
25 26 7.509973156557490e-06 -5.562125592561849e-18
26 26 1.414943695061545e-15 2.353218519298783e-05
27 26 1.557392339339881e-05 1.023487998125316e-17
28 26 -9.945227082723015e-16 1.902219640564312e-05
29 26 2.173796877820150e-05 1.872325175794570e-17
30 26 -1.076565830050829e-15 1.327364364274176e-05
31 26 2.584569605039701e-05 1.581471389297450e-17
32 26 2.174953442483119e-15 6.800163314980684e-06
33 26 2.788708326006694e-05 3.684683416129370e-18
34 26 3.882334490874530e-15 -1.040429212409534e-17
35 26 2.788708326003573e-05 -1.394661865616059e-17
36 26 2.239505810633650e-15 -6.800163315001906e-06
37 26 2.584569605031439e-05 -2.994689304701428e-17
38 26 -9.713813799784978e-16 -1.327364364276204e-05
39 26 2.173796877809692e-05 -3.871973865099496e-17
0 27 1.605499328788464e-15 -2.787680973857869e-05
1 27 1.611276317900406e-05 -4.531995516512136e-17
2 27 4.792862759570932e-16 -3.315473217002267e-05
3 27 4.967097146467469e-06 -2.401891221784509e-17
4 27 -2.311139379389518e-15 -3.571725705588443e-05
5 27 -8.057558295520077e-06 1.751569166219418e-18
6 27 3.284003004376388e-16 -3.460097252714837e-05
7 27 -2.163576486563215e-05 2.273871294706870e-17
8 27 1.586817120206261e-15 -2.918637707330647e-05
9 27 -3.379398934205410e-05 3.087842865824129e-17
10 27 -2.479627037168410e-16 -1.959216749930183e-05
11 27 -4.230545651524066e-05 2.294380744619029e-17
12 27 -2.163449707751783e-15 -6.911450650311366e-06
13 27 -4.537365299899490e-05 3.258960096762737e-18
14 27 -2.139240232335797e-15 6.911450650274981e-06
15 27 -4.230545651528526e-05 -2.197074268885332e-17
16 27 -1.846756781845929e-16 1.959216749927254e-05
17 27 -3.379398934212365e-05 -4.248385522045890e-17
18 27 1.663637870252736e-15 2.918637707328852e-05
19 27 -2.163576486570038e-05 -5.066787782993729e-17
20 27 3.868139489310742e-16 3.460097252714284e-05
21 27 -8.057558295559169e-06 -4.466091460328706e-17
22 27 -2.295903019704236e-15 3.571725705588611e-05
23 27 4.967097146475406e-06 -2.543021329561964e-17
24 27 4.418411275952051e-16 3.315473217002485e-05
25 27 1.611276317905665e-05 -1.217004442091709e-18
26 27 1.525089498165083e-15 2.787680973857541e-05
27 27 2.474651818666763e-05 1.816126674186443e-17
28 27 2.105321827678828e-15 2.084402285642057e-05
29 27 3.074252294232450e-05 2.507602060254205e-17
30 27 4.165337761301805e-15 1.281805676465262e-05
31 27 3.422760605238818e-05 1.747041067822907e-17
32 27 4.170517285414291e-15 4.318056229818927e-06
33 27 3.536617604069098e-05 -2.831920769513763e-18
34 27 4.199826204228184e-15 -4.318056229849027e-06
35 27 3.422760605234118e-05 -2.757795677347081e-17
36 27 4.240257598124808e-15 -1.281805676467663e-05
37 27 3.074252294224689e-05 -4.721691731115144e-17
38 27 2.199767751800556e-15 -2.084402285643414e-05
39 27 2.474651818658812e-05 -5.380061225715866e-17
0 28 1.864412389849564e-15 -3.969857222619549e-05
1 28 1.592416575045210e-05 -4.229487594194770e-17
2 28 -1.536290867268242e-15 -4.591575195945121e-05
3 28 3.274412544793253e-07 -1.328896975968274e-17
4 28 -3.020400542986002e-15 -4.807812712999872e-05
5 28 -1.782246823494311e-05 1.567580504055823e-17
6 28 1.030063844437634e-15 -4.464196158490573e-05
7 28 -3.624739801951507e-05 3.492976357493213e-17
8 28 3.773603702175363e-15 -3.478945508852287e-05
9 28 -5.160499641271024e-05 3.715786825281715e-17
10 28 1.754511247977356e-15 -1.913717349594133e-05
11 28 -6.041283315974463e-05 2.133724088909149e-17
12 28 -1.642729755572456e-15 -2.687510863702814e-17
13 28 -6.041283315976108e-05 -5.488370521136707e-18
14 28 1.790647176292283e-15 1.913717349589356e-05
15 28 -5.160499641275506e-05 -3.477534049970567e-17
16 28 3.831378464686041e-15 3.478945508849024e-05
17 28 -3.624739801957144e-05 -5.353708351987040e-17
18 28 1.086669014203221e-15 4.464196158489283e-05
19 28 -1.782246823498960e-05 -5.619507514164529e-17
20 28 -2.987495439220798e-15 4.807812713000227e-05
21 28 3.274412544609237e-07 -4.280785810713672e-17
22 28 -1.538640617640262e-15 4.591575195946268e-05
23 28 1.592416575046763e-05 -1.767995797415731e-17
24 28 1.825457662550474e-15 3.969857222620365e-05
25 28 2.795490143981273e-05 8.188718268015293e-18
26 28 2.225186892222945e-15 3.100914958115044e-05
27 28 3.635702937989740e-05 2.492281826958056e-17
28 28 5.818926752359834e-16 2.106428101478160e-05
29 28 4.154031920268612e-05 2.569929078105368e-17
30 28 -3.412996124463676e-16 1.060817352707448e-05
31 28 4.398383880417783e-05 1.021095201665149e-17
32 28 1.586408630393475e-15 -1.818253415448604e-17
33 28 4.398383880416139e-05 -1.631666463085220e-17
34 28 -3.031003278875613e-16 -1.060817352710610e-05
35 28 4.154031920264376e-05 -4.341262433539871e-17
36 28 6.436110515958812e-16 -2.106428101480078e-05
37 28 3.635702937984428e-05 -6.060937266839572e-17
38 28 2.287413430872638e-15 -3.100914958115358e-05
39 28 2.795490143977130e-05 -5.977179214651533e-17
0 29 1.877712973682688e-15 -5.566104606030689e-05
1 29 1.464154573044151e-05 -2.856244631424215e-17
2 29 4.688412354281916e-16 -6.318477711412885e-05
3 29 -7.688134559856089e-06 1.969911327379867e-18
4 29 -1.585182240062503e-15 -6.440804253340938e-05
5 29 -3.363339492201439e-05 2.780864543135290e-17
6 29 -1.174296623382710e-15 -5.678879515023361e-05
7 29 -5.899377434735652e-05 3.911541331230543e-17
8 29 -9.612387868126647e-16 -3.939025572895211e-05
9 29 -7.787652710628867e-05 3.270685367250500e-17
10 29 -3.601564541762447e-16 -1.413971201132491e-05
11 29 -8.490353276778456e-05 9.862826852695122e-18
12 29 -3.471547894274567e-16 1.413971201126417e-05
13 29 -7.787652710630699e-05 -1.992961449911521e-17
14 29 -9.312230244536898e-16 3.939025572890365e-05
15 29 -5.899377434738782e-05 -4.530499943836911e-17
16 29 -1.136100505699814e-15 5.678879515020516e-05
17 29 -3.363339492204869e-05 -5.757204555420810e-17
18 29 -1.550512332215494e-15 6.440804253340235e-05
19 29 -7.688134559882603e-06 -5.177820882198589e-17
20 29 4.858968841788331e-16 6.318477711413705e-05
21 29 1.464154573043099e-05 -3.128805977297549e-17
22 29 1.873241050077001e-15 5.566104606031827e-05
23 29 3.154124575490405e-05 -4.629178431548329e-18
24 29 1.056265810135844e-16 4.457394385907010e-05
25 29 4.304768637953525e-05 1.790072560368864e-17
26 29 -5.732445656067397e-16 3.199726778690587e-05
27 29 5.011022812325664e-05 2.736011250212045e-17
28 29 -1.553915221715459e-15 1.910901556767398e-05
29 29 5.382068991370275e-05 1.915846147649252e-17
30 29 -5.457755406498459e-15 6.339631592826649e-06
31 29 5.496440281663449e-05 -3.181467920119142e-18
32 29 -5.447532806368287e-15 -6.339631592864565e-06
33 29 5.382068991369090e-05 -3.147779647393274e-17
34 29 -1.528060472095193e-15 -1.910901556770199e-05
35 29 5.011022812323866e-05 -5.432891327413959e-17
36 29 -5.423477201094529e-16 -3.199726778691838e-05
37 29 4.304768637951961e-05 -6.319485597118367e-17
38 29 1.281578214124070e-16 -4.457394385906690e-05
39 29 3.154124575489921e-05 -5.343521753348866e-17
0 30 -8.406632320514983e-16 -7.775831297964263e-05
1 30 1.172912145129298e-05 -1.145435493260531e-17
2 30 -1.631779839803932e-15 -8.728738202608040e-05
3 30 -2.137105264145299e-05 1.521990713929745e-17
4 30 -3.502864493814974e-16 -8.646721220370761e-05
5 30 -5.967754171327176e-05 3.206126748586244e-17
6 30 2.588404990516318e-15 -7.103584376678271e-05
7 30 -9.492278790601055e-05 3.279981603562044e-17
8 30 -1.800389965443406e-16 -4.045055485309895e-05
9 30 -1.164212380369941e-04 1.812596548713776e-17
10 30 9.733192637502194e-16 -3.165026931605651e-17
11 30 -1.164212380369948e-04 -7.933335995297600e-18
12 30 -1.716851314944663e-16 4.045055485304084e-05
13 30 -9.492278790601484e-05 -3.372895686627944e-17
14 30 2.602409002639214e-15 7.103584376673994e-05
15 30 -5.967754171328047e-05 -5.021365089369401e-17
16 30 -3.337381001666943e-16 8.646721220368468e-05
17 30 -2.137105264146477e-05 -5.122715526040755e-17
18 30 -1.613051551841740e-15 8.728738202607365e-05
19 30 1.172912145128044e-05 -3.854283693906542e-17
20 30 -8.236880734388672e-16 7.775831297964490e-05
21 30 3.601543471544536e-05 -1.541337966514274e-17
22 30 -1.706597137726803e-15 6.283491821643538e-05
23 30 5.166374051111481e-05 8.115406380561569e-18
24 30 -2.300876505175934e-15 4.624270927976960e-05
25 30 6.065897307954080e-05 2.268527811502360e-17
26 30 1.801002023901470e-16 2.998450742142502e-05
27 30 6.523667078134370e-05 2.243798241040432e-17
28 30 2.927423121510120e-16 1.466023205601503e-05
29 30 6.708867975288730e-05 6.634839447967563e-18
30 30 -6.573895283929920e-15 -2.044976510295803e-17
31 30 6.708867975288955e-05 -1.798498310250833e-17
32 30 2.909835337034645e-16 -1.466023205605117e-05
33 30 6.523667078135532e-05 -4.196176664637402e-17
34 30 1.774519088752297e-16 -2.998450742144859e-05
35 30 6.065897307955808e-05 -5.610110023205320e-17
36 30 -2.306172695490367e-15 -4.624270927977998e-05
37 30 5.166374051113387e-05 -5.474006354133765e-17
38 30 -1.717249530999205e-15 -6.283491821643479e-05
39 30 3.601543471546199e-05 -3.796811896144014e-17
0 31 -6.663253075078559e-16 -1.095617368907089e-04
1 31 6.248981218741173e-06 2.236379339381900e-18
2 31 1.459912664160558e-15 -1.223442104331025e-04
3 31 -4.520534732771892e-05 1.937340610770440e-17
4 31 -9.277180368310806e-16 -1.169389993036148e-04
5 31 -1.039388931381372e-04 2.458636210704247e-17
6 31 1.030760679431938e-15 -8.617924536478016e-05
7 31 -1.526287531134033e-04 1.650964636770405e-17
8 31 -3.394914104631413e-15 -3.195827224517650e-05
9 31 -1.717745892901924e-04 -2.161181465594330e-18
10 31 -3.396888613632952e-15 3.195827224512078e-05
11 31 -1.526287531133887e-04 -2.408343637594657e-17
12 31 1.022714707289181e-15 8.617924536473147e-05
13 31 -1.039388931381173e-04 -4.083067729966520e-17
14 31 -9.360639236234229e-16 1.169389993035791e-04
15 31 -4.520534732770358e-05 -4.533698104813000e-17
16 31 1.459384383816648e-15 1.223442104330798e-04
17 31 6.248981218744418e-06 -3.828873665978890e-17
18 31 -6.530459376182891e-16 1.095617368906942e-04
19 31 4.252795425860845e-05 -2.078495616844957e-17
20 31 -1.186270609513841e-15 8.802001756960296e-05
21 31 6.398900059571385e-05 -7.425112499347634e-20
22 31 6.773065300569362e-16 6.475347955170662e-05
23 31 7.473010253978067e-05 1.521461618689274e-17
24 31 7.563532540391084e-16 4.331213884503760e-05
25 31 7.916541015681324e-05 1.979812852924208e-17
26 31 4.154866407933637e-15 2.458568099168659e-05
27 31 8.057604364145012e-05 1.148609529246427e-17
28 31 -4.606053178759286e-15 7.942556770338698e-06
29 31 8.084559162137399e-05 -7.408662720184413e-18
30 31 -4.614759956944713e-15 -7.942556770378196e-06
31 31 8.057604364147501e-05 -2.851106133909142e-17
32 31 4.130285585317599e-15 -2.458568099172034e-05
33 31 7.916541015685606e-05 -4.420870235768104e-17
34 31 7.227474867972809e-16 -4.331213884506277e-05
35 31 7.473010253982460e-05 -4.828821659561200e-17
36 31 6.442043756734108e-16 -6.475347955172225e-05
37 31 6.398900059574778e-05 -3.971740175202822e-17
38 31 -1.212781276202844e-15 -8.802001756961563e-05
39 31 4.252795425862363e-05 -2.038288273142510e-17
0 32 1.840300114574914e-15 -1.578161446297700e-04
1 32 -3.735882505930673e-06 7.491428430478165e-18
2 32 7.562289834346352e-16 -1.759937875475328e-04
3 32 -8.875769518565739e-05 1.369487256243751e-17
4 32 1.918077255567185e-15 -1.596136965099959e-04
5 32 -1.824412335749054e-04 9.049385831252016e-18
6 32 -5.479452808154939e-16 -9.707810550599533e-05
7 32 -2.462737767167008e-04 -4.880167691065149e-18
8 32 1.538058764651641e-15 -2.174125790331725e-17
9 32 -2.462737767166843e-04 -2.061106737307289e-17
10 32 -5.670056637127562e-16 9.707810550595281e-05
11 32 -1.824412335748676e-04 -3.483117598521885e-17
12 32 1.886570678957080e-15 1.596136965099573e-04
13 32 -8.875769518561170e-05 -4.019409236570608e-17
14 32 7.283413049533449e-16 1.759937875474998e-04
15 32 -3.735882505896079e-06 -3.496072649867557e-17
16 32 1.834137362720454e-15 1.578161446297410e-04
17 32 5.354909407180098e-05 -2.287923087006573e-17
18 32 9.280106104809387e-16 1.241443537043115e-04
19 32 8.363609349189326e-05 -4.898536472446168e-18
20 32 -1.137765876827765e-15 8.906730407889602e-05
21 32 9.536067806150730e-05 8.834166251420260e-18
22 32 2.514639079527533e-15 5.904378931772320e-05
23 32 9.754281283601781e-05 1.479383457502193e-17
24 32 3.224717718533366e-15 3.526266650610408e-05
25 32 9.624785805335378e-05 1.102524670215263e-17
26 32 2.583112177566701e-15 1.635198434694478e-05
27 32 9.487205148448094e-05 -2.215112446810980e-18
28 32 -7.789536746050606e-16 -1.937882962936689e-17
29 32 9.487205148450031e-05 -1.862763157586912e-17
30 32 2.553459858740451e-15 -1.635198434698181e-05
31 32 9.624785805340367e-05 -3.305511571877672e-17
32 32 3.172918405608386e-15 -3.526266650613830e-05
33 32 9.754281283608019e-05 -3.899035394285719e-17
34 32 2.459109410393634e-15 -5.904378931775412e-05
35 32 9.536067806156036e-05 -3.525370842605192e-17
36 32 -1.181525222621188e-15 -8.906730407892405e-05
37 32 8.363609349192056e-05 -2.289830322520876e-17
38 32 9.078847770094112e-16 -1.241443537043392e-04
39 32 5.354909407179143e-05 -6.612929943781138e-18
0 33 1.312503851171988e-15 -2.361005545144162e-04
1 33 -2.282204409793351e-05 3.316620778414220e-18
2 33 -1.985445328883237e-16 -2.631491198885964e-04
3 33 -1.744027704678044e-04 -9.018972240970234e-19
4 33 2.439842894382515e-15 -2.183429214585214e-04
5 33 -3.286455128289930e-04 -1.096574745768787e-17
6 33 2.356709028667227e-15 -8.637449745316939e-05
7 33 -3.958787947831441e-04 -2.342340490432277e-17
8 33 2.338114685959884e-15 8.637449745314053e-05
9 33 -3.286455128289573e-04 -3.371019823543664e-17
10 33 2.390536129853362e-15 2.183429214584901e-04
11 33 -1.744027704677451e-04 -3.772777108077181e-17
12 33 -2.554122802199032e-16 2.631491198885634e-04
13 33 -2.282204409787243e-05 -3.362511747996008e-17
14 33 1.273117664825049e-15 2.361005545143799e-04
15 33 7.457171627229331e-05 -2.246186739417115e-17
16 33 8.684504075344674e-16 1.787522246912513e-04
17 33 1.180457016941806e-04 -8.245664804729517e-18
18 33 2.075677683135649e-15 1.216486943608238e-04
19 33 1.283441322793196e-04 3.753468320675990e-18
20 33 4.249472061448717e-15 7.679348996499778e-05
21 33 1.239219266277936e-04 9.783548003061158e-18
22 33 2.867646401539927e-15 4.507365696992542e-05
23 33 1.158309015755447e-04 7.884564511313472e-18
24 33 3.116679181488952e-15 2.320874856225805e-05
25 33 1.094999286130259e-04 -1.225365735213205e-18
26 33 -6.777687838704358e-16 7.112253256590335e-06
27 33 1.071908354806643e-04 -1.415661235537147e-17
28 33 -6.974730212598958e-16 -7.112253256625552e-06
29 33 1.094999286130669e-04 -2.573777502727368e-17
30 33 3.062862966225150e-15 -2.320874856229399e-05
31 33 1.158309015756138e-04 -3.148961072325710e-17
32 33 2.799907310795793e-15 -4.507365696996365e-05
33 33 1.239219266278622e-04 -3.007909736246526e-17
34 33 4.190584316584717e-15 -7.679348996503788e-05
35 33 1.283441322793620e-04 -2.204182867214284e-17
36 33 2.045372431143242e-15 -1.216486943608635e-04
37 33 1.180457016941815e-04 -1.088557995948299e-17
38 33 8.732136132631444e-16 -1.787522246912909e-04
39 33 7.457171627225424e-05 -1.728152900692842e-18
0 34 -6.624527769282509e-16 -3.742021051289994e-04
1 34 -6.359073049313791e-05 -8.541410408976029e-18
2 34 -7.558183727982616e-17 -4.146416541720641e-04
3 34 -3.601594066330817e-04 -1.679431576930600e-17
4 34 -1.597358599973833e-15 -2.892004552116882e-04
5 34 -6.127170948101595e-04 -2.801627148339398e-17
6 34 1.072891297308167e-15 -7.175213102966552e-18
7 34 -6.127170948101382e-04 -3.492159248717672e-17
8 34 -1.647148096741363e-15 2.892004552116703e-04
9 34 -3.601594066330226e-04 -3.944532179925049e-17
10 34 -1.466794943956572e-16 4.146416541720383e-04
11 34 -6.359073049305769e-05 -3.542658694729681e-17
12 34 -7.298683007769881e-16 3.742021051289651e-04
13 34 1.189830977961416e-04 -2.515645209418367e-17
14 34 -1.247878202336845e-15 2.666899452029027e-04
15 34 1.834103306844900e-04 -1.284727527251554e-17
16 34 1.704322888265971e-15 1.661136557311663e-04
17 34 1.847628433575333e-04 -1.476998832241849e-18
18 34 6.443285095977017e-16 9.502113800397425e-05
19 34 1.643375504334053e-04 5.006433218730390e-18
20 34 4.553088494174591e-16 5.090635705540425e-05
21 34 1.421154845754216e-04 4.295760860872766e-18
22 34 1.910952531804638e-15 2.522689040531568e-05
23 34 1.256573987401340e-04 -2.685319997287161e-18
24 34 -3.019881743267663e-16 1.022503989358735e-05
25 34 1.172005263451365e-04 -1.264522712593121e-17
26 34 -4.426593385213285e-15 -1.558019403152981e-17
27 34 1.172005263451600e-04 -2.202648712384575e-17
28 34 -3.428713931870317e-16 -1.022503989362079e-05
29 34 1.256573987401921e-04 -2.765550562278737e-17
30 34 1.843268503121457e-15 -2.522689040535359e-05
31 34 1.421154845754937e-04 -2.687465382526269e-17
32 34 3.868640914184409e-16 -5.090635705544817e-05
33 34 1.643375504334604e-04 -2.155698862795472e-17
34 34 6.021608933117566e-16 -9.502113800402268e-05
35 34 1.847628433575497e-04 -1.391998986226454e-17
36 34 1.703495215868965e-15 -1.661136557312151e-04
37 34 1.834103306844583e-04 -7.309895054691088e-18
38 34 -1.208744683651169e-15 -2.666899452029461e-04
39 34 1.189830977960709e-04 -4.955663250458734e-18
0 35 2.708227309257577e-17 -6.458727005757603e-04
1 35 -1.675259750165933e-04 -1.947261546383202e-17
2 35 -1.210881231612133e-15 -6.970826227717026e-04
3 35 -8.140743561669228e-04 -2.829540920769923e-17
4 35 -2.164102153010347e-16 -3.187610354194766e-04
5 35 -1.164827403628677e-03 -3.646760763496797e-17
6 35 -2.465703802225040e-16 3.187610354194654e-04
7 35 -8.140743561668843e-04 -4.093025925204287e-17
8 35 -1.280294785647885e-15 6.970826227716845e-04
9 35 -1.675259750165146e-04 -3.891815495605439e-17
10 35 -5.190742300553023e-17 6.458727005757310e-04
11 35 2.243827154511210e-04 -3.010513102844202e-17
12 35 1.411372170948957e-16 4.187586564155317e-04
13 35 3.179465989754397e-04 -1.922657180679491e-17
14 35 2.622212749309178e-16 2.262124747390167e-04
15 35 2.861520260045515e-04 -8.152342853256281e-18
16 35 -1.900978207410973e-15 1.083574573917798e-04
17 35 2.282873190396232e-04 -7.382912003654329e-19
18 35 -4.919102565623321e-15 4.630717351752243e-05
19 35 1.785935967265467e-04 6.277971695069945e-19
20 35 -3.879210874831859e-15 1.701579347682597e-05
21 35 1.443515333447464e-04 -3.386957864802067e-18
22 35 1.119329388756513e-15 4.931746466685921e-06
23 35 1.249460179798363e-04 -1.132969293526301e-17
24 35 1.268923823417392e-15 8.706006625953117e-07
25 35 1.187084509324472e-04 -2.010956799421095e-17
26 35 1.248267167702698e-15 -8.706006626238470e-07
27 35 1.249460179798756e-04 -2.595310423993827e-17
28 35 1.064940333920713e-15 -4.931746466719806e-06
29 35 1.443515333448102e-04 -2.716564854147605e-17
30 35 -3.944648446671462e-15 -1.701579347686642e-05
31 35 1.785935967266071e-04 -2.350520807549501e-17
32 35 -4.969334033147074e-15 -4.630717351757005e-05
33 35 2.282873190396508e-04 -1.796423285763690e-17
34 35 -1.917572183635949e-15 -1.083574573918306e-04
35 35 2.861520260045346e-04 -1.191631370068387e-17
36 35 2.900473249189399e-16 -2.262124747390647e-04
37 35 3.179465989753768e-04 -9.824661215085812e-18
38 35 2.034670998351283e-16 -4.187586564155704e-04
39 35 2.243827154510341e-04 -1.167898607533042e-17
0 36 1.405905238774355e-15 -1.268975721302043e-03
1 36 -5.115254970140792e-04 -2.298329194152644e-17
2 36 1.500709068354054e-15 -1.245044169945972e-03
3 36 -2.067690759905731e-03 -3.116944721939700e-17
4 36 -1.567603053718742e-15 -6.837124514314800e-18
5 36 -2.067690759905716e-03 -3.844489741644199e-17
6 36 1.437982141019898e-15 1.245044169945955e-03
7 36 -5.115254970140289e-04 -4.011401057658945e-17
8 36 1.327802645544125e-15 1.268975721302020e-03
9 36 5.198114247653533e-04 -3.509665106806487e-17
10 36 1.005380406281063e-15 7.015754436674198e-04
11 36 6.206718766824661e-04 -2.686616693685406e-17
12 36 9.337163917485429e-16 2.979992691819550e-04
13 36 4.740795472290408e-04 -1.713549332036624e-17
14 36 -2.255134418939604e-15 9.935586450996913e-05
15 36 3.284255167445511e-04 -8.428779480717416e-18
16 36 -3.752675004785717e-15 1.713443784767880e-05
17 36 2.274523809741614e-04 -3.972634765956260e-18
18 36 -5.372259292209243e-15 -1.059214267308613e-05
19 36 1.650173120121727e-04 -5.055598094137308e-18
20 36 -6.020987590849792e-16 -1.468526391374298e-05
21 36 1.297793900407956e-04 -9.185259739748795e-18
22 36 1.735617818724589e-15 -9.062581715249806e-06
23 36 1.139788084652928e-04 -1.673274092562437e-17
24 36 -1.120929694875393e-15 -1.407088215272132e-17
25 36 1.139788084653118e-04 -2.346365900812176e-17
26 36 1.701339638494110e-15 9.062581715219442e-06
27 36 1.297793900408428e-04 -2.749677251339518e-17
28 36 -6.546888162973328e-16 1.468526391370765e-05
29 36 1.650173120122300e-04 -2.767155403791153e-17
30 36 -5.421193752528607e-15 1.059214267304489e-05
31 36 2.274523809742000e-04 -2.396076347723035e-17
32 36 -3.778714788034008e-15 -1.713443784772450e-05
33 36 3.284255167445536e-04 -1.903801006855035e-17
34 36 -2.241608098157040e-15 -9.935586451001475e-05
35 36 4.740795472289992e-04 -1.480296118563514e-17
36 36 9.869284995238589e-16 -2.979992691819968e-04
37 36 6.206718766823989e-04 -1.290611645634318e-17
38 36 1.085386849985142e-15 -7.015754436674529e-04
39 36 5.198114247652734e-04 -1.789912329305445e-17
0 37 1.308156992723101e-15 -3.074532974402328e-03
1 37 -2.124127795325149e-03 -2.238698493281411e-17
2 37 -7.647760026818081e-16 -2.110912665787122e-03
3 37 -5.723898747388475e-03 -3.039291573512112e-17
4 37 -7.871708636391072e-16 2.110912665787091e-03
5 37 -2.124127795325110e-03 -3.360132958699938e-17
6 37 1.246637237165893e-15 3.074532974402289e-03
7 37 1.584454479546338e-03 -3.941535645352648e-17
8 37 -2.615976391468625e-16 1.249746416447699e-03
9 37 1.368410948940211e-03 -3.486612219891214e-17
10 37 1.851093978955835e-15 3.280998980785386e-04
11 37 8.194000247228827e-04 -2.784660880453351e-17
12 37 1.368681187117914e-15 1.399327767606487e-05
13 37 4.718812402514641e-04 -2.089188543110032e-17
14 37 -3.581367321851411e-16 -6.756172977772370e-05
15 37 2.827005869875892e-04 -1.249095163877283e-17
16 37 1.069295406998190e-15 -7.305999588255370e-05
17 37 1.816899543427658e-04 -8.091073753971314e-18
18 37 1.067847903199162e-15 -5.626500107928571e-05
19 37 1.282370166499993e-04 -7.463409307959739e-18
20 37 -1.503929226536667e-16 -3.413939795713858e-05
21 37 1.021456517948027e-04 -1.112078956812129e-17
22 37 1.240248255784623e-16 -1.135317555265844e-05
23 37 9.431453158311954e-05 -1.768029495767942e-17
24 37 1.097506112272394e-16 1.135317555262495e-05
25 37 1.021456517948320e-04 -2.500311546334466e-17
26 37 -1.864871519809696e-16 3.413939795710422e-05
27 37 1.282370166500451e-04 -2.987920538000252e-17
28 37 1.025018056545908e-15 5.626500107924969e-05
29 37 1.816899543428050e-04 -2.981579182242992e-17
30 37 1.040478011314477e-15 7.305999588251746e-05
31 37 2.827005869876073e-04 -2.690966890108675e-17
32 37 -3.565463782901838e-16 6.756172977768674e-05
33 37 4.718812402514482e-04 -2.219812953615580e-17
34 37 1.406640832130740e-15 -1.399327767610173e-05
35 37 8.194000247228334e-04 -1.800665385447501e-17
36 37 1.916568424772638e-15 -3.280998980785737e-04
37 37 1.368410948940139e-03 -1.489266877165359e-17
38 37 -1.893087541717483e-16 -1.249746416447732e-03
39 37 1.584454479546280e-03 -1.706522524853372e-17
0 38 -1.762202281043059e-15 -1.045681151615643e-02
1 38 -1.297987768693667e-02 -1.550886011724176e-17
2 38 -1.755324105011076e-15 -3.640296751656075e-17
3 38 -1.297987768693666e-02 -2.499444853526746e-17
4 38 -1.785110057702354e-15 1.045681151615637e-02
5 38 6.953771439747748e-03 -3.260499315800247e-17
6 38 -1.138426492749563e-15 2.115707356772838e-03
7 38 3.300386356168520e-03 -3.808147879840338e-17
8 38 4.505412148905858e-16 9.587104463563293e-06
9 38 1.365741531756985e-03 -3.613933831473347e-17
10 38 3.729671742054891e-15 -3.043021229653761e-04
11 38 6.156150034665814e-04 -3.269724009216134e-17
12 38 3.131563784760559e-15 -2.696315129695606e-04
13 38 3.110667623544879e-04 -2.392532288767935e-17
14 38 2.346400689334428e-15 -1.931624498473805e-04
15 38 1.756876672585052e-04 -1.521585651015233e-17
16 38 5.879322108270558e-15 -1.279130897683108e-04
17 38 1.110447621644756e-04 -7.808849907355665e-18
18 38 4.395127956914404e-15 -7.720011628584160e-05
19 38 7.974502955098845e-05 -5.822221173330678e-18
20 38 1.388621475856106e-15 -3.627024919340596e-05
21 38 6.681913448722833e-05 -8.577211181902561e-18
22 38 1.218498778405654e-15 -2.129248851952927e-17
23 38 6.681913448724125e-05 -1.620312814805822e-17
24 38 1.369500841435889e-15 3.627024919336464e-05
25 38 7.974502955101886e-05 -2.573753693297489e-17
26 38 4.363558945357016e-15 7.720011628580532e-05
27 38 1.110447621645125e-04 -3.254724906708794e-17
28 38 5.850806563845373e-15 1.279130897682810e-04
29 38 1.756876672585276e-04 -3.500240518868529e-17
30 38 2.334184553163109e-15 1.931624498473564e-04
31 38 3.110667623544891e-04 -3.205865400965331e-17
32 38 3.144289493047746e-15 2.696315129695371e-04
33 38 6.156150034665589e-04 -2.539659034569011e-17
34 38 3.769950515319203e-15 3.043021229653474e-04
35 38 1.365741531756946e-03 -1.672303704815117e-17
36 38 5.022509035481816e-16 -9.587104463602722e-06
37 38 3.300386356168472e-03 -1.228232846553952e-17
38 38 -1.075642902772821e-15 -2.115707356772888e-03
39 38 6.953771439747732e-03 -1.011502006674009e-17
0 39 -5.304104997438482e-16 -5.543489475881088e-02
1 39 -1.089959319214262e-01 -1.486928380452996e-17
2 39 -5.617652281261167e-16 5.543489475881078e-02
3 39 4.499079858972886e-02 -2.591340897485396e-17
4 39 2.053731695333610e-15 4.821341163542168e-06
5 39 6.950994695309997e-03 -3.669695650965029e-17
6 39 3.762746515088345e-15 -2.101255211992351e-03
7 39 1.578945041703597e-03 -4.075527079829197e-17
8 39 -2.205836339916842e-15 -1.230473709551984e-03
9 39 5.116918155538845e-04 -4.255809619014347e-17
10 39 -9.222247100570242e-16 -6.773877954891670e-04
11 39 2.139086461480553e-04 -3.834449774333440e-17
12 39 1.167903148651847e-15 -3.893682574145293e-04
13 39 1.066074300011393e-04 -2.783065502152488e-17
14 39 9.603453766407955e-16 -2.314401132673548e-04
15 39 6.101650769241407e-05 -1.399872038403882e-17
16 39 1.590096180020578e-15 -1.363508622446807e-04
17 39 3.989239746564288e-05 -3.191425399645660e-18
18 39 5.052057922552005e-16 -7.226209747578465e-05
19 39 3.033121472322086e-05 5.076131193878889e-19
20 39 -1.487355487004113e-15 -2.266670789085533e-05
21 39 2.755924477449804e-05 -3.851925379323466e-18
22 39 -1.494309077462871e-15 2.266670789080036e-05
23 39 3.033121472323640e-05 -1.479165451406762e-17
24 39 4.851057495456635e-16 7.226209747573898e-05
25 39 3.989239746566703e-05 -2.829041816183996e-17
26 39 1.564779841940357e-15 1.363508622446504e-04
27 39 6.101650769243660e-05 -3.786277734150610e-17
28 39 9.388254493522347e-16 2.314401132673392e-04
29 39 1.066074300011512e-04 -4.098145514404473e-17
30 39 1.161376303306205e-15 3.893682574145202e-04
31 39 2.139086461480469e-04 -3.634254848967165e-17
32 39 -9.132621398162382e-16 6.773877954891531e-04
33 39 5.116918155538635e-04 -2.598923487945534e-17
34 39 -2.183201670002358e-15 1.230473709551952e-03
35 39 1.578945041703565e-03 -1.007844913375203e-17
36 39 3.797837315650089e-15 2.101255211992295e-03
37 39 6.950994695309972e-03 -1.660767637568359e-18
38 39 2.098247113797136e-15 -4.821341163626342e-06
39 39 4.499079858972887e-02 9.212480795788586e-18
