0 0 -2.079787130877001e-16 -7.051291345685278e-17
1 0 3.113412357997985e-01 1.792438915141488e-01
2 0 2.451063496866980e-01 4.760383690203522e-17
3 0 1.511580395676560e-01 3.521824120809575e-02
4 0 1.231067834354171e-01 1.972978267285928e-16
5 0 9.611690195667480e-02 1.167359621372272e-02
6 0 8.266825993698518e-02 3.026357060831563e-16
7 0 7.090597488131233e-02 5.532491809745716e-03
8 0 6.350314612310375e-02 3.170959713157183e-16
9 0 5.708307757587823e-02 3.146878665765839e-03
10 0 5.260203865439461e-02 2.363911325327998e-16
11 0 4.869305814710058e-02 1.952169655979801e-03
12 0 4.583952459611852e-02 1.054294942549783e-16
13 0 4.334714932882795e-02 1.248221240130340e-03
14 0 4.151555938214115e-02 -4.636370487381570e-18
15 0 3.993394262270027e-02 7.789882443230775e-04
16 0 3.881706494679842e-02 -3.847356483253685e-17
17 0 3.789069321053373e-02 4.292630426727770e-04
18 0 3.733005414734417e-02 1.754272636567004e-17
19 0 3.693042313361507e-02 1.373115115476055e-04
20 0 3.685439311840561e-02 1.275390216599391e-16
21 0 3.693042313361501e-02 -1.373115115478497e-04
22 0 3.733005414734424e-02 2.297822525925912e-16
23 0 3.789069321053365e-02 -4.292630426730141e-04
24 0 3.881706494679858e-02 2.719651746565949e-16
25 0 3.993394262270012e-02 -7.789882443233116e-04
26 0 4.151555938214130e-02 2.408232597963346e-16
27 0 4.334714932882774e-02 -1.248221240130591e-03
28 0 4.583952459611866e-02 1.654345113200224e-16
29 0 4.869305814710039e-02 -1.952169655980092e-03
30 0 5.260203865439480e-02 9.756460114844669e-17
31 0 5.708307757587804e-02 -3.146878665766178e-03
32 0 6.350314612310391e-02 7.775909695825507e-17
33 0 7.090597488131214e-02 -5.532491809746078e-03
34 0 8.266825993698541e-02 1.130725718648293e-16
35 0 9.611690195667447e-02 -1.167359621372307e-02
36 0 1.231067834354174e-01 1.609252574575513e-16
37 0 1.511580395676557e-01 -3.521824120809597e-02
38 0 2.451063496866984e-01 1.445520918245944e-16
39 0 3.113412357997981e-01 -1.792438915141490e-01
0 1 1.225483078521201e-01 2.107411611034680e-01
1 1 1.065100337546702e-01 1.109927864865585e-01
2 1 1.182046475980422e-01 6.670427328937030e-02
3 1 9.066398675947743e-02 5.027213786652463e-02
4 1 8.722839789636516e-02 2.862977355922669e-02
5 1 7.173960661825259e-02 2.571309125286301e-02
6 1 6.747141713533322e-02 1.503683304120179e-02
7 1 5.868431337445872e-02 1.479135196510863e-02
8 1 5.540287193830115e-02 8.905127399624315e-03
9 1 5.004896390066352e-02 9.192773226820140e-03
10 1 4.773190866528201e-02 5.626812527546083e-03
11 1 4.429304178302843e-02 5.933823427072754e-03
12 1 4.272786610479032e-02 3.632573158363945e-03
13 1 4.046855476245753e-02 3.817231073926732e-03
14 1 3.949051727016145e-02 2.279274273380320e-03
15 1 3.802937318897300e-02 2.295167086506976e-03
16 1 3.753787080548950e-02 1.259737521010365e-03
17 1 3.666903389684480e-02 1.081163584356776e-03
18 1 3.661656260394301e-02 4.034990411816923e-04
19 1 3.623154229348099e-02 -6.080674384552584e-17
20 1 3.661656260394309e-02 -4.034990411815202e-04
21 1 3.666903389684471e-02 -1.081163584356904e-03
22 1 3.753787080548969e-02 -1.259737521010183e-03
23 1 3.802937318897283e-02 -2.295167086507116e-03
24 1 3.949051727016167e-02 -2.279274273380125e-03
25 1 4.046855476245724e-02 -3.817231073926897e-03
26 1 4.272786610479058e-02 -3.632573158363723e-03
27 1 4.429304178302820e-02 -5.933823427072937e-03
28 1 4.773190866528227e-02 -5.626812527545838e-03
29 1 5.004896390066332e-02 -9.192773226820328e-03
30 1 5.540287193830140e-02 -8.905127399624051e-03
31 1 5.868431337445855e-02 -1.479135196510883e-02
32 1 6.747141713533353e-02 -1.503683304120152e-02
33 1 7.173960661825231e-02 -2.571309125286317e-02
34 1 8.722839789636562e-02 -2.862977355922645e-02
35 1 9.066398675947716e-02 -5.027213786652474e-02
36 1 1.182046475980428e-01 -6.670427328937016e-02
37 1 1.065100337546699e-01 -1.109927864865586e-01
38 1 1.225483078521206e-01 -2.107411611034678e-01
39 1 -2.306859936683665e-16 -2.169839959326876e-01
0 2 6.151445578786724e-02 1.035424098828045e-01
1 2 5.855055651386387e-02 7.352314260054238e-02
2 2 6.972359092977849e-02 5.731229519072225e-02
3 2 5.990878214574551e-02 4.451196943736379e-02
4 2 6.219568834263946e-02 3.272523983406610e-02
5 2 5.415768059185495e-02 2.749700022471486e-02
6 2 5.383013857461540e-02 1.996085745429462e-02
7 2 4.817057667880060e-02 1.766587661073200e-02
8 2 4.727858247709815e-02 1.280626137468364e-02
9 2 4.336971584472986e-02 1.166653903623669e-02
10 2 4.254056822098692e-02 8.416913232579612e-03
11 2 3.983080871437709e-02 7.726006329325236e-03
12 2 3.924911849403095e-02 5.472438916671828e-03
13 2 3.737701293682159e-02 4.921180116200222e-03
14 2 3.709562388770728e-02 3.310896044240089e-03
15 2 3.583700170447523e-02 2.743176457559145e-03
16 2 3.587740197698054e-02 1.564755767262345e-03
17 2 3.509516984999436e-02 8.820634078526228e-04
18 2 3.548309297150847e-02 -4.142220941093920e-18
19 2 3.509516984999431e-02 -8.820634078525537e-04
20 2 3.587740197698062e-02 -1.564755767262342e-03
21 2 3.583700170447508e-02 -2.743176457559096e-03
22 2 3.709562388770755e-02 -3.310896044240059e-03
23 2 3.737701293682132e-02 -4.921180116200205e-03
24 2 3.924911849403120e-02 -5.472438916671771e-03
25 2 3.983080871437689e-02 -7.726006329325232e-03
26 2 4.254056822098721e-02 -8.416913232579554e-03
27 2 4.336971584472966e-02 -1.166653903623668e-02
28 2 4.727858247709840e-02 -1.280626137468357e-02
29 2 4.817057667880045e-02 -1.766587661073197e-02
30 2 5.383013857461562e-02 -1.996085745429458e-02
31 2 5.415768059185483e-02 -2.749700022471480e-02
32 2 6.219568834263973e-02 -3.272523983406612e-02
33 2 5.990878214574534e-02 -4.451196943736371e-02
34 2 6.972359092977891e-02 -5.731229519072233e-02
35 2 5.855055651386373e-02 -7.352314260054225e-02
36 2 6.151445578786755e-02 -1.035424098828046e-01
37 2 2.734638388720634e-02 -1.107153097973640e-01
38 2 1.658986488257541e-16 -1.334591223451782e-01
39 2 -2.734638388720659e-02 -1.107153097973641e-01
0 3 4.120272014904609e-02 6.694381131883222e-02
1 3 4.051005559416945e-02 5.313471849538655e-02
2 3 4.799563580470500e-02 4.532826326004145e-02
3 3 4.383080679685777e-02 3.693172618415807e-02
4 3 4.692494971504581e-02 3.008341649890808e-02
5 3 4.261199793701382e-02 2.536798589805891e-02
6 3 4.370732183927539e-02 2.020826657727461e-02
7 3 4.015078842408742e-02 1.747960931343933e-02
8 3 4.045868562413922e-02 1.371959105676317e-02
9 3 3.772411556742513e-02 1.200114531001011e-02
10 3 3.779724796057790e-02 9.243802361432128e-03
11 3 3.575241139179682e-02 8.016119012496801e-03
12 3 3.584288751994978e-02 5.951174430031923e-03
13 3 3.434392785884179e-02 4.929380737395174e-03
14 3 3.457594725962832e-02 3.337995357089263e-03
15 3 3.350749249537830e-02 2.350103813062865e-03
16 3 3.395531433361070e-02 1.076406640063098e-03
17 3 3.323077885980009e-02 1.182149731984709e-16
18 3 3.395531433361076e-02 -1.076406640063293e-03
19 3 3.350749249537825e-02 -2.350103813062642e-03
20 3 3.457594725962845e-02 -3.337995357089431e-03
21 3 3.434392785884173e-02 -4.929380737394985e-03
22 3 3.584288751994991e-02 -5.951174430032053e-03
23 3 3.575241139179671e-02 -8.016119012496620e-03
24 3 3.779724796057805e-02 -9.243802361432249e-03
25 3 3.772411556742514e-02 -1.200114531000993e-02
26 3 4.045868562413930e-02 -1.371959105676330e-02
27 3 4.015078842408745e-02 -1.747960931343912e-02
28 3 4.370732183927550e-02 -2.020826657727480e-02
29 3 4.261199793701387e-02 -2.536798589805865e-02
30 3 4.692494971504580e-02 -3.008341649890830e-02
31 3 4.383080679685789e-02 -3.693172618415778e-02
32 3 4.799563580470508e-02 -4.532826326004166e-02
33 3 4.051005559416957e-02 -5.313471849538635e-02
34 3 4.120272014904617e-02 -6.694381131883233e-02
35 3 2.636409694189392e-02 -7.151193352007169e-02
36 3 1.740746819819363e-02 -8.609379604926987e-02
37 3 4.007880799250331e-17 -8.056469044697043e-02
38 3 -1.740746819819354e-02 -8.609379604926971e-02
39 3 -2.636409694189383e-02 -7.151193352007182e-02
0 4 3.144006872329457e-02 4.871754167098716e-02
1 4 3.131890198273062e-02 4.066262747350573e-02
2 4 3.648679696841653e-02 3.618727504674651e-02
3 4 3.447742252962167e-02 3.041605557592528e-02
4 4 3.733411676061897e-02 2.609059682102193e-02
5 4 3.488471260085182e-02 2.221764747937810e-02
6 4 3.641745788413342e-02 1.858887625796533e-02
7 4 3.414361191570842e-02 1.595846154621212e-02
8 4 3.501093536276980e-02 1.305342653663090e-02
9 4 3.309735711386111e-02 1.116013662234619e-02
10 4 3.368129254159681e-02 8.849269995912226e-03
11 4 3.214124615946081e-02 7.358864959707532e-03
12 4 3.265809497616091e-02 5.492643904859142e-03
13 4 3.144840246512289e-02 4.186840065357722e-03
14 4 3.202636086336147e-02 2.632095356096122e-03
15 4 3.108967423402747e-02 1.359162210221084e-03
16 4 3.181376859657249e-02 -1.514173632806902e-16
17 4 3.108967423402751e-02 -1.359162210220801e-03
18 4 3.202636086336145e-02 -2.632095356096406e-03
19 4 3.144840246512299e-02 -4.186840065357458e-03
20 4 3.265809497616090e-02 -5.492643904859393e-03
21 4 3.214124615946090e-02 -7.358864959707300e-03
22 4 3.368129254159676e-02 -8.849269995912448e-03
23 4 3.309735711386125e-02 -1.116013662234597e-02
24 4 3.501093536276972e-02 -1.305342653663114e-02
25 4 3.414361191570862e-02 -1.595846154621184e-02
26 4 3.641745788413329e-02 -1.858887625796562e-02
27 4 3.488471260085202e-02 -2.221764747937775e-02
28 4 3.733411676061879e-02 -2.609059682102229e-02
29 4 3.447742252962192e-02 -3.041605557592486e-02
30 4 3.648679696841634e-02 -3.618727504674696e-02
31 4 3.131890198273087e-02 -4.066262747350535e-02
32 4 3.144006872329434e-02 -4.871754167098753e-02
33 4 2.308718918391282e-02 -5.166691175669799e-02
34 4 1.913510145042572e-02 -6.066856185918341e-02
35 4 8.690396472201897e-03 -5.946682802346592e-02
36 4 -1.050333387076795e-16 -6.585507484034769e-02
37 4 -8.690396472201576e-03 -5.946682802346603e-02
38 4 -1.913510145042591e-02 -6.066856185918322e-02
39 4 -2.308718918391252e-02 -5.166691175669827e-02
0 5 2.569251338094701e-02 3.757905787806003e-02
1 5 2.574974285891068e-02 3.221295176629318e-02
2 5 2.953349742586472e-02 2.932477415147429e-02
3 5 2.846837300134557e-02 2.510339465417073e-02
4 5 3.093467673096701e-02 2.215097239376189e-02
5 5 2.945608179733427e-02 1.898037788846836e-02
6 5 3.105901098703864e-02 1.631040416234374e-02
7 5 2.954861599069895e-02 1.391185266363873e-02
8 5 3.065191717914232e-02 1.160861538537304e-02
9 5 2.927414165808408e-02 9.714376242015122e-03
10 5 3.012667225099157e-02 7.745957357146965e-03
11 5 2.893123646907518e-02 6.146337078640605e-03
12 5 2.969540942144569e-02 4.439370932889976e-03
13 5 2.867683757395425e-02 2.977191593134826e-03
14 5 2.945963059274077e-02 1.446155301692009e-03
15 5 2.858485977586302e-02 9.682305762760654e-17
16 5 2.945963059274072e-02 -1.446155301692265e-03
17 5 2.867683757395440e-02 -2.977191593134640e-03
18 5 2.969540942144555e-02 -4.439370932890208e-03
19 5 2.893123646907546e-02 -6.146337078640451e-03
20 5 3.012667225099136e-02 -7.745957357147161e-03
21 5 2.927414165808439e-02 -9.714376242014981e-03
22 5 3.065191717914209e-02 -1.160861538537325e-02
23 5 2.954861599069926e-02 -1.391185266363857e-02
24 5 3.105901098703838e-02 -1.631040416234400e-02
25 5 2.945608179733455e-02 -1.898037788846813e-02
26 5 3.093467673096676e-02 -2.215097239376223e-02
27 5 2.846837300134586e-02 -2.510339465417037e-02
28 5 2.953349742586446e-02 -2.932477415147469e-02
29 5 2.574974285891099e-02 -3.221295176629286e-02
30 5 2.569251338094673e-02 -3.757905787806045e-02
31 5 2.025819493289004e-02 -3.961340106258918e-02
32 5 1.812764458622140e-02 -4.559828066307715e-02
33 5 1.138148917961674e-02 -4.561196196516567e-02
34 5 6.632707045811732e-03 -5.080286661256637e-02
35 5 2.042866945517417e-16 -4.797864242838136e-02
36 5 -6.632707045812088e-03 -5.080286661256624e-02
37 5 -1.138148917961636e-02 -4.561196196516588e-02
38 5 -1.812764458622175e-02 -4.559828066307684e-02
39 5 -2.025819493288969e-02 -3.961340106258950e-02
0 6 2.186779894903921e-02 2.993555100879098e-02
1 6 2.197321616753618e-02 2.604512964106845e-02
2 6 2.488508176517705e-02 2.400519176049286e-02
3 6 2.426906205379195e-02 2.074820557391049e-02
4 6 2.637889556296042e-02 1.858599120928343e-02
5 6 2.542211522161205e-02 1.594270541349587e-02
6 6 2.696018320227033e-02 1.387454319104640e-02
7 6 2.589838823760297e-02 1.171505826928879e-02
8 6 2.707340873019148e-02 9.818091069161400e-03
9 6 2.602800597782108e-02 7.994007858471241e-03
10 6 2.699991065743665e-02 6.267752854693427e-03
11 6 2.601878498001802e-02 4.646741753156875e-03
12 6 2.690178718797988e-02 3.051620822854504e-03
13 6 2.598806751960051e-02 1.524068451422286e-03
14 6 2.686082689432240e-02 -4.759391565039684e-17
15 6 2.598806751960066e-02 -1.524068451422289e-03
16 6 2.690178718797970e-02 -3.051620822854586e-03
17 6 2.601878498001835e-02 -4.646741753156900e-03
18 6 2.699991065743631e-02 -6.267752854693481e-03
19 6 2.602800597782148e-02 -7.994007858471279e-03
20 6 2.707340873019111e-02 -9.818091069161431e-03
21 6 2.589838823760337e-02 -1.171505826928882e-02
22 6 2.696018320227002e-02 -1.387454319104646e-02
23 6 2.542211522161234e-02 -1.594270541349586e-02
24 6 2.637889556296018e-02 -1.858599120928356e-02
25 6 2.426906205379215e-02 -2.074820557391038e-02
26 6 2.488508176517684e-02 -2.400519176049310e-02
27 6 2.197321616753634e-02 -2.604512964106832e-02
28 6 2.186779894903900e-02 -2.993555100879127e-02
29 6 1.800234853932475e-02 -3.143710219052204e-02
30 6 1.669927363283292e-02 -3.571092472729723e-02
31 6 1.200949785286346e-02 -3.608885122334567e-02
32 6 9.166203284059107e-03 -4.011073123035722e-02
33 6 4.243656635876462e-03 -3.885713729650397e-02
34 6 -1.600286638637835e-16 -4.178168446984130e-02
35 6 -4.243656635876159e-03 -3.885713729650399e-02
36 6 -9.166203284059420e-03 -4.011073123035706e-02
37 6 -1.200949785286320e-02 -3.608885122334580e-02
38 6 -1.669927363283318e-02 -3.571092472729694e-02
39 6 -1.800234853932460e-02 -3.143710219052219e-02
0 7 1.908560258723088e-02 2.429060529469846e-02
1 7 1.918301953889400e-02 2.129706111460548e-02
2 7 2.151001933496494e-02 1.974325650497001e-02
3 7 2.111156659599271e-02 1.712056473167130e-02
4 7 2.292440135733274e-02 1.543157924308553e-02
5 7 2.224897665425640e-02 1.318017335399531e-02
6 7 2.367346539697134e-02 1.149257807701992e-02
7 7 2.286847392315853e-02 9.547234084108600e-03
8 7 2.402830369435321e-02 7.919099549682772e-03
9 7 2.317701059900931e-02 6.194299723607303e-03
10 7 2.417388265966401e-02 4.632377396416807e-03
11 7 2.331155174063500e-02 3.044545813658367e-03
12 7 2.422106290224818e-02 1.524068451421324e-03
13 7 2.334830352752421e-02 -9.583922316532710e-17
14 7 2.422106290224803e-02 -1.524068451421212e-03
15 7 2.331155174063525e-02 -3.044545813658563e-03
16 7 2.417388265966369e-02 -4.632377396416676e-03
17 7 2.317701059900974e-02 -6.194299723607526e-03
18 7 2.402830369435281e-02 -7.919099549682614e-03
19 7 2.286847392315891e-02 -9.547234084108826e-03
20 7 2.367346539697101e-02 -1.149257807701976e-02
21 7 2.224897665425660e-02 -1.318017335399553e-02
22 7 2.292440135733254e-02 -1.543157924308541e-02
23 7 2.111156659599275e-02 -1.712056473167145e-02
24 7 2.151001933496492e-02 -1.974325650496997e-02
25 7 1.918301953889389e-02 -2.129706111460557e-02
26 7 1.908560258723092e-02 -2.429060529469848e-02
27 7 1.616675101293420e-02 -2.547206254692223e-02
28 7 1.531082490218022e-02 -2.870275224073151e-02
29 7 1.185668841083566e-02 -2.919021690290082e-02
30 7 1.003065669458238e-02 -3.233917534274828e-02
31 7 6.314609418676651e-03 -3.182328792237134e-02
32 7 3.506937744945409e-03 -3.443145556659932e-02
33 7 6.410125811194388e-17 -3.278294294325178e-02
34 7 -3.506937744945557e-03 -3.443145556659929e-02
35 7 -6.314609418676568e-03 -3.182328792237135e-02
36 7 -1.003065669458247e-02 -3.233917534274822e-02
37 7 -1.185668841083568e-02 -2.919021690290079e-02
38 7 -1.531082490218023e-02 -2.870275224073143e-02
39 7 -1.616675101293431e-02 -2.547206254692218e-02
0 8 1.690726939009972e-02 1.990866431356553e-02
1 8 1.696797775334796e-02 1.750136073850190e-02
2 8 1.887886534696083e-02 1.623750720870231e-02
3 8 1.857824835403631e-02 1.405388219553701e-02
4 8 2.014497929985979e-02 1.265559926750959e-02
5 8 1.961506759313392e-02 1.070159542987690e-02
6 8 2.090951609782576e-02 9.256556141625929e-03
7 8 2.024339447713671e-02 7.498269869399328e-03
8 8 2.133963862405348e-02 6.047241759161483e-03
9 8 2.059185249530401e-02 4.434998962833112e-03
10 8 2.155259289190599e-02 2.984480940683797e-03
11 8 2.074529132233807e-02 1.467165990932466e-03
12 8 2.161622487736083e-02 1.200395592154881e-16
13 8 2.074529132233819e-02 -1.467165990932744e-03
14 8 2.155259289190577e-02 -2.984480940683543e-03
15 8 2.059185249530431e-02 -4.434998962833412e-03
16 8 2.133963862405314e-02 -6.047241759161204e-03
17 8 2.024339447713703e-02 -7.498269869399652e-03
18 8 2.090951609782548e-02 -9.256556141625629e-03
19 8 1.961506759313409e-02 -1.070159542987724e-02
20 8 2.014497929985971e-02 -1.265559926750930e-02
21 8 1.857824835403621e-02 -1.405388219553734e-02
22 8 1.887886534696097e-02 -1.623750720870205e-02
23 8 1.696797775334766e-02 -1.750136073850220e-02
24 8 1.690726939010001e-02 -1.990866431356532e-02
25 8 1.460954364973992e-02 -2.089504345554166e-02
26 8 1.403262118191280e-02 -2.344821593962709e-02
27 8 1.137568977129105e-02 -2.396782197688018e-02
28 8 1.014899636751672e-02 -2.649204113121043e-02
29 8 7.271233869952679e-03 -2.635217555735075e-02
30 8 5.351704235988376e-03 -2.858714716028816e-02
31 8 2.506579742542274e-03 -2.766840361090080e-02
32 8 6.195430887944877e-18 -2.933853962978385e-02
33 8 -2.506579742542313e-03 -2.766840361090078e-02
34 8 -5.351704235988310e-03 -2.858714716028818e-02
35 8 -7.271233869952837e-03 -2.635217555735063e-02
36 8 -1.014899636751653e-02 -2.649204113121049e-02
37 8 -1.137568977129136e-02 -2.396782197688004e-02
38 8 -1.403262118191251e-02 -2.344821593962724e-02
39 8 -1.460954364974032e-02 -2.089504345554143e-02
0 9 1.508979772075483e-02 1.638746925077766e-02
1 9 1.509796527658484e-02 1.438598163956635e-02
2 9 1.669672497874970e-02 1.329847467230867e-02
3 9 1.642793625088704e-02 1.143361727961682e-02
4 9 1.778690262130225e-02 1.021690026232269e-02
5 9 1.732337589931807e-02 8.496395796609220e-03
6 9 1.848380695041664e-02 7.207917934055336e-03
7 9 1.788458635291043e-02 5.615095219353115e-03
8 9 1.888972945017205e-02 4.283018592488831e-03
9 9 1.818928047980110e-02 2.790617160029977e-03
10 9 1.907501883792937e-02 1.420179444600071e-03
11 9 1.828546836842517e-02 -1.007110123634881e-16
12 9 1.907501883792929e-02 -1.420179444599844e-03
13 9 1.818928047980125e-02 -2.790617160030192e-03
14 9 1.888972945017183e-02 -4.283018592488573e-03
15 9 1.788458635291061e-02 -5.615095219353361e-03
16 9 1.848380695041647e-02 -7.207917934055051e-03
17 9 1.732337589931815e-02 -8.496395796609508e-03
18 9 1.778690262130224e-02 -1.021690026232237e-02
19 9 1.642793625088684e-02 -1.143361727961714e-02
20 9 1.669672497874997e-02 -1.329847467230834e-02
21 9 1.509796527658438e-02 -1.438598163956668e-02
22 9 1.508979772075530e-02 -1.638746925077734e-02
23 9 1.322752310484328e-02 -1.725563129408389e-02
24 9 1.284671016876327e-02 -1.934493168260505e-02
25 9 1.073630071711924e-02 -1.987632306223543e-02
26 9 9.896323675700716e-03 -2.195030097493166e-02
27 9 7.613620967192453e-03 -2.202111033631340e-02
28 9 6.271847514747532e-03 -2.392465512893032e-02
29 9 3.960214909159689e-03 -2.344221259475010e-02
30 9 2.151787094127993e-03 -2.499701616248903e-02
31 9 -1.774699455729491e-17 -2.394139903681589e-02
32 9 -2.151787094127904e-03 -2.499701616248906e-02
33 9 -3.960214909159812e-03 -2.344221259475000e-02
34 9 -6.271847514747307e-03 -2.392465512893045e-02
35 9 -7.613620967192779e-03 -2.202111033631320e-02
36 9 -9.896323675700295e-03 -2.195030097493186e-02
37 9 -1.073630071711977e-02 -1.987632306223516e-02
38 9 -1.284671016876273e-02 -1.934493168260529e-02
39 9 -1.322752310484386e-02 -1.725563129408356e-02
0 10 1.348941841013498e-02 1.348977443742863e-02
1 10 1.343665338962682e-02 1.178312806723215e-02
2 10 1.479038647347709e-02 1.080359760711506e-02
3 10 1.451630699261213e-02 9.180720548898019e-03
4 10 1.569600192747373e-02 8.079255951337828e-03
5 10 1.525296372921354e-02 6.549076432530214e-03
6 10 1.628105298167069e-02 5.364534897395393e-03
7 10 1.570665103669349e-02 3.921213094713470e-03
8 10 1.660626641506349e-02 2.673756579024427e-03
9 10 1.592183330314157e-02 1.305229692342932e-03
10 10 1.671028055515100e-02 2.850062162565432e-17
11 10 1.592183330314161e-02 -1.305229692342934e-03
12 10 1.660626641506341e-02 -2.673756579024356e-03
13 10 1.570665103669356e-02 -3.921213094713506e-03
14 10 1.628105298167061e-02 -5.364534897395280e-03
15 10 1.525296372921353e-02 -6.549076432530297e-03
16 10 1.569600192747380e-02 -8.079255951337653e-03
17 10 1.451630699261192e-02 -9.180720548898165e-03
18 10 1.479038647347741e-02 -1.080359760711486e-02
19 10 1.343665338962635e-02 -1.178312806723235e-02
20 10 1.348941841013553e-02 -1.348977443742838e-02
21 10 1.194945280678126e-02 -1.428827026242052e-02
22 10 1.171979802983115e-02 -1.604546319004413e-02
23 10 1.000389842549697e-02 -1.658680860621534e-02
24 10 9.434451014281402e-03 -1.832947642665312e-02
25 10 7.587528384152247e-03 -1.853152270434859e-02
26 10 6.643315806983754e-03 -2.016248554055416e-02
27 10 4.750758151458533e-03 -1.995660612232910e-02
28 10 3.438957908146130e-03 -2.135893980412503e-02
29 10 1.619096723793948e-03 -2.071358090479729e-02
30 10 -1.311989079217270e-17 -2.177579908932563e-02
31 10 -1.619096723793869e-03 -2.071358090479724e-02
32 10 -3.438957908146063e-03 -2.135893980412513e-02
33 10 -4.750758151458639e-03 -1.995660612232897e-02
34 10 -6.643315806983471e-03 -2.016248554055433e-02
35 10 -7.587528384152608e-03 -1.853152270434840e-02
36 10 -9.434451014280887e-03 -1.832947642665335e-02
37 10 -1.000389842549752e-02 -1.658680860621512e-02
38 10 -1.171979802983055e-02 -1.604546319004438e-02
39 10 -1.194945280678187e-02 -1.428827026242029e-02
0 11 1.201796125913946e-02 1.106689242671745e-02
1 11 1.190095978174246e-02 9.583554254161755e-03
2 11 1.305530964406039e-02 8.670287892592504e-03
3 11 1.275595290487487e-02 7.238551463250419e-03
4 11 1.377855289389380e-02 6.212297114564426e-03
5 11 1.333090918884967e-02 4.842482472367824e-03
6 11 1.423196025299927e-02 3.730963212909271e-03
7 11 1.366033316624911e-02 2.424777591660635e-03
8 11 1.444955641246603e-02 1.243843326753976e-03
9 11 1.376743346454761e-02 1.181594454236609e-16
10 11 1.444955641246600e-02 -1.243843326754150e-03
11 11 1.366033316624912e-02 -2.424777591660417e-03
12 11 1.423196025299926e-02 -3.730963212909415e-03
13 11 1.333090918884962e-02 -4.842482472367645e-03
14 11 1.377855289389389e-02 -6.212297114564511e-03
15 11 1.275595290487469e-02 -7.238551463250313e-03
16 11 1.305530964406067e-02 -8.670287892592530e-03
17 11 1.190095978174211e-02 -9.583554254161714e-03
18 11 1.201796125913993e-02 -1.106689242671741e-02
19 11 1.072729922916999e-02 -1.182662441873679e-02
20 11 1.062184199888654e-02 -1.333674947760839e-02
21 11 9.203377414991611e-03 -1.389144754868722e-02
22 11 8.836568866180576e-03 -1.538437786517883e-02
23 11 7.319208125101983e-03 -1.567765676551277e-02
24 11 6.663989538217089e-03 -1.708929930659604e-02
25 11 5.101383918510945e-03 -1.707063133348444e-02
26 11 4.154325190778881e-03 -1.832224160208895e-02
27 11 2.622704005925789e-03 -1.796057886027610e-02
28 11 1.412471842227299e-03 -1.897144130136452e-02
29 11 1.566512489892619e-16 -1.826710790981627e-02
30 11 -1.412471842227504e-03 -1.897144130136454e-02
31 11 -2.622704005925566e-03 -1.796057886027605e-02
32 11 -4.154325190778910e-03 -1.832224160208903e-02
33 11 -5.101383918510956e-03 -1.707063133348435e-02
34 11 -6.663989538216857e-03 -1.708929930659615e-02
35 11 -7.319208125102257e-03 -1.567765676551267e-02
36 11 -8.836568866180118e-03 -1.538437786517896e-02
37 11 -9.203377414992060e-03 -1.389144754868715e-02
38 11 -1.062184199888600e-02 -1.333674947760848e-02
39 11 -1.072729922917048e-02 -1.182662441873676e-02
0 12 1.062075811748441e-02 9.020107387041617e-03
1 12 1.044006152076614e-02 7.711790107412027e-03
2 12 1.142819719288682e-02 6.839576868779059e-03
3 12 1.109451621604077e-02 5.563684964133180e-03
4 12 1.197879536424527e-02 4.589163864370434e-03
5 12 1.151503808001891e-02 3.357591287913619e-03
6 12 1.229753745066407e-02 2.302183495348858e-03
7 12 1.172013392425308e-02 1.122149002628700e-03
8 12 1.240173738845696e-02 -1.831018285036893e-16
9 12 1.172013392425308e-02 -1.122149002628319e-03
10 12 1.229753745066409e-02 -2.302183495349208e-03
11 12 1.151503808001887e-02 -3.357591287913268e-03
12 12 1.197879536424535e-02 -4.589163864370737e-03
13 12 1.109451621604066e-02 -5.563684964132878e-03
14 12 1.142819719288701e-02 -6.839576868779293e-03
15 12 1.044006152076595e-02 -7.711790107411793e-03
16 12 1.062075811748468e-02 -9.020107387041787e-03
17 12 9.529484653405052e-03 -9.760510919440720e-03
18 12 9.530052910811078e-03 -1.108083775851974e-02
19 12 8.343867328504742e-03 -1.165283546048103e-02
20 12 8.137252517248514e-03 -1.295315118776598e-02
21 12 6.876538574909992e-03 -1.331648977876281e-02
22 12 6.442080098622799e-03 -1.455212760241347e-02
23 12 5.142522032539584e-03 -1.466904062158788e-02
24 12 4.473196252429910e-03 -1.578508680268914e-02
25 12 3.185582811865539e-03 -1.562838292684723e-02
26 12 2.294019796652505e-03 -1.656619685719533e-02
27 12 1.079402429915162e-03 -1.612716396436329e-02
28 12 -2.093941202633906e-16 -1.683402915407218e-02
29 12 -1.079402429914715e-03 -1.612716396436328e-02
30 12 -2.294019796652849e-03 -1.656619685719534e-02
31 12 -3.185582811865218e-03 -1.562838292684726e-02
32 12 -4.473196252430056e-03 -1.578508680268915e-02
33 12 -5.142522032539468e-03 -1.466904062158793e-02
34 12 -6.442080098622710e-03 -1.455212760241346e-02
35 12 -6.876538574910078e-03 -1.331648977876287e-02
36 12 -8.137252517248247e-03 -1.295315118776594e-02
37 12 -8.343867328504962e-03 -1.165283546048114e-02
38 12 -9.530052910810733e-03 -1.108083775851964e-02
39 12 -9.529484653405296e-03 -9.760510919440891e-03
0 13 9.264299726176130e-03 7.279609742830363e-03
1 13 9.023447530661713e-03 6.111914896000301e-03
2 13 9.871467411431080e-03 5.265995211287772e-03
3 13 9.501688071032698e-03 4.119779557862956e-03
4 13 1.026505698358777e-02 3.183967283331749e-03
5 13 9.782647913698553e-03 2.072674138821112e-03
6 13 1.045811830224197e-02 1.065163284722183e-03
7 13 9.875216996756610e-03 1.823400890481609e-16
8 13 1.045811830224199e-02 -1.065163284722587e-03
9 13 9.782647913698520e-03 -2.072674138820756e-03
10 13 1.026505698358783e-02 -3.183967283332131e-03
11 13 9.501688071032651e-03 -4.119779557862629e-03
12 13 9.871467411431162e-03 -5.265995211288106e-03
13 13 9.023447530661680e-03 -6.111914896000008e-03
14 13 9.264299726176225e-03 -7.279609742830644e-03
15 13 8.336008037866261e-03 -8.012524147504946e-03
16 13 8.428727971836289e-03 -9.183439632824350e-03
17 13 7.428712022397005e-03 -9.775737128361158e-03
18 13 7.353775600299910e-03 -1.092468643917154e-02
19 13 6.297792076179909e-03 -1.134620296891191e-02
20 13 6.039195628703337e-03 -1.244012798371691e-02
21 13 4.952464472140935e-03 -1.266175530741569e-02
22 13 4.502277788947266e-03 -1.366072246855013e-02
23 13 3.419954292702939e-03 -1.365932761751439e-02
24 13 2.782485101354413e-03 -1.451993297928958e-02
25 13 1.747530191601807e-03 -1.428355516384517e-02
26 13 9.416403931201866e-04 -1.496444930364522e-02
27 13 2.212306973313052e-16 -1.449619496101793e-02
28 13 -9.416403931206410e-04 -1.496444930364521e-02
29 13 -1.747530191601388e-03 -1.428355516384520e-02
30 13 -2.782485101354794e-03 -1.451993297928952e-02
31 13 -3.419954292702583e-03 -1.365932761751450e-02
32 13 -4.502277788947526e-03 -1.366072246855004e-02
33 13 -4.952464472140668e-03 -1.266175530741582e-02
34 13 -6.039195628703452e-03 -1.244012798371676e-02
35 13 -6.297792076179753e-03 -1.134620296891208e-02
36 13 -7.353775600299907e-03 -1.092468643917136e-02
37 13 -7.428712022396942e-03 -9.775737128361366e-03
38 13 -8.428727971836220e-03 -9.183439632824114e-03
39 13 -8.336008037866263e-03 -8.012524147505196e-03
0 14 7.928714122680838e-03 5.792347878526075e-03
1 14 7.633537427937363e-03 4.739102831451778e-03
2 14 8.363741078967845e-03 3.911305629887400e-03
3 14 7.960941257816384e-03 2.873709228850140e-03
4 14 8.620682293976480e-03 1.969992214365157e-03
5 14 8.122869152327600e-03 9.628157556600984e-04
6 14 8.705577394539712e-03 -1.354186039121146e-16
7 14 8.122869152327570e-03 -9.628157556599226e-04
8 14 8.620682293976506e-03 -1.969992214365424e-03
9 14 7.960941257816372e-03 -2.873709228849961e-03
10 14 8.363741078967856e-03 -3.911305629887661e-03
11 14 7.633537427937415e-03 -4.739102831451596e-03
12 14 7.928714122680784e-03 -5.792347878526317e-03
13 14 7.134873910293243e-03 -6.524607767616886e-03
14 14 7.307933540729675e-03 -7.576191478517530e-03
15 14 6.459468589688148e-03 -8.190584066171068e-03
16 14 6.495547935539619e-03 -9.219204990850093e-03
17 14 5.605651448757545e-03 -9.691765207632158e-03
18 14 5.491876637673166e-03 -1.067135708135020e-02
19 14 4.579518610366094e-03 -1.097863493082217e-02
20 14 4.307911129428216e-03 -1.187872312306842e-02
21 14 3.398461246151481e-03 -1.200083592690353e-02
22 14 2.968798523154340e-03 -1.278833632012551e-02
23 14 2.093165001927445e-03 -1.271239575848949e-02
24 14 1.514977853824961e-03 -1.335480612353016e-02
25 14 7.070766131872534e-04 -1.307786575484808e-02
26 14 -1.503610775683443e-16 -1.354728140414653e-02
27 14 -7.070766131870356e-04 -1.307786575484811e-02
28 14 -1.514977853825276e-03 -1.335480612353009e-02
29 14 -2.093165001927169e-03 -1.271239575848958e-02
30 14 -2.968798523154684e-03 -1.278833632012539e-02
31 14 -3.398461246151122e-03 -1.200083592690365e-02
32 14 -4.307911129428570e-03 -1.187872312306826e-02
33 14 -4.579518610365689e-03 -1.097863493082232e-02
34 14 -5.491876637673492e-03 -1.067135708135001e-02
35 14 -5.605651448757165e-03 -9.691765207632335e-03
36 14 -6.495547935539876e-03 -9.219204990849886e-03
37 14 -6.459468589687863e-03 -8.190584066171248e-03
38 14 -7.307933540729820e-03 -7.576191478517309e-03
39 14 -7.134873910293084e-03 -6.524607767617063e-03
0 15 6.602857244985023e-03 4.514803551554998e-03
1 15 6.260844535444782e-03 3.554556167358976e-03
2 15 6.893668417130210e-03 2.740727640249811e-03
3 15 6.464060446465377e-03 1.793326921957008e-03
4 15 7.037931587409275e-03 9.187894480098396e-04
5 15 6.531479146915857e-03 -5.308702163798525e-17
6 15 7.037931587409287e-03 -9.187894480098489e-04
7 15 6.464060446465363e-03 -1.793326921957104e-03
8 15 6.893668417130207e-03 -2.740727640249827e-03
9 15 6.260844535444825e-03 -3.554556167359044e-03
10 15 6.602857244984930e-03 -4.514803551555034e-03
11 15 5.919429262352367e-03 -5.250049371014530e-03
12 15 6.161985733771771e-03 -6.206181657050309e-03
13 15 5.437352613253712e-03 -6.843471293530901e-03
14 15 5.568325754388725e-03 -7.776364968987130e-03
15 15 4.814213505572736e-03 -8.295398852357048e-03
16 15 4.822648108312188e-03 -9.183190344233354e-03
17 15 4.054203888322156e-03 -9.564033299176270e-03
18 15 3.932181423743987e-03 -1.038220960706736e-02
19 15 3.168538530640475e-03 -1.060721687491224e-02
20 15 2.913136774353816e-03 -1.132958527761018e-02
21 15 2.177126569140178e-03 -1.138568507228354e-02
22 15 1.792002491024332e-03 -1.198624794872055e-02
23 15 1.108841098788482e-03 -1.186710501555101e-02
24 15 6.049406142941079e-04 -1.232258878525282e-02
25 15 -8.318562231841623e-17 -1.203007787531465e-02
26 15 -6.049406142940882e-04 -1.232258878525279e-02
27 15 -1.108841098788565e-03 -1.186710501555106e-02
28 15 -1.792002491024437e-03 -1.198624794872048e-02
29 15 -2.177126569140053e-03 -1.138568507228362e-02
30 15 -2.913136774354104e-03 -1.132958527761007e-02
31 15 -3.168538530640124e-03 -1.060721687491232e-02
32 15 -3.932181423744424e-03 -1.038220960706722e-02
33 15 -4.054203888321665e-03 -9.564033299176366e-03
34 15 -4.822648108312666e-03 -9.183190344233221e-03
35 15 -4.814213505572255e-03 -8.295398852357114e-03
36 15 -5.568325754389121e-03 -7.776364968987019e-03
37 15 -5.437352613253356e-03 -6.843471293530920e-03
38 15 -6.161985733772015e-03 -6.206181657050240e-03
39 15 -5.919429262352184e-03 -5.250049371014498e-03
0 16 5.280978726197284e-03 3.408668716247887e-03
1 16 4.900720744331938e-03 2.522524931226774e-03
2 16 5.455819571248652e-03 1.720806281454860e-03
3 16 5.007507841958434e-03 8.463554486552476e-04
4 16 5.513910260160364e-03 1.351873744289041e-16
5 16 5.007507841958407e-03 -8.463554486556031e-04
6 16 5.455819571248677e-03 -1.720806281454605e-03
7 16 4.900720744331917e-03 -2.522524931227093e-03
8 16 5.280978726197250e-03 -3.408668716247677e-03
9 16 4.686378073758098e-03 -4.148623719685249e-03
10 16 4.988055391155502e-03 -5.029589787390918e-03
11 16 4.363589013436551e-03 -5.689934446453765e-03
12 16 4.576028348699170e-03 -6.547792277316894e-03
13 16 3.932541398197725e-03 -7.110253257561702e-03
14 16 4.045810859283007e-03 -7.925629065938342e-03
15 16 3.396063095191101e-03 -8.372285990058426e-03
16 16 3.402146039211890e-03 -9.124376351206226e-03
17 16 2.761238139375426e-03 -9.438897939272104e-03
18 16 2.655369853477328e-03 -1.010602546495308e-02
19 16 2.040682730496098e-03 -1.027521408102501e-02
20 16 1.822557225310446e-03 -1.083596920174178e-02
21 16 1.253070806852191e-03 -1.085134277682881e-02
22 16 9.276039552249786e-04 -1.128620198406757e-02
23 16 4.226076016408533e-04 -1.114526285555509e-02
24 16 2.129099743522317e-16 -1.143840646580232e-02
25 16 -4.226076016413677e-04 -1.114526285555510e-02
26 16 -9.276039552246600e-04 -1.128620198406753e-02
27 16 -1.253070806852487e-03 -1.085134277682883e-02
28 16 -1.822557225310395e-03 -1.083596920174173e-02
29 16 -2.040682730496064e-03 -1.027521408102504e-02
30 16 -2.655369853477584e-03 -1.010602546495302e-02
31 16 -2.761238139375096e-03 -9.438897939272110e-03
32 16 -3.402146039212351e-03 -9.124376351206193e-03
33 16 -3.396063095190628e-03 -8.372285990058397e-03
34 16 -4.045810859283499e-03 -7.925629065938350e-03
35 16 -3.932541398197302e-03 -7.110253257561613e-03
36 16 -4.576028348699535e-03 -6.547792277316975e-03
37 16 -4.363589013436290e-03 -5.689934446453600e-03
38 16 -4.988055391155687e-03 -5.029589787391061e-03
39 16 -4.686378073758024e-03 -4.148623719685001e-03
0 17 3.960448814754715e-03 2.438305178573656e-03
1 17 3.551189102527836e-03 1.608636287406149e-03
2 17 4.047979621827621e-03 8.183467056592340e-04
3 17 3.590089769549231e-03 -2.381793254184023e-16
4 17 4.047979621827655e-03 -8.183467056587947e-04
5 17 3.551189102527759e-03 -1.608636287406602e-03
6 17 3.960448814754778e-03 -2.438305178573260e-03
7 17 3.434344465820714e-03 -3.183651042314883e-03
8 17 3.785022917905114e-03 -4.007779858281463e-03
9 17 3.239340421185704e-03 -4.691026359742684e-03
10 17 3.521459375398287e-03 -5.492312663890049e-03
11 17 2.966492311893316e-03 -6.096182677172293e-03
12 17 3.170532978217432e-03 -6.856675520636971e-03
13 17 2.617537849841553e-03 -7.364246285794343e-03
14 17 2.735183926847373e-03 -8.065374933240312e-03
15 17 2.196643789805823e-03 -8.460886306175015e-03
16 17 2.221682063572576e-03 -9.083828691785999e-03
17 17 1.711296801778085e-03 -9.353751084263931e-03
18 17 1.640515594676583e-03 -9.880183660293505e-03
19 17 1.172825535194709e-03 -1.001439073858082e-02
20 17 1.006714683112681e-03 -1.042757087481222e-02
21 17 5.963413058599470e-04 -1.042039889798528e-02
22 17 3.394087176211993e-04 -1.070642862809525e-02
23 17 -3.838437888461105e-16 -1.055738971210376e-02
24 17 -3.394087176205217e-04 -1.070642862809525e-02
25 17 -5.963413058605951e-04 -1.042039889798528e-02
26 17 -1.006714683112230e-03 -1.042757087481222e-02
27 17 -1.172825535195053e-03 -1.001439073858080e-02
28 17 -1.640515594676481e-03 -9.880183660293506e-03
29 17 -1.711296801778081e-03 -9.353751084263895e-03
30 17 -2.221682063572791e-03 -9.083828691786011e-03
31 17 -2.196643789805572e-03 -8.460886306174947e-03
32 17 -2.735183926847743e-03 -8.065374933240384e-03
33 17 -2.617537849841243e-03 -7.364246285794215e-03
34 17 -3.170532978217771e-03 -6.856675520637109e-03
35 17 -2.966492311893107e-03 -6.096182677172083e-03
36 17 -3.521459375398475e-03 -5.492312663890277e-03
37 17 -3.239340421185663e-03 -4.691026359742385e-03
38 17 -3.785022917905134e-03 -4.007779858281780e-03
39 17 -3.434344465820788e-03 -3.183651042314494e-03
0 18 2.640262284072527e-03 1.569315479590647e-03
1 18 2.211572364162282e-03 7.790346231292691e-04
2 18 2.669457178893562e-03 2.207507867665221e-16
3 18 2.211572364162208e-03 -7.790346231296684e-04
4 18 2.640262284072645e-03 -1.569315479590230e-03
5 18 2.162899429319587e-03 -2.320251679120391e-03
6 18 2.552629767261903e-03 -3.104914030215777e-03
7 18 2.065539023807669e-03 -3.810843276720793e-03
8 18 2.406565432693220e-03 -4.572888773378653e-03
9 18 1.919699638438336e-03 -5.216922996126058e-03
10 18 2.202551183744858e-03 -5.939149766332975e-03
11 18 1.726245550266435e-03 -6.504712717363699e-03
12 18 1.942164175323523e-03 -7.169794417108447e-03
13 18 1.487240953681957e-03 -7.641156766455885e-03
14 18 1.628767445458731e-03 -8.231945552770289e-03
15 18 1.206485898947290e-03 -8.594979771208327e-03
16 18 1.268109521745162e-03 -9.095066188238450e-03
17 18 8.899047168426448e-04 -9.338137669315941e-03
18 18 8.686602208355297e-04 -9.732641540221633e-03
19 18 5.456568493435326e-04 -9.847499922052113e-03
20 18 4.415423850185866e-04 -1.012400023443588e-02
21 18 1.838870421426705e-04 -1.010650738275974e-02
22 18 3.813931169225019e-16 -1.025596358133971e-02
23 18 -1.838870421433824e-04 -1.010650738275972e-02
24 18 -4.415423850179290e-04 -1.012400023443590e-02
25 18 -5.456568493440662e-04 -9.847499922052080e-03
26 18 -8.686602208351378e-04 -9.732641540221675e-03
27 18 -8.899047168429088e-04 -9.338137669315899e-03
28 18 -1.268109521745073e-03 -9.095066188238500e-03
29 18 -1.206485898947317e-03 -8.594979771208265e-03
30 18 -1.628767445458847e-03 -8.231945552770356e-03
31 18 -1.487240953681877e-03 -7.641156766455793e-03
32 18 -1.942164175323685e-03 -7.169794417108561e-03
33 18 -1.726245550266394e-03 -6.504712717363564e-03
34 18 -2.202551183744924e-03 -5.939149766333160e-03
35 18 -1.919699638438416e-03 -5.216922996125853e-03
36 18 -2.406565432693149e-03 -4.572888773378922e-03
37 18 -2.065539023807852e-03 -3.810843276720508e-03
38 18 -2.552629767261754e-03 -3.104914030216131e-03
39 18 -2.162899429319769e-03 -2.320251679120034e-03
0 19 1.320129630776793e-03 7.677971150864750e-04
1 19 8.817087509291302e-04 -8.636031444898143e-17
2 19 1.320129630776883e-03 -7.677971150862171e-04
3 19 8.719747684659488e-04 -1.524354395386997e-03
4 19 1.290928690895725e-03 -2.286529848017525e-03
5 19 8.427768511110693e-04 -3.014990449773129e-03
6 19 1.232550463246953e-03 -3.754665043471936e-03
7 19 7.941733369920858e-04 -4.438217133264340e-03
8 19 1.145178888644214e-03 -5.138511278109415e-03
9 19 7.264071865164013e-04 -5.760555812522120e-03
10 19 1.029406252197624e-03 -6.404715944905294e-03
11 19 6.400953612086185e-04 -6.949211766144995e-03
12 19 8.865432654608894e-04 -7.520904784796404e-03
13 19 5.364372720281482e-04 -7.972903752070297e-03
14 19 7.189217197980424e-04 -8.456704301467253e-03
15 19 4.173918595400444e-04 -8.803043048973900e-03
16 19 5.301100861221949e-04 -9.185093382895134e-03
17 19 2.857713562571908e-04 -9.415161450818868e-03
18 19 3.249690543575154e-04 -9.683934900644387e-03
19 19 1.452111397946337e-04 -9.790403392843089e-03
20 19 1.095016341962830e-04 -9.937461881479164e-03
21 19 -2.250414354794986e-16 -9.916844988803443e-03
22 19 -1.095016341957463e-04 -9.937461881479183e-03
23 19 -1.452111397950349e-04 -9.790403392843058e-03
24 19 -3.249690543570989e-04 -9.683934900644415e-03
25 19 -2.857713562574742e-04 -9.415161450818828e-03
26 19 -5.301100861219567e-04 -9.185093382895190e-03
27 19 -4.173918595402072e-04 -8.803043048973863e-03
28 19 -7.189217197979486e-04 -8.456704301467300e-03
29 19 -5.364372720282543e-04 -7.972903752070271e-03
30 19 -8.865432654608414e-04 -7.520904784796452e-03
31 19 -6.400953612087558e-04 -6.949211766144969e-03
32 19 -1.029406252197518e-03 -6.404715944905361e-03
33 19 -7.264071865166271e-04 -5.760555812522080e-03
34 19 -1.145178888644007e-03 -5.138511278109519e-03
35 19 -7.941733369923869e-04 -4.438217133264264e-03
36 19 -1.232550463246685e-03 -3.754665043472098e-03
37 19 -8.427768511113668e-04 -3.014990449773011e-03
38 19 -1.290928690895494e-03 -2.286529848017747e-03
39 19 -8.719747684661344e-04 -1.524354395386840e-03
0 20 -1.809098395816165e-16 -9.015821964411711e-18
1 20 -4.384208798492504e-04 -7.621771976950246e-04
2 20 -6.096158120238245e-17 -1.518734477996504e-03
3 20 -4.286879048943542e-04 -2.269672422584250e-03
4 20 6.554840119338667e-17 -3.003752941731198e-03
5 20 -4.092375470256908e-04 -3.726603791522774e-03
6 20 1.493581911245170e-16 -4.421393389357644e-03
7 20 -3.801451308773501e-04 -5.099386472895103e-03
8 20 1.602423414015570e-16 -5.738254751216142e-03
9 20 -3.416256369316673e-04 -6.354883789336080e-03
10 20 1.050449576151375e-16 -6.921680671883176e-03
11 20 -2.941331583087489e-04 -7.461057759109621e-03
12 20 2.173291883242248e-17 -7.940587820645920e-03
13 20 -2.384572828918830e-04 -8.387973400522357e-03
14 20 -4.095238058634283e-17 -8.766628079453222e-03
15 20 -1.757908039494443e-04 -9.109102249897588e-03
16 20 -4.880869839098217e-17 -9.375585287341217e-03
17 20 -1.077456240123923e-04 -9.602782421830106e-03
18 20 -1.394033845451976e-19 -9.748827077506919e-03
19 20 -3.630278494831133e-05 -9.853624190819624e-03
20 20 7.635976497304222e-17 -9.874583613480514e-03
21 20 3.630278494829924e-05 -9.853624190819612e-03
22 20 1.401472106547877e-16 -9.748827077506947e-03
23 20 1.077456240123701e-04 -9.602782421830085e-03
24 20 1.641850994274025e-16 -9.375585287341257e-03
25 20 1.757908039493917e-04 -9.109102249897571e-03
26 20 1.492286338547217e-16 -8.766628079453234e-03
27 20 2.384572828917687e-04 -8.387973400522365e-03
28 20 1.219146286387436e-16 -7.940587820645903e-03
29 20 2.941331583085444e-04 -7.461057759109675e-03
30 20 1.158591042590252e-16 -6.921680671883127e-03
31 20 3.416256369313665e-04 -6.354883789336175e-03
32 20 1.480027254834119e-16 -5.738254751216082e-03
33 20 3.801451308769866e-04 -5.099386472895224e-03
34 20 2.056656349895346e-16 -4.421393389357573e-03
35 20 4.092375470253346e-04 -3.726603791522906e-03
36 20 2.525656008477062e-16 -3.003752941731149e-03
37 20 4.286879048940912e-04 -2.269672422584379e-03
38 20 2.502230735652994e-16 -1.518734477996477e-03
39 20 4.384208798491534e-04 -7.621771976951492e-04
0 21 -1.320129630777098e-03 -7.677971150864905e-04
1 21 -1.748815520650755e-03 -1.541213565878084e-03
2 21 -1.290928690895706e-03 -2.286529848017780e-03
3 21 -1.690405101413490e-03 -3.048695135204570e-03
4 21 -1.232550463246732e-03 -3.754665043472166e-03
5 21 -1.593137333077307e-03 -4.488661135369582e-03
6 21 -1.145178888643907e-03 -5.138511278109607e-03
7 21 -1.457450791740423e-03 -5.827397175335067e-03
8 21 -1.029406252197370e-03 -6.404715944905464e-03
9 21 -1.284527288386364e-03 -7.031693749986696e-03
10 21 -8.865432654607861e-04 -7.520904784796541e-03
11 21 -1.076721374885569e-03 -8.069680096577603e-03
12 21 -7.189217197980931e-04 -8.456704301467369e-03
13 21 -8.379274917770537e-04 -8.912053496499334e-03
14 21 -5.301100861223176e-04 -9.185093382895243e-03
15 21 -5.737776408124613e-04 -9.533599680728547e-03
16 21 -3.249690543575925e-04 -9.683934900644479e-03
17 21 -2.915850104262855e-04 -9.914803565884530e-03
18 21 -1.095016341962279e-04 -9.937461881479261e-03
19 21 2.074107671487093e-16 -1.004328658477466e-02
20 21 1.095016341959447e-04 -9.937461881479282e-03
21 21 2.915850104266522e-04 -9.914803565884514e-03
22 21 3.249690543573773e-04 -9.683934900644519e-03
23 21 5.737776408127001e-04 -9.533599680728531e-03
24 21 5.301100861222238e-04 -9.185093382895273e-03
25 21 8.379274917771186e-04 -8.912053496499340e-03
26 21 7.189217197981466e-04 -8.456704301467353e-03
27 21 1.076721374885459e-03 -8.069680096577663e-03
28 21 8.865432654609810e-04 -7.520904784796457e-03
29 21 1.284527288386121e-03 -7.031693749986825e-03
30 21 1.029406252197670e-03 -6.404715944905311e-03
31 21 1.457450791740113e-03 -5.827397175335273e-03
32 21 1.145178888644247e-03 -5.138511278109396e-03
33 21 1.593137333077001e-03 -4.488661135369858e-03
34 21 1.232550463247047e-03 -3.754665043471910e-03
35 21 1.690405101413250e-03 -3.048695135204893e-03
36 21 1.290928690895925e-03 -2.286529848017507e-03
37 21 1.748815520650625e-03 -1.541213565878439e-03
38 21 1.320129630777177e-03 -7.677971150862067e-04
39 21 1.768284493084989e-03 -1.830475442604298e-16
0 22 -2.640262284072695e-03 -1.569315479590652e-03
1 22 -3.049477665890443e-03 -2.370846336279681e-03
2 22 -2.552629767261780e-03 -3.104914030216156e-03
3 22 -2.913074636936484e-03 -3.895173559590711e-03
4 22 -2.406565432692991e-03 -4.572888773378977e-03
5 22 -2.708510790504028e-03 -5.334710677678599e-03
6 22 -2.202551183744627e-03 -5.939149766333246e-03
7 22 -2.436758570668611e-03 -6.655047226775183e-03
8 22 -1.942164175323405e-03 -7.169794417108661e-03
9 22 -2.100474197776435e-03 -7.822096452806565e-03
10 22 -1.628767445458770e-03 -8.231945552770469e-03
11 22 -1.704808830177845e-03 -8.803205720548841e-03
12 22 -1.268109521745312e-03 -9.095066188238604e-03
13 22 -1.258009017938621e-03 -9.568759830720180e-03
14 22 -8.686602208356867e-04 -9.732641540221776e-03
15 22 -7.716078967976599e-04 -1.009409651954103e-02
16 22 -4.415423850186489e-04 -1.012400023443602e-02
17 22 -2.600761160007206e-04 -1.036143199761772e-02
18 22 -3.070718119035266e-16 -1.025596358133985e-02
19 22 2.600761160013700e-04 -1.036143199761770e-02
20 22 4.415423850180997e-04 -1.012400023443604e-02
21 22 7.716078967981768e-04 -1.009409651954101e-02
22 22 8.686602208353086e-04 -9.732641540221814e-03
23 22 1.258009017938922e-03 -9.568759830720176e-03
24 22 1.268109521745153e-03 -9.095066188238618e-03
25 22 1.704808830177924e-03 -8.803205720548851e-03
26 22 1.628767445458810e-03 -8.231945552770422e-03
27 22 2.100474197776352e-03 -7.822096452806637e-03
28 22 1.942164175323574e-03 -7.169794417108527e-03
29 22 2.436758570668455e-03 -6.655047226775339e-03
30 22 2.202551183744841e-03 -5.939149766333016e-03
31 22 2.708510790503880e-03 -5.334710677678854e-03
32 22 2.406565432693178e-03 -4.572888773378672e-03
33 22 2.913074636936383e-03 -3.895173559591052e-03
34 22 2.552629767261913e-03 -3.104914030215781e-03
35 22 3.049477665890395e-03 -2.370846336280095e-03
36 22 2.640262284072759e-03 -1.569315479590234e-03
37 22 3.117617078747028e-03 -7.958903035117637e-04
38 22 2.669457178893750e-03 2.163784350713472e-16
39 22 3.117617078747041e-03 7.958903035113098e-04
0 23 -3.960448814754739e-03 -2.438305178573631e-03
1 23 -4.340481094636647e-03 -3.284933231075240e-03
2 23 -3.785022917904984e-03 -4.007779858281762e-03
3 23 -4.096435836124828e-03 -4.843194841960877e-03
4 23 -3.521459375398135e-03 -5.492312663890284e-03
5 23 -3.754207574508647e-03 -6.298790127063312e-03
6 23 -3.170532978217342e-03 -6.856675520637148e-03
7 23 -3.315380781077508e-03 -7.615595177804487e-03
8 23 -2.735183926847415e-03 -8.065374933240440e-03
9 23 -2.784648341459298e-03 -8.757356745169606e-03
10 23 -2.221682063572748e-03 -9.083828691786099e-03
11 23 -2.171072557216239e-03 -9.689287701521452e-03
12 23 -1.640515594676803e-03 -9.880183660293595e-03
13 23 -1.488859690847893e-03 -1.038031586547818e-02
14 23 -1.006714683112852e-03 -1.042757087481232e-02
15 23 -7.573399047834510e-04 -1.080566817679011e-02
16 23 -3.394087176212530e-04 -1.070642862809535e-02
17 23 3.266925600731495e-16 -1.094930514107132e-02
18 23 3.394087176205762e-04 -1.070642862809536e-02
19 23 7.573399047840361e-04 -1.080566817679008e-02
20 23 1.006714683112308e-03 -1.042757087481236e-02
21 23 1.488859690848307e-03 -1.038031586547814e-02
22 23 1.640515594676470e-03 -9.880183660293650e-03
23 23 2.171072557216453e-03 -9.689287701521403e-03
24 23 2.221682063572615e-03 -9.083828691786117e-03
25 23 2.784648341459365e-03 -8.757356745169576e-03
26 23 2.735183926847414e-03 -8.065374933240417e-03
27 23 3.315380781077521e-03 -7.615595177804512e-03
28 23 3.170532978217369e-03 -6.856675520637044e-03
29 23 3.754207574508687e-03 -6.298790127063416e-03
30 23 3.521459375398127e-03 -5.492312663890093e-03
31 23 4.096435836124930e-03 -4.843194841961070e-03
32 23 3.785022917904929e-03 -4.007779858281481e-03
33 23 4.340481094636773e-03 -3.284933231075521e-03
34 23 3.960448814754674e-03 -2.438305178573272e-03
35 23 4.486472562941031e-03 -1.659172222429163e-03
36 23 4.047979621827670e-03 -8.183467056588100e-04
37 23 4.535035151154552e-03 -1.849802026533380e-16
38 23 4.047979621827699e-03 8.183467056592100e-04
39 23 4.486472562940946e-03 1.659172222428817e-03
0 24 -5.280978726197222e-03 -3.408668716247815e-03
1 24 -5.622217290517892e-03 -4.317743086018431e-03
2 24 -4.988055391155441e-03 -5.029589787390992e-03
3 24 -5.240123629679801e-03 -5.927818370333147e-03
4 24 -4.576028348699125e-03 -6.547792277316918e-03
5 24 -4.728035839007765e-03 -7.416374467817038e-03
6 24 -4.045810859283060e-03 -7.925629065938328e-03
7 24 -4.088160163030819e-03 -8.743906047198390e-03
8 24 -3.402146039212057e-03 -9.124376351206200e-03
9 24 -3.327993519446799e-03 -9.870049371120789e-03
10 24 -2.655369853477578e-03 -1.010602546495304e-02
11 24 -2.462115943424190e-03 -1.075603867607373e-02
12 24 -1.822557225310691e-03 -1.083596920174176e-02
13 24 -1.513012824925896e-03 -1.136804428822013e-02
14 24 -9.276039552251367e-04 -1.128620198406756e-02
15 24 -5.104829001423156e-04 -1.168081524880537e-02
16 24 -2.565995233678504e-16 -1.143840646580234e-02
17 24 5.104829001426907e-04 -1.168081524880535e-02
18 24 9.276039552246796e-04 -1.128620198406760e-02
19 24 1.513012824926186e-03 -1.136804428822008e-02
20 24 1.822557225310368e-03 -1.083596920174182e-02
21 24 2.462115943424356e-03 -1.075603867607366e-02
22 24 2.655369853477401e-03 -1.010602546495312e-02
23 24 3.327993519446886e-03 -9.870049371120694e-03
24 24 3.402146039211968e-03 -9.124376351206276e-03
25 24 4.088160163030896e-03 -8.743906047198284e-03
26 24 4.045810859282961e-03 -7.925629065938383e-03
27 24 4.728035839007920e-03 -7.416374467816953e-03
28 24 4.576028348698954e-03 -6.547792277316911e-03
29 24 5.240123629680057e-03 -5.927818370333113e-03
30 24 4.988055391155193e-03 -5.029589787390917e-03
31 24 5.622217290518195e-03 -4.317743086018466e-03
32 24 5.280978726196974e-03 -3.408668716247672e-03
33 24 5.875208575415056e-03 -2.623469340179638e-03
34 24 5.455819571248530e-03 -1.720806281454608e-03
35 24 6.001015811779642e-03 -8.798941235375455e-04
36 24 5.513910260160352e-03 1.086741920734766e-16
37 24 6.001015811779554e-03 8.798941235374108e-04
38 24 5.455819571248682e-03 1.720806281454807e-03
39 24 5.875208575414813e-03 2.623469340179542e-03
0 25 -6.602857244984963e-03 -4.514803551554885e-03
1 25 -6.895946866861560e-03 -5.504586656694949e-03
2 25 -6.161985733771781e-03 -6.206181657050129e-03
3 25 -6.343898371077544e-03 -7.186221042441160e-03
4 25 -5.568325754388771e-03 -7.776364968986938e-03
5 25 -5.626444514673942e-03 -8.725916042054051e-03
6 25 -4.822648108312322e-03 -9.183190344233174e-03
7 25 -4.746457982482819e-03 -1.007814447920910e-02
8 25 -3.932181423744198e-03 -1.038220960706718e-02
9 25 -3.715506129051940e-03 -1.119556257754457e-02
10 25 -2.913136774354072e-03 -1.132958527761003e-02
11 25 -2.556250939072415e-03 -1.203297225255844e-02
12 25 -1.792002491024543e-03 -1.198624794872042e-02
13 25 -1.303027571299844e-03 -1.255245550963012e-02
14 25 -6.049406142942182e-04 -1.232258878525271e-02
15 25 -8.118812137732867e-18 -1.272860312833842e-02
16 25 6.049406142940771e-04 -1.232258878525274e-02
17 25 1.303027571299811e-03 -1.255245550963010e-02
18 25 1.792002491024452e-03 -1.198624794872047e-02
19 25 2.556250939072348e-03 -1.203297225255838e-02
20 25 2.913136774354036e-03 -1.132958527761010e-02
21 25 3.715506129051865e-03 -1.119556257754448e-02
22 25 3.932181423744180e-03 -1.038220960706730e-02
23 25 4.746457982482809e-03 -1.007814447920896e-02
24 25 4.822648108312238e-03 -9.183190344233321e-03
25 25 5.626444514674059e-03 -8.725916042053868e-03
26 25 5.568325754388567e-03 -7.776364968987090e-03
27 25 6.343898371077811e-03 -7.186221042440956e-03
28 25 6.161985733771459e-03 -6.206181657050276e-03
29 25 6.895946866861923e-03 -5.504586656694757e-03
30 25 6.602857244984592e-03 -4.514803551555002e-03
31 25 7.285107740400091e-03 -3.722456075885538e-03
32 25 6.893668417129969e-03 -2.740727640249802e-03
33 25 7.515956952202203e-03 -1.876617302155076e-03
34 25 7.037931587409215e-03 -9.187894480098503e-04
35 25 7.592405817190057e-03 6.695071273254868e-17
36 25 7.037931587409321e-03 9.187894480097961e-04
37 25 7.515956952201980e-03 1.876617302155220e-03
38 25 6.893668417130266e-03 2.740727640249726e-03
39 25 7.285107740399741e-03 3.722456075885709e-03
0 26 -7.928714122680827e-03 -5.792347878525971e-03
1 26 -8.164776492940378e-03 -6.883015603709848e-03
2 26 -7.307933540729699e-03 -7.576191478517214e-03
3 26 -7.408062883315564e-03 -8.659615114015033e-03
4 26 -6.495547935539672e-03 -9.219204990849814e-03
5 26 -6.444051849112014e-03 -1.027123510163605e-02
6 26 -5.491876637673282e-03 -1.067135708134995e-02
7 26 -5.276591719562421e-03 -1.166219773571673e-02
8 26 -4.307911129428395e-03 -1.187872312306820e-02
9 26 -3.923626670330700e-03 -1.277397295061100e-02
10 26 -2.968798523154533e-03 -1.278833632012531e-02
11 26 -2.420216495410849e-03 -1.355175951328226e-02
12 26 -1.514977853825096e-03 -1.335480612352998e-02
13 26 -8.182022682635166e-04 -1.395253862657063e-02
14 26 1.220297967339630e-16 -1.354728140414638e-02
15 26 8.182022682631297e-04 -1.395253862657063e-02
16 26 1.514977853825339e-03 -1.335480612352998e-02
17 26 2.420216495410479e-03 -1.355175951328226e-02
18 26 2.968798523154764e-03 -1.278833632012534e-02
19 26 3.923626670330384e-03 -1.277397295061096e-02
20 26 4.307911129428579e-03 -1.187872312306828e-02
21 26 5.276591719562205e-03 -1.166219773571665e-02
22 26 5.491876637673353e-03 -1.067135708135008e-02
23 26 6.444051849111955e-03 -1.027123510163589e-02
24 26 6.495547935539587e-03 -9.219204990850011e-03
25 26 7.408062883315681e-03 -8.659615114014809e-03
26 26 7.307933540729456e-03 -7.576191478517460e-03
27 26 8.164776492940640e-03 -6.883015603709566e-03
28 26 7.928714122680503e-03 -5.792347878526249e-03
29 26 8.719557676546285e-03 -4.990265761772718e-03
30 26 8.363741078967634e-03 -3.911305629887599e-03
31 26 9.081759080849728e-03 -3.022054308511568e-03
32 26 8.620682293976428e-03 -1.969992214365391e-03
33 26 9.260244687592843e-03 -1.011829964826621e-03
34 26 8.705577394539796e-03 -1.462913400366301e-16
35 26 9.260244687592756e-03 1.011829964826962e-03
36 26 8.620682293976629e-03 1.969992214365097e-03
37 26 9.081759080849489e-03 3.022054308511901e-03
38 26 8.363741078967956e-03 3.911305629887302e-03
39 26 8.719557676545975e-03 4.990265761773034e-03
0 27 -9.264299726176229e-03 -7.279609742830305e-03
1 27 -9.435184737345430e-03 -8.494941724784998e-03
2 27 -8.428727971836244e-03 -9.183439632824102e-03
3 27 -8.434021334767167e-03 -1.039636116942772e-02
4 27 -7.353775600299881e-03 -1.092468643917135e-02
5 27 -7.172732659864289e-03 -1.210517606938400e-02
6 27 -6.039195628703376e-03 -1.244012798371676e-02
7 27 -5.657175026530677e-03 -1.354909523592114e-02
8 27 -4.502277788947356e-03 -1.366072246855000e-02
9 27 -3.916019712368804e-03 -1.465225038865044e-02
10 27 -2.782485101354515e-03 -1.451993297928943e-02
11 27 -2.004171811127685e-03 -1.534636735168547e-02
12 27 -9.416403931202218e-04 -1.496444930364506e-02
13 27 -2.877800969848060e-16 -1.558350762991507e-02
14 27 9.416403931207175e-04 -1.496444930364504e-02
15 27 2.004171811127130e-03 -1.534636735168551e-02
16 27 2.782485101354975e-03 -1.451993297928939e-02
17 27 3.916019712368317e-03 -1.465225038865050e-02
18 27 4.502277788947742e-03 -1.366072246855000e-02
19 27 5.657175026530298e-03 -1.354909523592119e-02
20 27 6.039195628703630e-03 -1.244012798371678e-02
21 27 7.172732659864050e-03 -1.210517606938398e-02
22 27 7.353775600299989e-03 -1.092468643917145e-02
23 27 8.434021334767077e-03 -1.039636116942762e-02
24 27 8.428727971836188e-03 -9.183439632824286e-03
25 27 9.435184737345469e-03 -8.494941724784809e-03
26 27 9.264299726176059e-03 -7.279609742830577e-03
27 27 1.018600842249202e-02 -6.462463322514369e-03
28 27 9.871467411431028e-03 -5.265995211288030e-03
29 27 1.070374745569839e-02 -4.347018603302672e-03
30 27 1.026505698358781e-02 -3.183967283332072e-03
31 27 1.100593997265569e-02 -2.184138143121731e-03
32 27 1.045811830224211e-02 -1.065163284722566e-03
33 27 1.110516161508715e-02 1.988331967272100e-16
34 27 1.045811830224218e-02 1.065163284722162e-03
35 27 1.100593997265559e-02 2.184138143122117e-03
36 27 1.026505698358800e-02 3.183967283331692e-03
37 27 1.070374745569824e-02 4.347018603303016e-03
38 27 9.871467411431249e-03 5.265995211287703e-03
39 27 1.018600842249189e-02 6.462463322514642e-03
0 28 -1.062075811748458e-02 -9.020107387041650e-03
1 28 -1.071924788810521e-02 -1.039022986411290e-02
2 28 -9.530052910810903e-03 -1.108083775851971e-02
3 28 -9.424847990887516e-03 -1.245696914263460e-02
4 28 -8.137252517248384e-03 -1.295315118776601e-02
5 28 -7.799708038334589e-03 -1.429519803098696e-02
6 28 -6.442080098622741e-03 -1.455212760241350e-02
7 28 -5.854371358718496e-03 -1.580577624019429e-02
8 28 -4.473196252429921e-03 -1.578508680268915e-02
9 28 -3.636556912101296e-03 -1.688653104020355e-02
10 28 -2.294019796652525e-03 -1.656619685719527e-02
11 28 -1.234035478614639e-03 -1.745161691148690e-02
12 28 2.575027982845585e-16 -1.683402915407206e-02
13 28 1.234035478614141e-03 -1.745161691148694e-02
14 28 2.294019796653019e-03 -1.656619685719520e-02
15 28 3.636556912100839e-03 -1.688653104020364e-02
16 28 4.473196252430352e-03 -1.578508680268904e-02
17 28 5.854371358718104e-03 -1.580577624019443e-02
18 28 6.442080098623085e-03 -1.455212760241340e-02
19 28 7.799708038334291e-03 -1.429519803098711e-02
20 28 8.137252517248608e-03 -1.295315118776595e-02
21 28 9.424847990887291e-03 -1.245696914263468e-02
22 28 9.530052910811023e-03 -1.108083775851972e-02
23 28 1.071924788810507e-02 -1.039022986411290e-02
24 28 1.062075811748460e-02 -9.020107387041754e-03
25 28 1.169899140246097e-02 -8.177965274940959e-03
26 28 1.142819719288697e-02 -6.839576868779247e-03
27 28 1.239379276992367e-02 -5.881572966583743e-03
28 28 1.197879536424542e-02 -4.589163864370680e-03
29 28 1.283542681170462e-02 -3.541617117314038e-03
30 28 1.229753745066425e-02 -2.302183495349165e-03
31 28 1.304930018501646e-02 -1.182308864762924e-03
32 28 1.240173738845718e-02 -1.752264703540974e-16
33 28 1.304930018501647e-02 1.182308864763203e-03
34 28 1.229753745066428e-02 2.302183495348832e-03
35 28 1.283542681170464e-02 3.541617117314279e-03
36 28 1.197879536424546e-02 4.589163864370398e-03
37 28 1.239379276992370e-02 5.881572966583922e-03
38 28 1.142819719288699e-02 6.839576868779040e-03
39 28 1.169899140246104e-02 8.177965274941044e-03
0 29 -1.201796125913969e-02 -1.106689242671756e-02
1 29 -1.203780180852408e-02 -1.263267424946247e-02
2 29 -1.062184199888628e-02 -1.333674947760863e-02
3 29 -1.038557621575586e-02 -1.492217547244047e-02
4 29 -8.836568866180379e-03 -1.538437786517909e-02
5 29 -8.303544978251363e-03 -1.693199602535806e-02
6 29 -6.663989538216984e-03 -1.708929930659621e-02
7 29 -5.813223484708955e-03 -1.851958672005429e-02
8 29 -4.154325190778861e-03 -1.832224160208902e-02
9 29 -2.997519627060229e-03 -1.954358862913437e-02
10 29 -1.412471842227297e-03 -1.897144130136449e-02
11 29 -1.054105774241967e-16 -1.989808990647051e-02
12 29 1.412471842227582e-03 -1.897144130136446e-02
13 29 2.997519627060026e-03 -1.954358862913448e-02
14 29 4.154325190779127e-03 -1.832224160208890e-02
15 29 5.813223484708778e-03 -1.851958672005448e-02
16 29 6.663989538217211e-03 -1.708929930659603e-02
17 29 8.303544978251207e-03 -1.693199602535829e-02
18 29 8.836568866180557e-03 -1.538437786517889e-02
19 29 1.038557621575572e-02 -1.492217547244068e-02
20 29 1.062184199888643e-02 -1.333674947760845e-02
21 29 1.203780180852392e-02 -1.263267424946266e-02
22 29 1.201796125913982e-02 -1.106689242671746e-02
23 29 1.328464005466016e-02 -1.018246762343067e-02
24 29 1.305530964406067e-02 -8.670287892592530e-03
25 29 1.417507454223464e-02 -7.656116148225905e-03
26 29 1.377855289389402e-02 -6.212297114564477e-03
27 29 1.476350798491928e-02 -5.104257333203712e-03
28 29 1.423196025299946e-02 -3.730963212909368e-03
29 29 1.509627250202741e-02 -2.550406792905197e-03
30 29 1.444955641246622e-02 -1.243843326754120e-03
31 29 1.520370002360967e-02 2.509888629254251e-17
32 29 1.444955641246618e-02 1.243843326753975e-03
33 29 1.509627250202748e-02 2.550406792905234e-03
34 29 1.423196025299937e-02 3.730963212909257e-03
35 29 1.476350798491942e-02 5.104257333203704e-03
36 29 1.377855289389389e-02 6.212297114564428e-03
37 29 1.417507454223482e-02 7.656116148225841e-03
38 29 1.305530964406054e-02 8.670287892592559e-03
39 29 1.328464005466034e-02 1.018246762343054e-02
0 30 -1.348941841013523e-02 -1.348977443742877e-02
1 30 -1.342498039606910e-02 -1.530996106535755e-02
2 30 -1.171979802983089e-02 -1.604546319004452e-02
3 30 -1.132257408248596e-02 -1.790625432084599e-02
4 30 -9.434451014281208e-03 -1.832947642665350e-02
5 30 -8.645816689490021e-03 -2.014298536763242e-02
6 30 -6.643315806983700e-03 -2.016248554055440e-02
7 30 -5.441531342604104e-03 -2.180664301779653e-02
8 30 -3.438957908146170e-03 -2.135893980412513e-02
9 30 -1.859770544318513e-03 -2.269906417878774e-02
10 30 -3.797920526652854e-17 -2.177579908932558e-02
11 30 1.859770544318678e-03 -2.269906417878777e-02
12 30 3.438957908146096e-03 -2.135893980412502e-02
13 30 5.441531342604255e-03 -2.180664301779668e-02
14 30 6.643315806983636e-03 -2.016248554055422e-02
15 30 8.645816689490144e-03 -2.014298536763266e-02
16 30 9.434451014281177e-03 -1.832947642665325e-02
17 30 1.132257408248601e-02 -1.790625432084620e-02
18 30 1.171979802983090e-02 -1.604546319004430e-02
19 30 1.342498039606906e-02 -1.530996106535781e-02
20 30 1.348941841013531e-02 -1.348977443742853e-02
21 30 1.498751830569893e-02 -1.253424232880460e-02
22 30 1.479038647347734e-02 -1.080359760711494e-02
23 30 1.608920638093936e-02 -9.703577875039948e-03
24 30 1.569600192747390e-02 -8.079255951337669e-03
25 30 1.682030866048172e-02 -6.886855816163485e-03
26 30 1.628105298167080e-02 -5.364534897395246e-03
27 30 1.726017262313437e-02 -4.108975158032485e-03
28 30 1.660626641506361e-02 -2.673756579024304e-03
29 30 1.746552738378863e-02 -1.365282284124610e-03
30 30 1.671028055515110e-02 5.669148801701216e-17
31 30 1.746552738378869e-02 1.365282284124404e-03
32 30 1.660626641506350e-02 2.673756579024423e-03
33 30 1.726017262313451e-02 4.108975158032276e-03
34 30 1.628105298167064e-02 5.364534897395389e-03
35 30 1.682030866048191e-02 6.886855816163271e-03
36 30 1.569600192747370e-02 8.079255951337832e-03
37 30 1.608920638093956e-02 9.703577875039712e-03
38 30 1.479038647347719e-02 1.080359760711514e-02
39 30 1.498751830569904e-02 1.253424232880437e-02
0 31 -1.508979772075507e-02 -1.638746925077778e-02
1 31 -1.493501483597740e-02 -1.855067849604290e-02
2 31 -1.284671016876307e-02 -1.934493168260543e-02
3 31 -1.224051137938248e-02 -2.157972949822074e-02
4 31 -9.896323675700657e-03 -2.195030097493194e-02
5 31 -8.753514869479145e-03 -2.411370262351399e-02
6 31 -6.271847514747611e-03 -2.392465512893048e-02
7 31 -4.579342840553051e-03 -2.582093058766636e-02
8 31 -2.151787094128153e-03 -2.499701616248904e-02
9 31 2.267290204353123e-16 -2.642606875287100e-02
10 31 2.151787094127744e-03 -2.499701616248899e-02
11 31 4.579342840553494e-03 -2.582093058766644e-02
12 31 6.271847514747233e-03 -2.392465512893035e-02
13 31 8.753514869479537e-03 -2.411370262351411e-02
14 31 9.896323675700333e-03 -2.195030097493177e-02
15 31 1.224051137938278e-02 -2.157972949822090e-02
16 31 1.284671016876283e-02 -1.934493168260522e-02
17 31 1.493501483597759e-02 -1.855067849604311e-02
18 31 1.508979772075496e-02 -1.638746925077754e-02
19 31 1.688139712798908e-02 -1.531374152453530e-02
20 31 1.669672497874976e-02 -1.329847467230849e-02
21 31 1.820708406602027e-02 -1.206303163501014e-02
22 31 1.778690262130227e-02 -1.021690026232244e-02
23 31 1.906061265653008e-02 -8.898753698628342e-03
24 31 1.848380695041660e-02 -7.207917934055025e-03
25 31 1.957327777511644e-02 -5.849454683863199e-03
26 31 1.888972945017199e-02 -4.283018592488499e-03
27 31 1.984214143248124e-02 -2.897594037932912e-03
28 31 1.907501883792937e-02 -1.420179444599770e-03
29 31 1.992535033769987e-02 -1.910806692677312e-16
30 31 1.907501883792930e-02 1.420179444600098e-03
31 31 1.984214143248135e-02 2.897594037932543e-03
32 31 1.888972945017187e-02 4.283018592488808e-03
33 31 1.957327777511657e-02 5.849454683862879e-03
34 31 1.848380695041646e-02 7.207917934055300e-03
35 31 1.906061265653019e-02 8.898753698628092e-03
36 31 1.778690262130214e-02 1.021690026232269e-02
37 31 1.820708406602029e-02 1.206303163500992e-02
38 31 1.669672497874976e-02 1.329847467230873e-02
39 31 1.688139712798899e-02 1.531374152453512e-02
0 32 -1.690726939009992e-02 -1.990866431356556e-02
1 32 -1.665310473385739e-02 -2.255472237235743e-02
2 32 -1.403262118191279e-02 -2.344821593962730e-02
3 32 -1.313304306501782e-02 -2.621003380890191e-02
4 32 -1.014899636751684e-02 -2.649204113121048e-02
5 32 -8.480843899821375e-03 -2.912189346087343e-02
6 32 -5.351704235988596e-03 -2.858714716028817e-02
7 32 -2.940396387072419e-03 -3.075821149217170e-02
8 32 -2.833386514380807e-16 -2.933853962978378e-02
9 32 2.940396387072938e-03 -3.075821149217173e-02
10 32 5.351704235988049e-03 -2.858714716028811e-02
11 32 8.480843899821856e-03 -2.912189346087347e-02
12 32 1.014899636751633e-02 -2.649204113121044e-02
13 32 1.313304306501824e-02 -2.621003380890194e-02
14 32 1.403262118191238e-02 -2.344821593962721e-02
15 32 1.665310473385769e-02 -2.255472237235745e-02
16 32 1.690726939009961e-02 -1.990866431356549e-02
17 32 1.908752129607829e-02 -1.863966219492665e-02
18 32 1.887886534696068e-02 -1.623750720870224e-02
19 32 2.064626386809661e-02 -1.478487342706687e-02
20 32 2.014497929985960e-02 -1.265559926750941e-02
21 32 2.157750605685030e-02 -1.114300095599403e-02
22 32 2.090951609782552e-02 -9.256556141625624e-03
23 32 2.209629299976701e-02 -7.746601225706108e-03
24 32 2.133963862405326e-02 -6.047241759161115e-03
25 32 2.236013827831578e-02 -4.557948166700809e-03
26 32 2.155259289190586e-02 -2.984480940683423e-03
27 32 2.246838219683320e-02 -1.503903934864033e-03
28 32 2.161622487736078e-02 2.085366950988544e-16
29 32 2.246838219683323e-02 1.503903934863630e-03
30 32 2.155259289190579e-02 2.984480940683811e-03
31 32 2.236013827831583e-02 4.557948166700481e-03
32 32 2.133963862405319e-02 6.047241759161421e-03
33 32 2.209629299976704e-02 7.746601225705889e-03
34 32 2.090951609782550e-02 9.256556141625846e-03
35 32 2.157750605685027e-02 1.114300095599392e-02
36 32 2.014497929985963e-02 1.265559926750952e-02
37 32 2.064626386809651e-02 1.478487342706683e-02
38 32 1.887886534696085e-02 1.623750720870230e-02
39 32 1.908752129607805e-02 1.863966219492666e-02
0 33 -1.908560258723094e-02 -2.429060529469844e-02
1 33 -1.871410523993061e-02 -2.765143145950461e-02
2 33 -1.531082490218036e-02 -2.870275224073144e-02
3 33 -1.395617826767234e-02 -3.223872343892419e-02
4 33 -1.003065669458261e-02 -3.233917534274820e-02
5 33 -7.522587969137007e-03 -3.558975881407424e-02
6 33 -3.506937744945712e-03 -3.443145556659927e-02
7 33 1.715694908904323e-16 -3.683240584541930e-02
8 33 3.506937744945236e-03 -3.443145556659923e-02
9 33 7.522587969137338e-03 -3.558975881407429e-02
10 33 1.003065669458215e-02 -3.233917534274821e-02
11 33 1.395617826767263e-02 -3.223872343892410e-02
12 33 1.531082490217998e-02 -2.870275224073148e-02
13 33 1.871410523993084e-02 -2.765143145950449e-02
14 33 1.908560258723061e-02 -2.429060529469853e-02
15 33 2.180843258674309e-02 -2.269679877652754e-02
16 33 2.151001933496468e-02 -1.974325650497006e-02
17 33 2.360091462380084e-02 -1.793715857302444e-02
18 33 2.292440135733243e-02 -1.543157924308551e-02
19 33 2.452316003782305e-02 -1.361264567892666e-02
20 33 2.367346539697100e-02 -1.149257807701979e-02
21 33 2.493162271286044e-02 -9.752100070623918e-03
22 33 2.402830369435289e-02 -7.919099549682543e-03
23 33 2.507460051894934e-02 -6.278349778412410e-03
24 33 2.417388265966377e-02 -4.632377396416543e-03
25 33 2.510613474675293e-02 -3.071785339412539e-03
26 33 2.422106290224803e-02 -1.524068451421064e-03
27 33 2.510814618890729e-02 -1.548854659307898e-16
28 33 2.422106290224802e-02 1.524068451421409e-03
29 33 2.510613474675290e-02 3.071785339412284e-03
30 33 2.417388265966377e-02 4.632377396416791e-03
31 33 2.507460051894931e-02 6.278349778412290e-03
32 33 2.402830369435293e-02 7.919099549682652e-03
33 33 2.493162271286038e-02 9.752100070623977e-03
34 33 2.367346539697107e-02 1.149257807701976e-02
35 33 2.452316003782297e-02 1.361264567892683e-02
36 33 2.292440135733257e-02 1.543157924308539e-02
37 33 2.360091462380070e-02 1.793715857302467e-02
38 33 2.151001933496491e-02 1.974325650496992e-02
39 33 2.180843258674288e-02 2.269679877652774e-02
0 34 -2.186779894903914e-02 -2.993555100879098e-02
1 34 -2.133676211037485e-02 -3.442115167313475e-02
2 34 -1.669927363283313e-02 -3.571092472729701e-02
3 34 -1.454972732178733e-02 -4.043807141703454e-02
4 34 -9.166203284059354e-03 -4.011073123035703e-02
5 34 -5.208381938495782e-03 -4.414924723001720e-02
6 34 -9.930709567375659e-17 -4.178168446984123e-02
7 34 5.208381938495790e-03 -4.414924723001722e-02
8 34 9.166203284059170e-03 -4.011073123035704e-02
9 34 1.454972732178732e-02 -4.043807141703451e-02
10 34 1.669927363283295e-02 -3.571092472729708e-02
11 34 2.133676211037481e-02 -3.442115167313459e-02
12 34 2.186779894903900e-02 -2.993555100879116e-02
13 34 2.539711067593251e-02 -2.778715868717595e-02
14 34 2.488508176517682e-02 -2.400519176049304e-02
15 34 2.739783895082559e-02 -2.161065937218253e-02
16 34 2.637889556296013e-02 -1.858599120928362e-02
17 34 2.814227100321453e-02 -1.627831198853514e-02
18 34 2.696018320227000e-02 -1.387454319104650e-02
19 34 2.824038196212855e-02 -1.178042905831438e-02
20 34 2.707340873019113e-02 -9.818091069161417e-03
21 34 2.807779470165882e-02 -7.951573726375739e-03
22 34 2.699991065743637e-02 -6.267752854693383e-03
23 34 2.787561967434991e-02 -4.590090141644783e-03
24 34 2.690178718797973e-02 -3.051620822854430e-03
25 34 2.774992162314042e-02 -1.500420014853330e-03
26 34 2.686082689432237e-02 9.806177096782331e-17
27 34 2.774992162314039e-02 1.500420014853210e-03
28 34 2.690178718797978e-02 3.051620822854563e-03
29 34 2.787561967434984e-02 4.590090141644786e-03
30 34 2.699991065743644e-02 6.267752854693363e-03
31 34 2.807779470165870e-02 7.951573726375928e-03
32 34 2.707340873019124e-02 9.818091069161221e-03
33 34 2.824038196212848e-02 1.178042905831472e-02
34 34 2.696018320227011e-02 1.387454319104617e-02
35 34 2.814227100321451e-02 1.627831198853553e-02
36 34 2.637889556296024e-02 1.858599120928324e-02
37 34 2.739783895082558e-02 2.161065937218291e-02
38 34 2.488508176517694e-02 2.400519176049276e-02
39 34 2.539711067593253e-02 2.778715868717621e-02
0 35 -2.569251338094683e-02 -3.757905787806009e-02
1 35 -2.488809536651097e-02 -4.398098009759752e-02
2 35 -1.812764458622154e-02 -4.559828066307693e-02
3 35 -1.438635827857486e-02 -5.224856724844484e-02
4 35 -6.632707045811868e-03 -5.080286661256626e-02
5 35 -1.599602839116033e-16 -5.563743282510696e-02
6 35 6.632707045812002e-03 -5.080286661256626e-02
7 35 1.438635827857454e-02 -5.224856724844486e-02
8 35 1.812764458622170e-02 -4.559828066307699e-02
9 35 2.488809536651066e-02 -4.398098009759748e-02
10 35 2.569251338094697e-02 -3.757905787806016e-02
11 35 3.051535579042253e-02 -3.443054493857323e-02
12 35 2.953349742586466e-02 -2.932477415147449e-02
13 35 3.261016937727393e-02 -2.591236590315642e-02
14 35 3.093467673096686e-02 -2.215097239376213e-02
15 35 3.282813543796413e-02 -1.905216230468567e-02
16 35 3.105901098703847e-02 -1.631040416234399e-02
17 35 3.226319500675601e-02 -1.367681694406477e-02
18 35 3.065191717914213e-02 -1.160861538537328e-02
19 35 3.150424831046816e-02 -9.411125941355875e-03
20 35 3.012667225099139e-02 -7.745957357147151e-03
21 35 3.084029503121892e-02 -5.897347367900850e-03
22 35 2.969540942144558e-02 -4.439370932890120e-03
23 35 3.040497142436908e-02 -2.841064622904035e-03
24 35 2.945963059274076e-02 -1.446155301692124e-03
25 35 3.025473608130692e-02 4.888274583840374e-18
26 35 2.945963059274080e-02 1.446155301692135e-03
27 35 3.040497142436904e-02 2.841064622904111e-03
28 35 2.969540942144568e-02 4.439370932890011e-03
29 35 3.084029503121884e-02 5.897347367901085e-03
30 35 3.012667225099147e-02 7.745957357146859e-03
31 35 3.150424831046811e-02 9.411125941356294e-03
32 35 3.065191717914216e-02 1.160861538537284e-02
33 35 3.226319500675601e-02 1.367681694406528e-02
34 35 3.105901098703847e-02 1.631040416234350e-02
35 35 3.282813543796428e-02 1.905216230468615e-02
36 35 3.093467673096682e-02 2.215097239376170e-02
37 35 3.261016937727419e-02 2.591236590315679e-02
38 35 2.953349742586455e-02 2.932477415147422e-02
39 35 3.051535579042280e-02 3.443054493857339e-02
0 36 -3.144006872329438e-02 -4.871754167098728e-02
1 36 -2.998711390665846e-02 -5.877118792405150e-02
2 36 -1.913510145042571e-02 -6.066856185918337e-02
3 36 -1.168483113803264e-02 -7.051448399683762e-02
4 36 1.731497239103810e-16 -6.585507484034765e-02
5 36 1.168483113803216e-02 -7.051448399683762e-02
6 36 1.913510145042606e-02 -6.066856185918331e-02
7 36 2.998711390665796e-02 -5.877118792405159e-02
8 36 3.144006872329481e-02 -4.871754167098723e-02
9 36 3.855325479125350e-02 -4.357635738434863e-02
10 36 3.648679696841671e-02 -3.618727504674663e-02
11 36 4.030674242116465e-02 -3.090525588604745e-02
12 36 3.733411676061908e-02 -2.609059682102209e-02
13 36 3.921583298731784e-02 -2.168841423029227e-02
14 36 3.641745788413345e-02 -1.858887625796553e-02
15 36 3.733950530240647e-02 -1.514640538988684e-02
16 36 3.501093536276977e-02 -1.305342653663117e-02
17 36 3.552462802436033e-02 -1.039246698161740e-02
18 36 3.368129254159678e-02 -8.849269995912550e-03
19 36 3.407919513669922e-02 -6.768121569865836e-03
20 36 3.265809497616094e-02 -5.492643904859450e-03
21 36 3.309994093978117e-02 -3.822108205271046e-03
22 36 3.202636086336150e-02 -2.632095356096364e-03
23 36 3.260931519640230e-02 -1.236422007760651e-03
24 36 3.181376859657258e-02 -2.997905177391915e-17
25 36 3.260931519640229e-02 1.236422007760721e-03
26 36 3.202636086336155e-02 2.632095356096242e-03
27 36 3.309994093978116e-02 3.822108205271230e-03
28 36 3.265809497616094e-02 5.492643904859170e-03
29 36 3.407919513669919e-02 6.768121569866176e-03
30 36 3.368129254159682e-02 8.849269995912117e-03
31 36 3.552462802436045e-02 1.039246698161786e-02
32 36 3.501093536276971e-02 1.305342653663068e-02
33 36 3.733950530240673e-02 1.514640538988726e-02
34 36 3.641745788413326e-02 1.858887625796508e-02
35 36 3.921583298731818e-02 2.168841423029256e-02
36 36 3.733411676061880e-02 2.609059682102181e-02
37 36 4.030674242116508e-02 3.090525588604759e-02
38 36 3.648679696841636e-02 3.618727504674660e-02
39 36 3.855325479125395e-02 4.357635738434856e-02
0 37 -4.120272014904604e-02 -6.694381131883236e-02
1 37 -3.742034578098929e-02 -8.525012863932538e-02
2 37 -1.740746819819347e-02 -8.609379604926998e-02
3 37 -2.073038266818063e-16 -1.006651033472322e-01
4 37 1.740746819819380e-02 -8.609379604926977e-02
5 37 3.742034578098883e-02 -8.525012863932545e-02
6 37 4.120272014904638e-02 -6.694381131883220e-02
7 37 5.298979808459330e-02 -5.705661017776301e-02
8 37 4.799563580470539e-02 -4.532826326004137e-02
9 37 5.263242317815234e-02 -3.631356528207909e-02
10 37 4.692494971504609e-02 -3.008341649890796e-02
11 37 4.831341840255646e-02 -2.351028757783570e-02
12 37 4.370732183927568e-02 -2.020826657727458e-02
13 37 4.389702698253860e-02 -1.560400832013714e-02
14 37 4.045868562413937e-02 -1.371959105676328e-02
15 37 4.030821337551016e-02 -1.046456355852463e-02
16 37 3.779724796057806e-02 -9.243802361432390e-03
17 37 3.765341101433176e-02 -6.887768486006980e-03
18 37 3.584288751994990e-02 -5.951174430032243e-03
19 37 3.585264750004571e-02 -4.197912437049746e-03
20 37 3.457594725962847e-02 -3.337995357089545e-03
21 37 3.481322134994936e-02 -1.991781226156848e-03
22 37 3.395531433361080e-02 -1.076406640063273e-03
23 37 3.447370618659581e-02 -6.906969451706666e-18
24 37 3.395531433361086e-02 1.076406640063230e-03
25 37 3.481322134994936e-02 1.991781226156883e-03
26 37 3.457594725962849e-02 3.337995357089406e-03
27 37 3.585264750004573e-02 4.197912437049892e-03
28 37 3.584288751994989e-02 5.951174430031980e-03
29 37 3.765341101433187e-02 6.887768486007233e-03
30 37 3.779724796057796e-02 9.243802361432036e-03
31 37 4.030821337551035e-02 1.046456355852490e-02
32 37 4.045868562413920e-02 1.371959105676299e-02
33 37 4.389702698253886e-02 1.560400832013732e-02
34 37 4.370732183927537e-02 2.020826657727443e-02
35 37 4.831341840255684e-02 2.351028757783569e-02
36 37 4.692494971504577e-02 3.008341649890800e-02
37 37 5.263242317815285e-02 3.631356528207890e-02
38 37 4.799563580470496e-02 4.532826326004156e-02
39 37 5.298979808459369e-02 5.705661017776276e-02
0 38 -6.151445578786739e-02 -1.035424098828048e-01
1 38 -4.461880588062667e-02 -1.462306974055354e-01
2 38 5.601390780819093e-17 -1.334591223451787e-01
3 38 4.461880588062660e-02 -1.462306974055358e-01
4 38 6.151445578786754e-02 -1.035424098828045e-01
5 38 8.524152567600465e-02 -7.826268898454153e-02
6 38 6.972359092977881e-02 -5.731229519072211e-02
7 38 7.410412517449085e-02 -4.016573285225079e-02
8 38 6.219568834263987e-02 -3.272523983406576e-02
9 38 6.152720019485498e-02 -2.266714781422942e-02
10 38 5.383013857461574e-02 -1.996085745429427e-02
11 38 5.230128465130664e-02 -1.388333393422147e-02
12 38 4.727858247709845e-02 -1.280626137468345e-02
13 38 4.590390717614028e-02 -8.931045230044565e-03
14 38 4.254056822098717e-02 -8.416913232579641e-03
15 38 4.153080175328809e-02 -5.825686943441955e-03
16 38 3.924911849403109e-02 -5.472438916672013e-03
17 38 3.862498029608470e-02 -3.677859425544806e-03
18 38 3.709562388770743e-02 -3.310896044240312e-03
19 38 3.684513626343097e-02 -2.039835709474451e-03
20 38 3.587740197698068e-02 -1.564755767262475e-03
21 38 3.599858201343914e-02 -6.544089974030822e-04
22 38 3.548309297150860e-02 4.545160383418175e-17
23 38 3.599858201343909e-02 6.544089974029470e-04
24 38 3.587740197698071e-02 1.564755767262528e-03
25 38 3.684513626343095e-02 2.039835709474374e-03
26 38 3.709562388770744e-02 3.310896044240281e-03
27 38 3.862498029608467e-02 3.677859425544804e-03
28 38 3.924911849403104e-02 5.472438916671917e-03
29 38 4.153080175328811e-02 5.825686943441987e-03
30 38 4.254056822098710e-02 8.416913232579553e-03
31 38 4.590390717614040e-02 8.931045230044522e-03
32 38 4.727858247709828e-02 1.280626137468347e-02
33 38 5.230128465130685e-02 1.388333393422129e-02
34 38 5.383013857461550e-02 1.996085745429446e-02
35 38 6.152720019485521e-02 2.266714781422911e-02
36 38 6.219568834263965e-02 3.272523983406605e-02
37 38 7.410412517449103e-02 4.016573285225045e-02
38 38 6.972359092977873e-02 5.731229519072239e-02
39 38 8.524152567600482e-02 7.826268898454121e-02
0 39 -1.225483078521205e-01 -2.107411611034682e-01
1 39 9.301329897212578e-17 -3.584905929869939e-01
2 39 1.225483078521204e-01 -2.107411611034680e-01
3 39 1.896697697073754e-01 -1.084849730696009e-01
4 39 1.182046475980425e-01 -6.670427328937013e-02
5 39 1.126463094279359e-01 -3.238799176278155e-02
6 39 8.722839789636544e-02 -2.862977355922624e-02
7 39 7.958749448541259e-02 -1.430639309211048e-02
8 39 6.747141713533342e-02 -1.503683304120123e-02
9 39 6.222445527721483e-02 -7.823574146874171e-03
10 39 5.540287193830133e-02 -8.905127399623841e-03
11 39 5.194169987454597e-02 -4.763940516190024e-03
12 39 4.773190866528217e-02 -5.626812527545814e-03
13 39 4.544441641965402e-02 -3.044738107728494e-03
14 39 4.272786610479049e-02 -3.632573158363914e-03
15 39 4.124988223799656e-02 -1.948146852792953e-03
16 39 3.949051727016156e-02 -2.279274273380433e-03
17 39 3.861800300740233e-02 -1.167806124500338e-03
18 39 3.753787080548959e-02 -1.259737521010452e-03
19 39 3.716338341366427e-02 -5.492460461918262e-04
20 39 3.661656260394310e-02 -4.034990411816092e-04
21 39 3.669746285356884e-02 -1.236086414313889e-16
22 39 3.661656260394313e-02 4.034990411818167e-04
23 39 3.716338341366422e-02 5.492460461915974e-04
24 39 3.753787080548969e-02 1.259737521010620e-03
25 39 3.861800300740230e-02 1.167806124500147e-03
26 39 3.949051727016159e-02 2.279274273380561e-03
27 39 4.124988223799652e-02 1.948146852792782e-03
28 39 4.272786610479045e-02 3.632573158364038e-03
29 39 4.544441641965404e-02 3.044738107728295e-03
30 39 4.773190866528214e-02 5.626812527546004e-03
31 39 5.194169987454596e-02 4.763940516189739e-03
32 39 5.540287193830132e-02 8.905127399624124e-03
33 39 6.222445527721484e-02 7.823574146873791e-03
34 39 6.747141713533340e-02 1.503683304120163e-02
35 39 7.958749448541261e-02 1.430639309211004e-02
36 39 8.722839789636552e-02 2.862977355922668e-02
37 39 1.126463094279360e-01 3.238799176278113e-02
38 39 1.182046475980427e-01 6.670427328937051e-02
39 39 1.896697697073753e-01 1.084849730696006e-01
