0 0 7.499999999999997e-01 2.679267830318220e-17
1 0 1.089970793600415e-01 -4.638795071095178e-18
2 0 -1.140304754434103e-15 5.543574323579702e-02
3 0 1.298371902146948e-02 -7.522595447330428e-18
4 0 6.158210184308003e-16 1.045882120302536e-02
5 0 2.130562148039930e-03 -8.947383898655413e-18
6 0 -7.803935018356298e-16 3.078337424844064e-03
7 0 5.204206082504249e-04 -4.432300884331395e-18
8 0 -7.161797805517419e-15 1.275547555234482e-03
9 0 1.786869539622263e-04 5.974714666556372e-18
10 0 -7.390962536405651e-15 6.565577893821060e-04
11 0 7.672265679931754e-05 1.685996836414386e-17
12 0 -3.134671592597572e-15 3.907827100273779e-04
13 0 3.748993577938620e-05 2.727489495608784e-17
14 0 3.857209470586659e-15 2.609137629412465e-04
15 0 1.932271740819495e-05 3.532764467878696e-17
16 0 9.257006052522231e-15 1.939779063805833e-04
17 0 9.406991452738589e-06 3.665576465771171e-17
18 0 -2.308261411834524e-15 1.613911321081413e-04
19 0 2.830803638540110e-06 3.027050565099009e-17
20 0 -2.664341265173948e-17 1.515849406446340e-04
21 0 -2.830803638469615e-06 1.767947709862629e-17
22 0 2.256688969275817e-15 1.613911321081576e-04
23 0 -9.406991452676952e-06 9.244765394118312e-21
24 0 -9.308260088707823e-15 1.939779063806101e-04
25 0 -1.932271740814310e-05 -1.908505636522021e-17
26 0 -3.900066305761606e-15 2.609137629412774e-04
27 0 -3.748993577934725e-05 -3.614892198512371e-17
28 0 3.099750804787140e-15 3.907827100274056e-04
29 0 -7.672265679929465e-05 -4.731636296387760e-17
30 0 7.359630061464871e-15 6.565577893821206e-04
31 0 -1.786869539622177e-04 -5.016461207346643e-17
32 0 7.133626308926159e-15 1.275547555234477e-03
33 0 -5.204206082504359e-04 -4.716265278182781e-17
34 0 7.521880560212834e-16 3.078337424844032e-03
35 0 -2.130562148039956e-03 -4.141920471814943e-17
36 0 -6.475943188214773e-16 1.045882120302531e-02
37 0 -1.298371902146954e-02 -3.662042130945476e-17
38 0 1.115019086308400e-15 5.543574323579691e-02
39 0 -1.089970793600418e-01 -4.105814888061532e-18
0 1 -4.072267433557874e-16 -5.543213656368121e-02
1 1 1.298163895848183e-02 -1.047833527445807e-17
2 1 1.003887856786996e-15 3.604723449423036e-06
3 1 5.727909748139958e-03 -1.029501595135619e-17
4 1 -1.612870239560325e-15 2.115818555310223e-03
5 1 2.073572102556612e-03 -3.884651134240019e-18
6 1 -2.594582258672453e-17 1.252009340083712e-03
7 1 8.213848779837048e-04 7.414265530239639e-18
8 1 -2.131154932272166e-15 7.071857185057712e-04
9 1 3.683413966505069e-04 2.024335004926911e-17
10 1 -5.393109274194506e-15 4.293225170172738e-04
11 1 1.827082816547625e-04 2.990013052119672e-17
12 1 3.399647081516967e-15 2.842898368980805e-04
13 1 9.614570193790065e-05 3.658237572593445e-17
14 1 9.152041740901251e-15 2.060711437230380e-04
15 1 5.018454485633173e-05 3.628339568527621e-17
16 1 1.458103048332658e-15 1.647101279004641e-04
17 1 2.173184860223718e-05 2.833731143669501e-17
18 1 -2.295473022111360e-15 1.466818449107141e-04
19 1 2.950147181806101e-17 1.338820745646111e-17
20 1 2.244029169238005e-15 1.466818449107273e-04
21 1 -2.173184860218186e-05 -4.986171275258973e-18
22 1 -1.509426315091543e-15 1.647101279004989e-04
23 1 -5.018454485628443e-05 -2.464184848590402e-17
24 1 -9.196601657753014e-15 2.060711437230875e-04
25 1 -9.614570193786234e-05 -4.163455596461187e-17
26 1 -3.437793781808463e-15 2.842898368981332e-04
27 1 -1.827082816547336e-04 -5.254770633162538e-17
28 1 5.361647965989726e-15 4.293225170173166e-04
29 1 -3.683413966504939e-04 -5.557911790129769e-17
30 1 2.099656040308588e-15 7.071857185057929e-04
31 1 -8.213848779837063e-04 -5.007010740506077e-17
32 1 -6.765725849817657e-18 1.252009340083710e-03
33 1 -2.073572102556628e-03 -3.891759761156913e-17
34 1 1.577135059595232e-15 2.115818555310193e-03
35 1 -5.727909748139984e-03 -2.400790736903832e-17
36 1 -1.039234514044259e-15 3.604723449375258e-06
37 1 -1.298163895848193e-02 -5.604091928298601e-18
38 1 2.593328586081597e-16 -5.543213656368128e-02
39 1 4.499164373956421e-02 1.095926911493974e-17
0 2 -2.663131973721731e-15 -1.045160201279295e-02
1 2 2.126418898019022e-03 -1.001007936793080e-17
2 2 6.519160627248534e-16 -2.105016076971724e-03
3 2 2.071547360261159e-03 -3.311613164073739e-18
4 2 -1.743672255734373e-15 7.154717436020621e-06
5 2 1.169607872663452e-03 5.410490792119177e-18
6 2 -1.040770394328121e-15 3.280120691822725e-04
7 2 6.176803337900485e-04 1.784910622403809e-17
8 2 -3.793437276596701e-15 3.016650401278412e-04
9 2 3.328652757149962e-04 3.046732444246461e-17
10 2 1.224382866311813e-16 2.354540071583205e-04
11 2 1.846847230303997e-04 3.637451929998705e-17
12 2 9.363047465030366e-16 1.831948805320933e-04
13 2 1.024840088814120e-04 3.611264800375795e-17
14 2 3.237899066993572e-15 1.493403476709208e-04
15 2 5.201600085476667e-05 2.852484354391153e-17
16 2 5.248841273285957e-15 1.307983926051857e-04
17 2 1.595275081046217e-05 1.328275742886538e-17
18 2 -1.985328631513313e-17 1.249246313015100e-04
19 2 -1.595275081042811e-05 -5.651873528873762e-18
20 2 -5.288923261101876e-15 1.307983926052152e-04
21 2 -5.201600085473437e-05 -2.565829556831355e-17
22 2 -3.274699276703566e-15 1.493403476709741e-04
23 2 -1.024840088813873e-04 -4.136214793276163e-17
24 2 -9.691069206621677e-16 1.831948805321589e-04
25 2 -1.846847230303799e-04 -5.264402100758298e-17
26 2 -1.474949419873282e-16 2.354540071583845e-04
27 2 -3.328652757149835e-04 -5.636074725162030e-17
28 2 3.768118964488525e-15 3.016650401278882e-04
29 2 -6.176803337900492e-04 -5.271982589274709e-17
30 2 1.015112573439445e-15 3.280120691822943e-04
31 2 -1.169607872663463e-03 -4.037497632452811e-17
32 2 1.716665727790090e-15 7.154717436011054e-06
33 2 -2.071547360261172e-03 -2.621310258088353e-17
34 2 -6.759625374689591e-16 -2.105016076971764e-03
35 2 -2.126418898019056e-03 -1.032764575829056e-17
36 2 2.629189507591095e-15 -1.045160201279301e-02
37 2 6.953649537220941e-03 5.857533382021358e-18
38 2 1.852269131533129e-15 -2.645331566432237e-17
39 2 6.953649537220960e-03 1.023198638867118e-17
0 3 -9.013974440929721e-16 -3.067469577776323e-03
1 3 5.142720724565947e-04 -5.287400792319791e-18
2 3 -2.711514891617864e-15 -1.237602867451582e-03
3 3 8.175034677281214e-04 5.379716574539388e-18
4 3 1.784389037881680e-15 -3.102927155486032e-04
5 3 6.159590936767738e-04 1.827965524934331e-17
6 3 4.913219340354079e-15 1.035031448450944e-05
7 3 3.979234860571498e-04 2.812744802185613e-17
8 3 8.112233040833413e-16 9.966561443237644e-05
9 3 2.458534331285194e-04 3.427482645005651e-17
10 3 1.393850672231917e-15 1.145861539333107e-04
11 3 1.480516368670647e-04 3.520914182508058e-17
12 3 -6.267727263912752e-16 1.094277938081720e-04
13 3 8.382144575964515e-05 2.789681571918554e-17
14 3 1.712011405677128e-15 1.018397474710961e-04
15 3 3.792140620138968e-05 1.496966187673718e-17
16 3 5.239012877703220e-16 9.729365637918528e-05
17 3 3.043355420945580e-18 -3.286430492224864e-18
18 3 -5.454327476385947e-16 9.729365637920089e-05
19 3 -3.792140620138462e-05 -2.113004329949167e-17
20 3 -1.731331194575937e-15 1.018397474711396e-04
21 3 -8.382144575964027e-05 -3.728732805263342e-17
22 3 6.089275403355735e-16 1.094277938082351e-04
23 3 -1.480516368670607e-04 -4.777985845738865e-17
24 3 -1.409239108607321e-15 1.145861539333777e-04
25 3 -2.458534331285190e-04 -5.155147892363415e-17
26 3 -8.242610381220081e-16 9.966561443243584e-05
27 3 -3.979234860571557e-04 -4.810351939897641e-17
28 3 -4.932440826799735e-15 1.035031448454603e-05
29 3 -6.159590936767870e-04 -3.820485156119204e-17
30 3 -1.807345642972688e-15 -3.102927155485962e-04
31 3 -8.175034677281394e-04 -2.567611822996209e-17
32 3 2.685894633563476e-15 -1.237602867451605e-03
33 3 -5.142720724566151e-04 -1.111373894885967e-17
34 3 8.757547622556862e-16 -3.067469577776373e-03
35 3 1.583205214006464e-03 4.040298340863931e-18
36 3 -1.753483997574842e-15 -2.108594581772690e-03
37 3 3.301456589024262e-03 1.116834361694941e-17
38 3 -1.751999429076061e-15 2.108594581772634e-03
39 3 1.583205214006470e-03 8.423493518518809e-18
0 4 1.170587505501843e-15 -1.260911445834543e-03
1 4 1.706690351706902e-04 5.689748774498968e-18
2 4 -3.014839949270346e-15 -6.890821060051226e-04
3 4 3.629653721390593e-04 1.502420023670508e-17
4 4 -1.294004219544345e-15 -2.805884209301669e-04
5 4 3.300740296707448e-04 2.370170524865076e-17
6 4 3.281157722293562e-15 -7.635970036252850e-05
7 4 2.451087503459420e-04 2.975802449709558e-17
8 4 2.660870229084047e-15 1.229787124548877e-05
9 4 1.664867267436918e-04 3.000416850202797e-17
10 4 -4.565521476593418e-15 4.747675643548921e-05
11 4 1.049794836639655e-04 2.452687788077641e-17
12 4 -1.981884317429909e-15 6.012887679685766e-05
13 4 5.747613808155556e-05 1.409100476606786e-17
14 4 1.001007354258939e-15 6.404941755910089e-05
15 4 1.826210170508831e-05 -3.148958471956794e-19
16 4 1.644386334668044e-18 6.485609296557121e-05
17 4 -1.826210170510910e-05 -1.541366325028732e-17
18 4 -9.979225175715317e-16 6.404941755912712e-05
19 4 -5.747613808157679e-05 -2.922938263802807e-17
20 4 1.986203267165743e-15 6.012887679690407e-05
21 4 -1.049794836639822e-04 -3.775944958852867e-17
22 4 4.570680458804882e-15 4.747675643554627e-05
23 4 -1.664867267437077e-04 -4.071343328220772e-17
24 4 -2.660659669207894e-15 1.229787124554431e-05
25 4 -2.451087503459591e-04 -3.768533138092611e-17
26 4 -3.284727079145951e-15 -7.635970036248791e-05
27 4 -3.300740296707658e-04 -3.033496833019614e-17
28 4 1.282071531378120e-15 -2.805884209301507e-04
29 4 -3.629653721390812e-04 -1.836135394746933e-17
30 4 2.996967390917111e-15 -6.890821060051346e-04
31 4 -1.706690351707145e-04 -6.457383037142855e-18
32 4 -1.192863388296263e-15 -1.260911445834579e-03
33 4 5.173011124281938e-04 3.174505502232964e-18
34 4 -1.365824566604077e-15 -1.241090481841517e-03
35 4 1.367515015844205e-03 8.630650867707585e-18
36 4 -2.609088905520461e-15 -2.831857320220543e-17
37 4 1.367515015844209e-03 1.099980208878960e-17
38 4 -1.355177017466502e-15 1.241090481841466e-03
39 4 5.173011124282082e-04 5.049194295350160e-18
0 5 -2.692554494117155e-15 -6.378596284326734e-04
1 5 6.709263185176392e-05 1.329345355928367e-17
2 5 4.577075785697839e-16 -4.072375578436967e-04
3 5 1.764939747488251e-04 1.961875431699015e-17
4 5 4.758710402359830e-15 -2.109087603077554e-04
5 5 1.819935010603530e-04 2.396161061569455e-17
6 5 3.661088583888627e-15 -8.897482108617262e-05
7 5 1.483213254082287e-04 2.295562064863931e-17
8 5 2.740633628111892e-15 -2.260677589192950e-05
9 5 1.066057310548710e-04 1.841347540743073e-17
10 5 -5.091157368748208e-15 1.102661872440998e-05
11 5 6.743522349192192e-05 9.913698171045158e-18
12 5 -6.698692424834328e-15 2.695292679346921e-05
13 5 3.243716766211610e-05 -1.352689551549371e-18
14 5 -4.758307490197000e-15 3.322520495050309e-05
15 5 -2.116120444164755e-17 -1.203940399046677e-17
16 5 4.784140472546903e-15 3.322520495051249e-05
17 5 -3.243716766215756e-05 -2.100227297081844e-17
18 5 6.722777231335589e-15 2.695292679349416e-05
19 5 -6.743522349196009e-05 -2.614050721624497e-17
20 5 5.117074692431680e-15 1.102661872444475e-05
21 5 -1.066057310549018e-04 -2.663932866557673e-17
22 5 -2.718354203989530e-15 -2.260677589189178e-05
23 5 -1.483213254082570e-04 -2.244296805927285e-17
24 5 -3.644672676474976e-15 -8.897482108614246e-05
25 5 -1.819935010603784e-04 -1.530024328043263e-17
26 5 -4.753929474344542e-15 -2.109087603077408e-04
27 5 -1.764939747488547e-04 -6.910516708579195e-18
28 5 -4.650295234198904e-16 -4.072375578437008e-04
29 5 -6.709263185178865e-05 1.959403828146922e-18
30 5 2.683524989895331e-15 -6.378596284326983e-04
31 5 2.205182207160560e-04 8.020175627988576e-18
32 5 -4.550690744988476e-16 -6.923640134991976e-04
33 5 6.175093316288974e-04 1.045833005444523e-17
34 5 -5.735400439960777e-15 -3.172032721584100e-04
35 5 8.181028321337869e-04 1.052615846099770e-17
36 5 -5.734603973512055e-15 3.172032721583645e-04
37 5 6.175093316289100e-04 4.051727354131961e-18
38 5 -4.492329060373934e-16 6.923640134991582e-04
39 5 2.205182207160750e-04 -4.936640211570736e-18
0 6 -3.091733037649699e-15 -3.674118044578903e-04
1 6 2.667151727333048e-05 1.748106972862365e-17
2 6 7.998284088566863e-16 -2.575746269242167e-04
3 6 9.016679647521627e-05 1.872141790507190e-17
4 6 1.479762825356422e-15 -1.547174347045836e-04
5 6 1.017961297013768e-04 1.611908016155164e-17
6 6 3.589016873359864e-15 -8.155412649949871e-05
7 6 8.793711352603359e-05 9.881479945733671e-18
8 6 -3.402118587635673e-15 -3.591295416165802e-05
9 6 6.447451347902005e-05 2.493183479904901e-18
10 6 -9.977590939811234e-15 -9.879117633563107e-06
11 6 3.863830702975188e-05 -5.884287925128259e-18
12 6 -5.986564756920033e-15 3.166560352912236e-06
13 6 1.281123568789066e-05 -1.254411943455604e-17
14 6 2.097740539252062e-17 7.101027090960248e-06
15 6 -1.281123568794209e-05 -1.626172336287266e-17
16 6 6.028594892140527e-15 3.166560352918466e-06
17 6 -3.863830702980035e-05 -1.650836586781752e-17
18 6 1.001702551223345e-14 -9.879117633552487e-06
19 6 -6.447451347906570e-05 -1.242405897229016e-17
20 6 3.438107077837339e-15 -3.591295416164722e-05
21 6 -8.793711352607295e-05 -6.121530387730605e-18
22 6 -3.558157299345161e-15 -8.155412649949054e-05
23 6 -1.017961297014118e-04 2.008904027773492e-18
24 6 -1.459007703883448e-15 -1.547174347045832e-04
25 6 -9.016679647524871e-05 8.747480894703046e-18
26 6 -7.934112701511305e-16 -2.575746269242265e-04
27 6 -2.667151727335893e-05 1.412844894619848e-17
28 6 3.093054165730219e-15 -3.674118044579103e-04
29 6 1.137258874999490e-04 1.657802893655265e-17
30 6 1.298594660947088e-15 -4.101508429493613e-04
31 6 3.123346597463374e-04 1.471616790762610e-17
32 6 -7.403312442285086e-15 -2.869684097786625e-04
33 6 4.692841489297275e-04 8.452189917024440e-18
34 6 -5.836107619842162e-15 -1.987553349968863e-17
35 6 4.692841489297334e-04 1.525284917908501e-18
36 6 -7.398999964251383e-15 2.869684097786254e-04
37 6 3.123346597463503e-04 -7.179318750880073e-18
38 6 1.299757201548043e-15 4.101508429493313e-04
39 6 1.137258874999684e-04 -1.368352489523400e-17
0 7 -2.916474495485295e-15 -2.317242427714366e-04
1 7 7.950416813392544e-06 1.782788437391468e-17
2 7 -4.248948138580917e-15 -1.734479614557489e-04
3 7 4.609523925924580e-05 1.193597565445198e-17
4 7 -3.131566571551199e-15 -1.158443119493650e-04
5 7 5.626280247705580e-05 3.287093609532986e-18
6 7 4.565395925225944e-16 -7.126846121325077e-05
7 7 5.016217902648977e-05 -5.778062661202437e-18
8 7 -4.971841593222700e-15 -4.119586245987087e-05
9 7 3.606852675665917e-05 -1.348755687846497e-17
10 7 -8.588541034841240e-15 -2.331199504272030e-05
11 7 1.860317512378199e-05 -1.764227733500935e-17
12 7 -4.123752769385164e-15 -1.508868403644401e-05
13 7 -2.511385134589572e-17 -1.691655903722933e-17
14 7 4.170944672423280e-15 -1.508868403644739e-05
15 7 -1.860317512383103e-05 -1.174319848453678e-17
16 7 8.635671980140143e-15 -2.331199504272977e-05
17 7 -3.606852675670500e-05 -2.752385950490267e-18
18 7 5.014721322908489e-15 -4.119586245988569e-05
19 7 -5.016217902653221e-05 8.451500221430762e-18
20 7 -4.172013642834914e-16 -7.126846121326991e-05
21 7 -5.626280247709339e-05 1.848011823043960e-17
22 7 3.162683696793997e-15 -1.158443119493880e-04
23 7 -4.609523925927840e-05 2.590643258654580e-17
24 7 4.270402270250980e-15 -1.734479614557743e-04
25 7 -7.950416813419620e-06 2.864543076893692e-17
26 7 2.929204709693091e-15 -2.317242427714631e-04
27 7 6.794882875610058e-05 2.722688877346655e-17
28 7 6.421338594731634e-15 -2.599239278330251e-04
29 7 1.753177649039846e-04 2.093478244102410e-17
30 7 5.820615025416564e-15 -2.163772737029154e-04
31 7 2.776526048012631e-04 1.064093091007802e-17
32 7 -4.268811488973554e-15 -8.571505634915107e-05
33 7 3.208213163609651e-04 -8.859874990480657e-19
34 7 -4.268882479856877e-15 8.571505634912358e-05
35 7 2.776526048012729e-04 -1.075094640435480e-17
36 7 5.817872030670742e-15 2.163772737028881e-04
37 7 1.753177649040000e-04 -1.734436364322808e-17
38 7 6.414781959767397e-15 2.599239278329979e-04
39 7 6.794882875612173e-05 -1.972104215652598e-17
0 8 -2.299227935050358e-15 -1.569534271598415e-04
1 8 -1.625034177246387e-06 1.218046916254356e-17
2 8 1.609325280159081e-15 -1.238737252329224e-04
3 8 2.202032429227643e-05 1.286236879895607e-19
4 8 4.373542381015085e-15 -9.020416258865573e-05
5 8 2.956582906794715e-05 -1.171194537841633e-17
6 8 -9.505080264589126e-16 -6.289934960722487e-05
7 8 2.666428885223745e-05 -2.076091048846100e-17
8 8 -4.322464283528507e-15 -4.390329710139911e-05
9 8 1.786869704192898e-05 -2.429414511265975e-17
10 8 7.120895878284849e-16 -3.297156938902840e-05
11 8 6.232284239437415e-06 -2.162879132685090e-17
12 8 2.024906327404819e-17 -2.942744318434398e-05
13 8 -6.232284239474622e-06 -1.296414295394951e-17
14 8 -6.717329589852098e-16 -3.297156938904642e-05
15 8 -1.786869704196457e-05 3.655372469155978e-19
16 8 4.362463133796431e-15 -4.390329710143258e-05
17 8 -2.666428885227125e-05 1.593630452948193e-17
18 8 9.872507372805256e-16 -6.289934960726875e-05
19 8 -2.956582906797933e-05 2.974618311891394e-17
20 8 -4.342145027950813e-15 -9.020416258870379e-05
21 8 -2.202032429230677e-05 3.965547147566482e-17
22 8 -1.583449776388304e-15 -1.238737252329691e-04
23 8 1.625034177221519e-06 4.259885341568188e-17
24 8 2.319203136446543e-15 -1.569534271598814e-04
25 8 4.565718917581896e-05 3.906100107158208e-17
26 8 1.824126784043508e-15 -1.750337087996253e-04
27 8 1.076140650478117e-04 2.875620036064859e-17
28 8 7.735018413497230e-15 -1.588456943159263e-04
29 8 1.726305435260844e-04 1.473968506285324e-17
30 8 1.717752039978323e-17 -9.665971098452106e-05
31 8 2.155271953506031e-04 -1.079373988681306e-18
32 8 4.073864864663605e-15 -6.168198630113054e-18
33 8 2.155271953506041e-04 -1.457964501551401e-17
34 8 1.480283098246030e-17 9.665971098450688e-05
35 8 1.726305435260949e-04 -2.263643596016069e-17
36 8 7.727670557333914e-15 1.588456943159056e-04
37 8 1.076140650478258e-04 -2.479305182111424e-17
38 8 1.810196398038053e-15 1.750337087995951e-04
39 8 4.565718917583880e-05 -2.058869593487984e-17
0 9 1.549453072985832e-15 -1.131125897210418e-04
1 9 -6.631559182848339e-06 1.454496709897626e-18
2 9 5.264486574930828e-15 -9.367989852216476e-05
3 9 8.454668289874042e-06 -1.337820306440762e-17
4 9 6.300943757268476e-15 -7.365922901663485e-05
5 9 1.383071146228289e-05 -2.498295285838610e-17
6 9 3.010983876327898e-15 -5.716508526376350e-05
7 9 1.248978977081934e-05 -3.020970222269793e-17
8 9 2.851126298042396e-15 -4.587592083626048e-05
9 9 7.154117498035376e-06 -2.772890577183295e-17
10 9 1.602869986155680e-15 -4.022207613263010e-05
11 9 -7.897518460118423e-18 -1.801540790905441e-17
12 9 -1.578690267397137e-15 -4.022207613264413e-05
13 9 -7.154117498050567e-06 -2.288588540419263e-18
14 9 -2.826371608548360e-15 -4.587592083630018e-05
15 9 -1.248978977083487e-05 1.626178731003919e-17
16 9 -2.985756290143127e-15 -5.716508526382172e-05
17 9 -1.383071146229977e-05 3.372904514018969e-17
18 9 -6.276743273264703e-15 -7.365922901670186e-05
19 9 -8.454668289891003e-06 4.630804421685075e-17
20 9 -5.242205119595110e-15 -9.367989852223078e-05
21 9 6.631559182831897e-06 5.102751964042528e-17
22 9 -1.530200088163504e-15 -1.131125897210970e-04
23 9 3.352743705874325e-05 4.752641301338634e-17
24 9 -3.274141430268184e-15 -1.245283349673766e-04
25 9 7.117818684304959e-05 3.607855233809143e-17
26 9 9.066366061061040e-16 -1.182266257542130e-04
27 9 1.129518770735320e-04 1.854474388984579e-17
28 9 3.109665225618413e-15 -8.685291882902407e-05
29 9 1.467197539698965e-04 4.185739069323388e-19
30 9 3.368772869121408e-16 -3.216732269633015e-05
31 9 1.598117580926070e-04 -1.662063379157992e-17
32 9 3.360150582026465e-16 3.216732269633628e-05
33 9 1.467197539699036e-04 -2.771902028586632e-17
34 9 3.106423047860360e-15 8.685291882902095e-05
35 9 1.129518770735425e-04 -3.135328359908103e-17
36 9 8.972552510165115e-16 1.182266257541942e-04
37 9 7.117818684306195e-05 -2.752431334244215e-17
38 9 -3.288670332686047e-15 1.245283349673390e-04
39 9 3.352743705875691e-05 -1.581480122670791e-17
0 10 4.031637878784458e-15 -8.633606152278399e-05
1 10 -8.997887853383829e-06 -1.000393079652181e-17
2 10 2.322982876212131e-15 -7.489362304351834e-05
3 10 9.405919419176721e-07 -2.445324772117567e-17
4 10 3.400987422816387e-15 -6.311325507199737e-05
5 10 4.869100831149646e-06 -3.251850675374723e-17
6 10 4.480187327484190e-15 -5.353945995294319e-05
7 10 4.551822922781264e-06 -3.222612822138461e-17
8 10 2.411486633925513e-15 -4.745403718229482e-05
9 10 1.782111018414505e-06 -2.346211271848224e-17
10 10 1.152508426802895e-18 -4.538141007182074e-05
11 10 -1.782111018404011e-06 -7.900799839264614e-18
12 10 -2.407688930822766e-15 -4.745403718232742e-05
13 10 -4.551822922770864e-06 1.122173753553264e-17
14 10 -4.473391348464273e-15 -5.353945995300169e-05
15 10 -4.869100831143303e-06 3.042301685669608e-17
16 10 -3.393506340634538e-15 -6.311325507207153e-05
17 10 -9.405919419154658e-07 4.515050646576747e-17
18 10 -2.312929240238060e-15 -7.489362304359590e-05
19 10 8.997887853381324e-06 5.231528498582958e-17
20 10 -4.021541900468235e-15 -8.633606152285111e-05
21 10 2.611398860075403e-05 5.022539970535555e-17
22 10 -1.324831108770214e-15 -9.330409092834412e-05
23 10 4.995866438929909e-05 3.887743764734833e-17
24 10 1.642279831132984e-15 -9.053956744484715e-05
25 10 7.735988830812309e-05 2.169022685118459e-17
26 10 -3.270196607377734e-15 -7.355953015683689e-05
27 10 1.022088247698117e-04 1.321402994288022e-18
28 10 2.981247252916489e-15 -4.165862906696577e-05
29 10 1.171883249742914e-04 -1.795157181637487e-17
30 10 1.022353491163708e-17 1.330004662462631e-17
31 10 1.171883249742936e-04 -3.172472798342451e-17
32 10 2.979121207087456e-15 4.165862906698642e-05
33 10 1.022088247698153e-04 -3.701788184596651e-17
34 10 -3.275579407177436e-15 7.355953015684016e-05
35 10 7.735988830812850e-05 -3.395348482571446e-17
36 10 1.633107241586383e-15 9.053956744482594e-05
37 10 4.995866438930451e-05 -2.263650884855812e-17
38 10 -1.335634783642757e-15 9.330409092829735e-05
39 10 2.611398860075763e-05 -7.037489496862507e-18
0 11 1.340986858294414e-15 -6.954238315281280e-05
1 11 -9.667748276005053e-06 -1.934950621816375e-17
2 11 3.953674899844886e-16 -6.303091097965172e-05
3 11 -2.845292800319641e-06 -2.977825667616859e-17
4 11 -1.101844775819842e-15 -5.639122216768115e-05
5 11 2.469816929913967e-07 -3.239137765675571e-17
6 11 2.486385573079719e-15 -5.123723919973987e-05
7 11 7.688367132324295e-07 -2.630696945316935e-17
8 11 2.840139953906831e-16 -4.846811690048328e-05
9 11 1.852344609151777e-17 -1.329712144029275e-17
10 11 -3.029178704252917e-16 -4.846811690050063e-05
11 11 -7.688367131969393e-07 4.177495750069560e-18
12 11 -2.502222026669011e-15 -5.123723919978805e-05
13 11 -2.469816929599141e-07 2.253765246378396e-17
14 11 1.090332438687789e-15 -5.639122216775121e-05
15 11 2.845292800345269e-06 3.772666494144080e-17
16 11 -4.006430930896692e-16 -6.303091097972952e-05
17 11 9.667748276022784e-06 4.611777557985255e-17
18 11 -1.343672064937251e-15 -6.954238315288407e-05
19 11 2.096929130122614e-05 4.535060064518191e-17
20 11 3.463765243967739e-15 -7.348378377843261e-05
21 11 3.659909180632459e-05 3.644155892946324e-17
22 11 -6.730785966713141e-15 -7.182420811089659e-05
23 11 5.497339370813562e-05 1.989263068710304e-17
24 11 -6.309983989715299e-15 -6.179461476036499e-05
25 11 7.288838306298889e-05 2.648427096624148e-19
26 11 -2.310717284175589e-15 -4.228482509260342e-05
27 11 8.614472123474835e-05 -1.880002023111227e-17
28 11 1.408013485945941e-15 -1.508717762162447e-05
29 11 9.105656679309362e-05 -3.350149882013752e-17
30 11 1.408263447332981e-15 1.508717762166798e-05
31 11 8.614472123474801e-05 -4.078138507590209e-17
32 11 -2.313232041238566e-15 4.228482509263330e-05
33 11 7.288838306298907e-05 -3.908119599279382e-17
34 11 -6.313567062176631e-15 6.179461476036966e-05
35 11 5.497339370813311e-05 -2.925381872916385e-17
36 11 -6.735896585885692e-15 7.182420811087258e-05
37 11 3.659909180631818e-05 -1.352961992691375e-17
38 11 3.462666389848844e-15 7.348378377838040e-05
39 11 2.096929130121634e-05 3.762302495311719e-18
0 12 5.183039263949647e-16 -5.881980440197608e-05
1 12 -9.196353206684261e-06 -2.374956148931474e-17
2 12 -3.876093354641958e-15 -5.542517803978616e-05
3 12 -4.264329788191783e-06 -2.754880893466227e-17
4 12 -6.335280476393633e-15 -5.200128975928498e-05
5 12 -1.598247720961147e-06 -2.430337072634934e-17
6 12 -4.953106092296513e-15 -4.956930923304555e-05
7 12 -3.696476420628151e-07 -1.468860745997017e-17
8 12 -1.823433631548782e-17 -4.869858882119672e-05
9 12 3.696476421193668e-07 -9.237099753612628e-19
10 12 4.918540915736179e-15 -4.956930923307624e-05
11 12 1.598247721014747e-06 1.405693376183149e-17
12 12 6.306612967363791e-15 -5.200128975934003e-05
13 12 4.264329788237695e-06 2.693738231010202e-17
14 12 3.853075310722556e-15 -5.542517803985415e-05
15 12 9.196353206719939e-06 3.424073265160145e-17
16 12 -5.341455524826092e-16 -5.881980440204238e-05
17 12 1.693825643110362e-05 3.440485628987388e-17
18 12 -2.750636310302104e-15 -6.069011517781738e-05
19 12 2.749877481410128e-05 2.664099052036039e-17
20 12 -5.146066415915195e-15 -5.920584378430072e-05
21 12 4.008043802275007e-05 1.279686016509868e-17
22 12 -6.087497034396972e-15 -5.261734798515761e-05
23 12 5.295389668925333e-05 -4.640800592172260e-18
24 12 -3.167852189466496e-15 -3.994220976323719e-05
25 12 6.368957367158847e-05 -2.139174386799222e-17
26 12 1.315530398678752e-15 -2.166678919115535e-05
27 12 6.983665416014034e-05 -3.473187738826973e-17
28 12 6.813064970126011e-15 3.042964585753708e-17
29 12 6.983665416014043e-05 -4.162917971466638e-17
30 12 1.314222717347964e-15 2.166678919120831e-05
31 12 6.368957367158730e-05 -4.090086125498653e-17
32 12 -3.168728248359246e-15 3.994220976326990e-05
33 12 5.295389668924688e-05 -3.203800264184967e-17
34 12 -6.088188084340717e-15 5.261734798516172e-05
35 12 4.008043802273856e-05 -1.837911023991494e-17
36 12 -5.144088672262962e-15 5.920584378427444e-05
37 12 2.749877481408280e-05 -2.335379758437448e-18
38 12 -2.741455707099160e-15 6.069011517776542e-05
39 12 1.693825643107777e-05 1.295907373114558e-17
0 13 -2.837555522529594e-15 -5.187533139371981e-05
1 13 -7.979861881204270e-06 -2.069727169727978e-17
2 13 -5.455070203690298e-15 -5.043250953554901e-05
3 13 -4.213204802301307e-06 -1.855041027830140e-17
4 13 -4.444767332289490e-15 -4.895228038488242e-05
5 13 -1.758122478017533e-06 -1.137158630416944e-17
6 13 -1.861048246572269e-15 -4.805834032810189e-05
7 13 3.318690825093211e-17 -1.184190102406023e-18
8 13 1.815499816662052e-15 -4.805834032811469e-05
9 13 1.758122478082431e-06 9.416560721737280e-18
10 13 4.403751636923836e-15 -4.895228038491803e-05
11 13 4.213204802360834e-06 1.802761108495959e-17
12 13 5.420354279044255e-15 -5.043250953559906e-05
13 13 7.979861881253454e-06 2.203512857162445e-17
14 13 2.809904554982659e-15 -5.187533139377328e-05
15 13 1.348263006025581e-05 2.055662979952700e-17
16 13 -1.037706810942390e-16 -5.235490767201473e-05
17 13 2.081474094901619e-05 1.335365161321068e-17
18 13 3.712517610176001e-15 -5.073396829473204e-05
19 13 2.959083039457370e-05 9.859312746158715e-19
20 13 2.893825890461431e-15 -4.588563934873301e-05
21 13 3.886664073262439e-05 -1.302793628007685e-17
22 13 -4.843248981707362e-15 -3.705157213100550e-05
23 13 4.722495097107685e-05 -2.664177009588696e-17
24 13 2.648816058573468e-15 -2.423810942696474e-05
25 13 5.308883590422511e-05 -3.655155528936844e-17
26 13 9.412966871316630e-15 -8.448413239245770e-06
27 13 5.520357318629531e-05 -4.083272471291911e-17
28 13 9.413498226236366e-15 8.448413239312445e-06
29 13 5.308883590422349e-05 -3.859152550054572e-17
30 13 2.650380172889653e-15 2.423810942701818e-05
31 13 4.722495097107094e-05 -3.041693568844977e-17
32 13 -4.841028942311351e-15 3.705157213103583e-05
33 13 3.886664073261234e-05 -1.812467000217073e-17
34 13 2.898475897863405e-15 4.588563934873533e-05
35 13 2.959083039455351e-05 -4.121240234297368e-18
36 13 3.722859478503821e-15 5.073396829470734e-05
37 13 2.081474094898778e-05 8.385095061130669e-18
38 13 -8.444600739629630e-17 5.235490767197012e-05
39 13 1.348263006021802e-05 1.731184530176506e-17
0 14 -4.659226730210217e-15 -4.731200993038882e-05
1 14 -6.341655089701664e-06 -1.116746323318798e-17
2 14 3.460608194310808e-17 -4.702896771109816e-05
3 14 -3.337011839189512e-06 -4.334704698907352e-18
4 14 5.279596067776095e-15 -4.662326574636942e-05
5 14 -1.030622868672788e-06 3.536171800652149e-18
6 14 -2.352206251663320e-17 -4.644825744510855e-05
7 14 1.030622868735324e-06 1.029358107560085e-17
8 14 -5.324558584845935e-15 -4.662326574638661e-05
9 14 3.337011839249777e-06 1.422933197340133e-17
10 14 -7.287012966585402e-17 -4.702896771112861e-05
11 14 6.341655089754932e-06 1.361326976632352e-17
12 14 4.627168699562958e-15 -4.731200993042476e-05
13 14 1.038099833309700e-05 8.632605455821421e-18
14 14 8.042491254273888e-15 -4.690757878986235e-05
15 14 1.558556956023757e-05 -5.872786818775320e-19
16 14 2.936158240204385e-15 -4.510264796202277e-05
17 14 2.179238442839531e-05 -1.216717514310356e-17
18 14 1.221208234320098e-15 -4.116465581416809e-05
19 14 2.849200340054174e-05 -2.406152608180253e-17
20 14 2.627044466811197e-15 -3.454044809776173e-05
21 14 3.485772490805945e-05 -3.427462970713022e-17
22 14 1.236920101451955e-15 -2.508567816495388e-05
23 14 3.989303392545571e-05 -3.982115789577200e-17
24 14 4.080632904572056e-15 -1.323399406164698e-05
25 14 4.268522948992416e-05 -3.998207085108291e-17
26 14 5.868646617759875e-15 3.322194564308652e-17
27 14 4.268522948992273e-05 -3.466595853778538e-17
28 14 4.081329525323824e-15 1.323399406170825e-05
29 14 3.989303392545100e-05 -2.481464519603379e-17
30 14 1.238763018055219e-15 2.508567816499989e-05
31 14 3.485772490804931e-05 -1.270047861653207e-17
32 14 2.630879092978766e-15 3.454044809778638e-05
33 14 2.849200340052407e-05 -7.034531873491941e-19
34 14 1.229855563333464e-15 4.116465581416968e-05
35 14 2.179238442837037e-05 8.978641074502094e-18
36 14 2.950762678786347e-15 4.510264796200449e-05
37 14 1.558556956020280e-05 1.455259591037827e-17
38 14 8.065607838649013e-15 4.690757878983070e-05
39 14 1.038099833305330e-05 1.505881401210989e-17
0 15 2.188295337328163e-15 -4.426515831599176e-05
1 15 -4.559240039181542e-06 3.059987796908365e-18
2 15 4.201853282311742e-15 -4.458858234270049e-05
3 15 -2.119225782610611e-06 1.123651807410364e-17
4 15 2.384103067782505e-15 -4.466316626814583e-05
5 15 2.490291296281720e-17 1.632039427651509e-17
6 15 -2.421347568996476e-15 -4.466316626815040e-05
7 15 2.119225782659326e-06 1.676368330947392e-17
8 15 -4.235543839923680e-15 -4.458858234271341e-05
9 15 4.559240039226530e-06 1.178570619288569e-17
10 15 -2.215025609954106e-15 -4.426515831600938e-05
11 15 7.579613653785733e-06 1.966670448953365e-18
12 15 4.206207599803910e-15 -4.336251383136913e-05
13 15 1.131665972417832e-05 -1.085201470772875e-17
14 15 4.079397210795509e-15 -4.143806194819129e-05
15 15 1.572600385137327e-05 -2.403625598128102e-17
16 15 1.249308766545187e-15 -3.801671526471264e-05
17 15 2.054515842554096e-05 -3.548651535856173e-17
18 15 -2.590279711440130e-15 -3.270851591118485e-05
19 15 2.529928150090399e-05 -4.280137900488730e-17
20 15 -7.372757300053040e-15 -2.534662719854786e-05
21 15 2.937043891130722e-05 -4.486633033721888e-17
22 15 4.095163092879736e-16 -1.610331809378444e-05
23 15 3.213102335226035e-05 -4.010470215987756e-17
24 15 1.618492338475642e-15 -5.528445448005452e-06
25 15 3.310968108334329e-05 -3.032053610600990e-17
26 15 1.619048689351064e-15 5.528445448059151e-06
27 15 3.213102335225735e-05 -1.717835093999054e-17
28 15 4.104452097809565e-16 1.610331809383112e-05
29 15 2.937043891130098e-05 -3.652339802927468e-18
30 15 -7.370576288590670e-15 2.534662719858137e-05
31 15 2.529928150089328e-05 8.025522536903594e-18
32 15 -2.586493391469279e-15 3.270851591120299e-05
33 15 2.054515842552352e-05 1.539347287507181e-17
34 15 1.257193387616445e-15 3.801671526471533e-05
35 15 1.572600385134860e-05 1.723646686926737e-17
36 15 4.092219992421811e-15 4.143806194818185e-05
37 15 1.131665972414650e-05 1.374161812561035e-17
38 15 4.226639843679977e-15 4.336251383135243e-05
39 15 7.579613653745896e-06 6.132144898993006e-18
0 16 5.931857476314677e-15 -4.220331185239748e-05
1 16 -2.867844610290032e-06 1.849352619740147e-17
2 16 6.806404785305075e-15 -4.274762417183522e-05
3 16 -9.206353376275151e-07 2.433839096708432e-17
4 16 -9.871682728429096e-18 -4.290810162550090e-05
5 16 9.206353376567114e-07 2.385921380255480e-17
6 16 -6.825246991430299e-15 -4.274762417183678e-05
7 16 2.867844610317751e-06 1.621848063755341e-17
8 16 -5.946533322692548e-15 -4.220331185240017e-05
9 16 5.110089268829778e-06 2.787428090968372e-18
10 16 3.277685009273869e-15 -4.109556423439058e-05
11 16 7.769039467853413e-06 -1.397622288124579e-17
12 16 4.678029795478720e-15 -3.915670976750830e-05
13 16 1.085873348346627e-05 -3.027642649922129e-17
14 16 4.576078135434864e-15 -3.608220607047475e-05
15 16 1.425751748323201e-05 -4.316332682708619e-17
16 16 -3.824068636808242e-16 -3.160420387968516e-05
17 16 1.770375988637844e-05 -5.006199565101406e-17
18 16 -6.149811917468739e-15 -2.557844522094423e-05
19 16 2.082660350636497e-05 -4.943023843937902e-17
20 16 -2.729034471285443e-15 -1.806335770251680e-05
21 16 2.321496628008215e-05 -4.125874558019096e-17
22 16 -3.421197762603422e-15 -9.361805975765517e-06
23 16 2.451279041048585e-05 -2.708883881336722e-17
24 16 -6.623852834662868e-15 1.712859323085850e-17
25 16 2.451279041048456e-05 -9.981772246496342e-18
26 16 -3.422663891546261e-15 9.361805975798143e-06
27 16 2.321496628007928e-05 6.694358611808126e-18
28 16 -2.730895593971469e-15 1.806335770254439e-05
29 16 2.082660350635990e-05 1.961112134343508e-17
30 16 -6.151207277802895e-15 2.557844522096511e-05
31 16 1.770375988637099e-05 2.639082479874339e-17
32 16 -3.829363752463369e-16 3.160420387969853e-05
33 16 1.425751748322033e-05 2.557443409544477e-17
34 16 4.578103106471005e-15 3.608220607048105e-05
35 16 1.085873348345007e-05 1.794558033544652e-17
36 16 4.683385089829502e-15 3.915670976750937e-05
37 16 7.769039467832580e-06 5.852002953183695e-18
38 16 3.287179772356979e-15 4.109556423438851e-05
39 16 5.110089268804702e-06 -7.574136622380527e-18
0 17 1.094990290465528e-14 -4.080906849768662e-05
1 17 -1.457376973021307e-06 3.175291945191583e-17
2 17 3.744019974140305e-15 -4.131351443978632e-05
3 17 3.176762750882765e-18 3.248822030107512e-17
4 17 -3.740782832593364e-15 -4.131351443978386e-05
5 17 1.457376973027392e-06 2.465556404820186e-17
6 17 -1.094563611127741e-14 -4.080906849768019e-05
7 17 3.040500286234183e-06 9.439779481546095e-18
8 17 -5.853656613083961e-15 -3.971387354635911e-05
9 17 4.844297554405457e-06 -9.900716768793282e-18
10 17 5.440660234466630e-15 -3.787181810121383e-05
11 17 6.904843100908623e-06 -2.931858006892570e-17
12 17 6.377509906229290e-15 -3.509009441810265e-05
13 17 9.178337264845181e-06 -4.481651369594272e-17
14 17 -2.336051174449412e-16 -3.118745114296174e-05
15 17 1.153311198512735e-05 -5.300741389683787e-17
16 17 -5.437009040896262e-15 -2.605188966976367e-05
17 17 1.376088642292431e-05 -5.221542842663526e-17
18 17 -6.616491587094220e-15 -1.969607695608338e-05
19 17 1.561028802639702e-05 -4.237958243783248e-17
20 17 -6.190538781742455e-15 -1.229387277666903e-05
21 17 1.683865349024284e-05 -2.550704400306420e-17
22 17 1.302569525029938e-15 -4.181841850245505e-06
23 17 1.726962786612433e-05 -4.861820917934034e-18
24 17 1.299973084567395e-15 4.181841850253720e-06
25 17 1.683865349024173e-05 1.530518744266121e-17
26 17 -6.196184272997419e-15 1.229387277667750e-05
27 17 1.561028802639638e-05 3.062596313906987e-17
28 17 -6.623309993266255e-15 1.969607695609267e-05
29 17 1.376088642292473e-05 3.821635527381676e-17
30 17 -5.445057844714511e-15 2.605188966977403e-05
31 17 1.153311198512757e-05 3.689695834374412e-17
32 17 -2.426943070767657e-16 3.118745114297311e-05
33 17 9.178337264844044e-06 2.653176408667615e-17
34 17 6.368295689519328e-15 3.509009441811450e-05
35 17 6.904843100906248e-06 1.076798652864399e-17
36 17 5.432637292255415e-15 3.787181810122510e-05
37 17 4.844297554401643e-06 -7.099917682107657e-18
38 17 -5.860621683940216e-15 3.971387354636847e-05
39 17 3.040500286228645e-06 -2.262312267101352e-17
0 18 6.823923476602476e-15 -3.990200199380955e-05
1 18 -4.699426849564406e-07 3.929191139232510e-17
2 18 1.272803164109938e-17 -4.020077590892064e-05
3 18 4.699426849413057e-07 3.356207924938107e-17
4 18 -6.798258843483564e-15 -3.990200199380040e-05
5 18 1.445338932222155e-06 1.905716838897610e-17
6 18 -7.395672309172690e-15 -3.897408498799987e-05
7 18 2.518054400864455e-06 -9.487905505254408e-19
8 18 -1.311213108762415e-15 -3.732939360183871e-05
9 18 3.723258808635948e-06 -2.195944987151125e-17
10 18 5.077411505424516e-15 -3.484527303533178e-05
11 18 5.055392007316631e-06 -3.959828859962429e-17
12 18 3.879308022287773e-15 -3.139710839391145e-05
13 18 6.460425524019410e-06 -5.001083866872806e-17
14 18 -2.394153217530232e-15 -2.689920442443839e-05
15 18 7.837745333326758e-06 -5.073399532616731e-17
16 18 -6.876482656666863e-15 -2.134595639217353e-05
17 18 9.053809820277203e-06 -4.165991736275316e-17
18 18 -2.988886992182119e-15 -1.484293998692312e-05
19 18 9.966808657425250e-06 -2.416801190131951e-17
20 18 2.795295673706154e-15 -7.617214183551913e-06
21 18 1.045743969172538e-05 -2.075935964794412e-18
22 18 3.639711621818792e-15 -1.014528686468376e-17
23 18 1.045743969172679e-05 2.025059984236553e-17
24 18 2.789467991322350e-15 7.617214183533720e-06
25 18 9.966808657427877e-06 3.777372728087219e-17
26 18 -2.999786541776991e-15 1.484293998691076e-05
27 18 9.053809820282606e-06 4.719210166649414e-17
28 18 -6.890775868372402e-15 2.134595639216944e-05
29 18 7.837745333334469e-06 4.660570888513110e-17
30 18 -2.412562608757190e-15 2.689920442444370e-05
31 18 6.460425524028802e-06 3.609842467630596e-17
32 18 3.856642505564620e-15 3.139710839392459e-05
33 18 5.055392007327653e-06 1.831790677057725e-17
34 18 5.053108986604177e-15 3.484527303535001e-05
35 18 3.723258808648949e-06 -2.763137963052807e-18
36 18 -1.336539855411525e-15 3.732939360185806e-05
37 18 2.518054400877897e-06 -2.212137110213064e-17
38 18 -7.422209968533709e-15 3.897408498801598e-05
39 18 1.445338932236091e-06 -3.511990688599366e-17
0 19 4.702160574491132e-15 -3.938681129333890e-05
1 19 -1.481150055021750e-17 3.919408186366081e-17
2 19 -4.658261998583777e-15 -3.938681129333211e-05
3 19 3.868829018102263e-07 2.748195915099518e-17
4 19 -7.879753954652472e-15 -3.872775683022184e-05
5 19 7.992763598073852e-07 9.326641239930945e-18
6 19 -2.010781863513443e-15 -3.736241546368053e-05
7 19 1.255654458440556e-06 -1.134399938121266e-17
8 19 3.410559639691109e-15 -3.520889647988520e-05
9 19 1.761311338422982e-06 -2.967677477503677e-17
10 19 6.248450807886776e-15 -3.217432721693343e-05
11 19 2.304175994019116e-06 -4.169030278597064e-17
12 19 2.555675661026848e-15 -2.818630012534886e-05
13 19 2.853790560618139e-06 -4.440639711193819e-17
14 19 9.894463068938706e-17 -2.322652082441149e-05
15 19 3.364447718170051e-06 -3.718939815581510e-17
16 19 1.485567564543609e-15 -1.735910649134904e-05
17 19 3.782682753222080e-06 -2.153040605133858e-17
18 19 -1.209643686912169e-15 -1.074541310294290e-05
19 19 4.057978171977125e-06 -3.187757079992513e-19
20 19 6.769394321031802e-15 -3.639217401453098e-06
21 19 4.154130256126553e-06 2.178716522955487e-17
22 19 6.765722893507914e-15 3.639217401407970e-06
23 19 4.057978171980558e-06 4.020155095703987e-17
24 19 -1.221422966690207e-15 1.074541310290449e-05
25 19 3.782682753228254e-06 5.072266384547071e-17
26 19 1.467698317848031e-15 1.735910649132312e-05
27 19 3.364447718180632e-06 5.162466501038831e-17
28 19 7.508494731894531e-17 2.322652082440139e-05
29 19 2.853790560633176e-06 4.240012313051816e-17
30 19 2.525808975723018e-15 2.818630012535425e-05
31 19 2.304175994038463e-06 2.458809531301505e-17
32 19 6.213227341917676e-15 3.217432721695107e-05
33 19 1.761311338444887e-06 2.829482810998447e-18
34 19 3.371230573824904e-15 3.520889647990971e-05
35 19 1.255654458465261e-06 -1.821182585275631e-17
36 19 -2.053078185917370e-15 3.736241546370498e-05
37 19 7.992763598345504e-07 -3.398860773716354e-17
38 19 -7.923234948965965e-15 3.872775683024005e-05
39 19 3.868829018391830e-07 -4.160058832393553e-17
0 20 2.668957283698019e-17 -3.921928608121963e-05
1 20 -9.672073041252274e-08 3.115638737883913e-17
2 20 -5.265966845969047e-15 -3.888423565289081e-05
3 20 -2.965398248132819e-07 1.603337822201782e-17
4 20 -4.456131643635606e-15 -3.785699158706339e-05
5 20 -5.137327088187576e-07 -2.001069754858332e-18
6 20 -1.666408554277286e-15 -3.607736929217746e-05
7 20 -7.542414448648310e-07 -1.869991243496295e-17
8 20 4.806524780102362e-15 -3.346460027565969e-05
9 20 -1.016371826896784e-06 -3.011659243250904e-17
10 20 -2.302746432664068e-15 -2.994378497887558e-05
11 20 -1.289491640818302e-06 -3.391083576892216e-17
12 20 -2.370056338593512e-15 -2.547685491544472e-05
13 20 -1.554559570735165e-06 -2.872693995421518e-17
14 20 2.545982316698134e-15 -2.009170259972037e-05
15 20 -1.786782612053807e-06 -1.583153275403280e-17
16 20 1.414175647862846e-15 -1.390210605193549e-05
17 20 -1.960165228331388e-06 2.151746123409280e-18
18 20 4.735860632954735e-15 -7.111894506285085e-06
19 20 -2.053027098880249e-06 2.149603109028674e-17
20 20 5.709807215563846e-15 -3.313619990257043e-17
21 20 -2.053027098878298e-06 3.829933784259873e-17
22 20 4.727100779156008e-15 7.111894506223645e-06
23 20 -1.960165228326345e-06 4.849970176051809e-17
24 20 1.396011973952829e-15 1.390210605188730e-05
25 20 -1.786782612044443e-06 4.995568313608839e-17
26 20 2.520377944766648e-15 2.009170259969138e-05
27 20 -1.554559570720521e-06 4.210065709224505e-17
28 20 -2.403327461270386e-15 2.547685491543690e-05
29 20 -1.289491640799153e-06 2.645080633157598e-17
30 20 -2.342519393639103e-15 2.994378497888657e-05
31 20 -1.016371826873024e-06 6.251681965172625e-18
32 20 4.761197079344957e-15 3.346460027568409e-05
33 20 -7.542414448369532e-07 -1.425789458553924e-17
34 20 -1.716035136900598e-15 3.607736929220699e-05
35 20 -5.137327087875142e-07 -3.054194900642197e-17
36 20 -4.508533776480637e-15 3.785699158708973e-05
37 20 -2.965398247797208e-07 -3.961983066467116e-17
38 20 -5.319481361882445e-15 3.888423565290605e-05
39 20 -9.672073037732911e-08 -3.978687767352751e-17
0 21 -4.663375049807186e-15 -3.938681129332497e-05
1 21 -7.673881875666159e-07 1.709566392965143e-17
2 21 -7.901677749402397e-15 -3.872775683021589e-05
3 21 -1.587556575096264e-06 2.731751832552149e-18
4 21 -2.044785843093555e-15 -3.736241546367904e-05
5 21 -2.498989222522007e-06 -1.041985401510654e-17
6 21 3.372674044893041e-15 -3.520889647989101e-05
7 21 -3.513320706251588e-06 -1.947820556082284e-17
8 21 6.213973341784104e-15 -3.217432721694751e-05
9 21 -4.606664497473046e-06 -2.228727581701321e-17
10 21 2.531243042000747e-15 -2.818630012537051e-05
11 21 -5.717320473689971e-06 -1.796349421087628e-17
12 21 8.973551205890465e-17 -2.322652082443856e-05
13 21 -6.752000961186914e-06 -7.633061988611976e-18
14 21 1.492397499393683e-15 -1.735910649137767e-05
15 21 -7.601100411913324e-06 6.897607798923899e-18
16 21 -1.191389358625168e-15 -1.074541310296933e-05
17 21 -8.160742168359287e-06 2.208166035712229e-17
18 21 6.793842994088188e-15 -3.639217401473500e-06
19 21 -8.356336534467170e-06 3.496609662017354e-17
20 21 6.789171898146734e-15 3.639217401396525e-06
21 21 -8.160742168356407e-06 4.237188145236358e-17
22 21 -1.206028286278158e-15 1.074541310290315e-05
23 21 -7.601100411906312e-06 4.247875589153171e-17
24 21 1.469430342837884e-15 1.735910649133098e-05
25 21 -6.752000961176756e-06 3.500651621322200e-17
26 21 5.854578284971358e-17 2.322652082441588e-05
27 21 -5.717320473675407e-06 2.144022745352997e-17
28 21 2.492936721280935e-15 2.818630012537195e-05
29 21 -4.606664497454629e-06 4.043180053650948e-18
30 21 6.169351521119869e-15 3.217432721696809e-05
31 21 -3.513320706230070e-06 -1.353390575226955e-17
32 21 3.324093800731452e-15 3.520889647992259e-05
33 21 -2.498989222496665e-06 -2.751805281990484e-17
34 21 -2.096128966210403e-15 3.736241546371153e-05
35 21 -1.587556575068381e-06 -3.541168172466292e-17
36 21 -7.954567928657258e-15 3.872775683023979e-05
37 21 -7.673881875369243e-07 -3.592670722588270e-17
38 21 -4.716179992534311e-15 3.938681129333382e-05
39 21 1.529482026211944e-17 -2.924370626709712e-17
0 22 -6.824869343054100e-15 -3.990200199378520e-05
1 22 -1.981072082063033e-06 5.474676087518390e-19
2 22 -7.450851299580279e-15 -3.897408498798985e-05
3 22 -3.467617423691543e-06 -8.468205006884244e-18
4 22 -1.381223140277461e-15 -3.732939360183999e-05
5 22 -5.157466481202388e-06 -1.359177130255588e-17
6 22 5.007670619326536e-15 -3.484527303534833e-05
7 22 -7.046190780370206e-06 -1.343386124906446e-17
8 22 3.821769535449217e-15 -3.139710839394393e-05
9 22 -9.057291590889861e-06 -7.637536739491511e-18
10 22 -2.426401906076927e-15 -2.689920442448413e-05
11 22 -1.104391459264555e-05 2.185844890673429e-18
12 22 -6.878802740914666e-15 -2.134595639222659e-05
13 22 -1.280832810130114e-05 1.401030007247465e-17
14 22 -2.964476617921153e-15 -1.484293998697625e-05
15 22 -1.413858339443013e-05 2.496709255929516e-17
16 22 2.838012577745898e-15 -7.617214183596988e-06
17 22 -1.485524034377305e-05 3.276804654654131e-17
18 22 3.688714236386999e-15 -4.072950228657119e-17
19 22 -1.485524034377176e-05 3.552736358615436e-17
20 22 2.829674419556226e-15 7.617214183521332e-06
21 22 -1.413858339442735e-05 3.210987254282544e-17
22 22 -2.980980386257763e-15 1.484293998691726e-05
23 22 -1.280832810129652e-05 2.307274026821558e-17
24 22 -6.903030692642909e-15 2.134595639219145e-05
25 22 -1.104391459263831e-05 1.000021337078890e-17
26 22 -2.456436598771600e-15 2.689920442447533e-05
27 22 -9.057291590880605e-06 -4.668511683626064e-18
28 22 3.786414539080870e-15 3.139710839395872e-05
29 22 -7.046190780359589e-06 -1.826930495638331e-17
30 22 4.967474437331984e-15 3.484527303537917e-05
31 22 -5.157466481190177e-06 -2.804967359644567e-17
32 22 -1.422701325205188e-15 3.732939360187706e-05
33 22 -3.467617423677148e-06 -3.193448631630859e-17
34 22 -7.493412539110880e-15 3.897408498802225e-05
35 22 -1.981072082047297e-06 -2.990664646694845e-17
36 22 -6.867561572137465e-15 3.990200199380378e-05
37 22 -6.424398934535625e-07 -2.271701953000474e-17
38 22 -2.119342979582826e-17 4.020077590890691e-05
39 22 6.424398934701624e-07 -1.206013972751955e-17
0 23 -1.100312544428630e-14 -4.080906849765734e-05
1 23 -3.672811404334620e-06 -1.407103979903024e-17
2 23 -5.941097948652330e-15 -3.971387354634709e-05
3 23 -5.907808761281430e-06 -1.488678174199731e-17
4 23 5.343402282882317e-15 -3.787181810122029e-05
5 23 -8.510872005583624e-06 -1.019875360718345e-17
6 23 6.289583553563332e-15 -3.509009441813167e-05
7 23 -1.143152940331419e-05 -1.123758912841430e-18
8 23 -2.937540508234777e-16 -3.118745114301196e-05
9 23 -1.449812978843349e-05 1.045273972713911e-17
10 23 -5.458365901949396e-15 -2.605188966982967e-05
11 23 -1.743041661704395e-05 2.173398687975187e-17
12 23 -6.597469448126688e-15 -1.969607695615582e-05
13 23 -1.988395261543511e-05 2.991468140897792e-17
14 23 -6.140039351365392e-15 -1.229387277673707e-05
15 23 -2.152213673401817e-05 3.351303518621913e-17
16 23 1.370586043977873e-15 -4.181841850298488e-06
17 23 -2.209840290002891e-05 3.105395674450876e-17
18 23 1.368211217549711e-15 4.181841850223436e-06
19 23 -2.152213673401819e-05 2.285353556421695e-17
20 23 -6.149616944806353e-15 1.229387277667352e-05
21 23 -1.988395261543649e-05 1.019914835987165e-17
22 23 -6.612851077127575e-15 1.969607695611319e-05
23 23 -1.743041661704554e-05 -4.390683577716253e-18
24 23 -5.477875887137960e-15 2.605188966981292e-05
25 23 -1.449812978843589e-05 -1.795038486712718e-17
26 23 -3.173171054843690e-16 3.118745114302079e-05
27 23 -1.143152940331741e-05 -2.827476390587197e-17
28 23 6.263686864483891e-15 3.509009441816039e-05
29 23 -8.510872005588036e-06 -3.317952201494101e-17
30 23 5.315921001566164e-15 3.787181810126008e-05
31 23 -5.907808761285746e-06 -3.190012063869131e-17
32 23 -5.967274945770800e-15 3.971387354638631e-05
33 23 -3.672811404338451e-06 -2.511475139355656e-17
34 23 -1.102853032208495e-14 4.080906849768566e-05
35 23 -1.748618988967430e-06 -1.457470396101544e-17
36 23 -3.779213536387948e-15 4.131351443976961e-05
37 23 -1.811923134741790e-18 -2.765794889202610e-18
38 23 3.754081061159648e-15 4.131351443975925e-05
39 23 1.748618988964263e-06 7.530257675328224e-18
0 24 -6.031166866254262e-15 -4.220331185237079e-05
1 24 -5.749647657160489e-06 -2.336611911127141e-17
2 24 3.169585771414207e-15 -4.109556423437807e-05
3 24 -8.888437606157440e-06 -1.464063230114695e-17
4 24 4.569658032201928e-15 -3.915670976752040e-05
5 24 -1.263379901130700e-05 -9.372236416264524e-19
6 24 4.490260685444299e-15 -3.608220607051405e-05
7 24 -1.684289325072433e-05 1.405269209622786e-17
8 24 -4.279136353541009e-16 -3.160420387974882e-05
9 24 -2.118273327719173e-05 2.733069205021039e-17
10 24 -6.147795117456961e-15 -2.557844522102305e-05
11 24 -2.516544131738338e-05 3.552531771272615e-17
12 24 -2.683010324523422e-15 -1.806335770259885e-05
13 24 -2.823880951780396e-05 3.646670779727967e-17
14 24 -3.344147769495807e-15 -9.361805975837449e-06
15 24 -2.991783162299457e-05 3.018615996705460e-17
16 24 -6.535770316076632e-15 -3.271389985841730e-17
17 24 -2.991783162299553e-05 1.737835413762545e-17
18 24 -3.347019715792397e-15 9.361805975777518e-06
19 24 -2.823880951780869e-05 3.058658468174568e-19
20 24 -2.688510901877875e-15 1.806335770255489e-05
21 24 -2.516544131739234e-05 -1.740060312565864e-17
22 24 -6.155794052763895e-15 2.557844522100204e-05
23 24 -2.118273327720386e-05 -3.212882676511879e-17
24 24 -4.379522679636945e-16 3.160420387975234e-05
25 24 -1.684289325074117e-05 -4.116397553069033e-17
26 24 4.478828054227010e-15 3.608220607053946e-05
27 24 -1.263379901132834e-05 -4.251224726412675e-17
28 24 4.557909811877761e-15 3.915670976756000e-05
29 24 -8.888437606181486e-06 -3.598543913322629e-17
30 24 3.160112177237127e-15 4.109556423442130e-05
31 24 -5.749647657184016e-06 -2.362006086705880e-17
32 24 -6.037146816240203e-15 4.220331185240700e-05
33 24 -3.182103489038485e-06 -8.050572270726380e-18
34 24 -6.871672861720463e-15 4.274762417182194e-05
35 24 -1.013287046431982e-06 7.453418794623418e-18
36 24 -2.422545014426576e-18 4.290810162547110e-05
37 24 1.013287046406322e-06 1.915013670396321e-17
38 24 6.866632034419255e-15 4.274762417180122e-05
39 24 3.182103489013950e-06 2.505384309041819e-17
0 25 -2.315563634129353e-15 -4.426515831597378e-05
1 25 -8.100755687277342e-06 -2.471461775564840e-17
2 25 4.093781936622322e-15 -4.336251383135546e-05
3 25 -1.242774252766217e-05 -7.653476555225454e-18
4 25 3.979497657094604e-15 -4.143806194820704e-05
5 25 -1.770131927538482e-05 1.150388287320217e-17
6 25 1.183612580163297e-15 -3.801671526475815e-05
7 25 -2.360984875194180e-05 2.833749691868422e-17
8 25 -2.609341830742576e-15 -3.270851591125394e-05
9 25 -2.954966994058782e-05 3.906945690166323e-17
10 25 -7.341418637443569e-15 -2.534662719862949e-05
11 25 -3.470706591777697e-05 4.049635644839024e-17
12 25 4.823147132652255e-16 -1.610331809386508e-05
13 25 -3.823642891722129e-05 3.234876679002433e-17
14 25 1.714707616271849e-15 -5.528445448070392e-06
15 25 -3.949338001542196e-05 1.637571132264863e-17
16 25 1.715344421219067e-15 5.528445448020883e-06
17 25 -3.823642891722756e-05 -4.221131138212609e-18
18 25 4.834253352984017e-16 1.610331809382564e-05
19 25 -3.470706591779025e-05 -2.562534182159527e-17
20 25 -7.339706335057371e-15 2.534662719860800e-05
21 25 -2.954966994060745e-05 -4.307175147955596e-17
22 25 -2.606665113315626e-15 3.270851591125417e-05
23 25 -2.360984875196795e-05 -5.289829973792977e-17
24 25 1.186644918264170e-15 3.801671526477883e-05
25 25 -1.770131927541776e-05 -5.283584991975056e-17
26 25 3.982935433426675e-15 4.143806194824382e-05
27 25 -1.242774252770010e-05 -4.305747008535660e-17
28 25 4.100419066787458e-15 4.336251383139993e-05
29 25 -8.100755687317644e-06 -2.587560691761126e-17
30 25 -2.304996791858894e-15 4.426515831601512e-05
31 25 -4.745968995022644e-06 -4.945425319723727e-18
32 25 -4.288135162876155e-15 4.458858234269629e-05
33 25 -2.162286839186207e-06 1.533304339910554e-17
34 25 -2.423411292351724e-15 4.466316626811701e-05
35 25 -2.226498889066752e-17 3.052483768513889e-17
36 25 2.436932633864791e-15 4.466316626810646e-05
37 25 2.162286839142591e-06 3.786712758856494e-17
38 25 4.301213151151228e-15 4.458858234266710e-05
39 25 4.745968994981362e-06 3.574675439104931e-17
0 26 4.529052581032750e-15 -4.731200993038480e-05
1 26 -1.061449674696944e-05 -1.897333551950163e-17
2 26 7.945090898324157e-15 -4.690757878984806e-05
3 26 -1.662764684993427e-05 3.424080469969396e-18
4 26 2.860732897888304e-15 -4.510264796203907e-05
5 26 -2.406598525290328e-05 2.377193324619129e-17
6 26 1.184618456288318e-15 -4.116465581421328e-05
7 26 -3.231649150473248e-05 3.780004908700146e-17
8 26 2.637974245771354e-15 -3.454044809782820e-05
9 26 -4.031643887056739e-05 4.200656411489236e-17
10 26 1.293358559359485e-15 -2.508567816502917e-05
11 26 -4.673560692512499e-05 3.508561052792462e-17
12 26 4.168933471244181e-15 -1.323399406171665e-05
13 26 -5.032587951581246e-05 1.835081757047437e-17
14 26 5.970156545101826e-15 -1.708322874779969e-17
15 26 -5.032587951581676e-05 -3.919142940323242e-18
16 26 4.172982908961916e-15 1.323399406168676e-05
17 26 -4.673560692513919e-05 -2.801602570609299e-17
18 26 1.300884492417548e-15 2.508567816501105e-05
19 26 -4.031643887059002e-05 -4.807049371158896e-17
20 26 2.649236179908343e-15 3.454044809782647e-05
21 26 -3.231649150476422e-05 -5.994430543862632e-17
22 26 1.198544478811825e-15 4.116465581422961e-05
23 26 -2.406598525294351e-05 -6.062015484653156e-17
24 26 2.875886178489403e-15 4.510264796207041e-05
25 26 -1.662764684998119e-05 -5.039399212883386e-17
26 26 7.963126365365419e-15 4.690757878988808e-05
27 26 -1.061449674701983e-05 -3.052102736282418e-17
28 26 4.549912806369419e-15 4.731200993042574e-05
29 26 -6.178240583962097e-06 -5.670364894397699e-18
30 26 -1.261977870552711e-16 4.702896771110692e-05
31 26 -3.102779708610139e-06 1.885973494081377e-17
32 26 -5.336551886688423e-15 4.662326574634854e-05
33 26 -9.295817862509815e-07 3.826819830477580e-17
34 26 1.300268807957632e-17 4.644825744506462e-05
35 26 9.295817861951362e-07 4.884622601426886e-17
36 26 5.362406373390053e-15 4.662326574633006e-05
37 26 3.102779708555304e-06 4.834574908910809e-17
38 26 1.501830342577669e-16 4.702896771107349e-05
39 26 6.178240583908771e-06 3.751796658370321e-17
0 27 2.732062564632377e-15 -5.187533139373083e-05
1 27 -1.320574656468551e-05 -7.454176018338521e-18
2 27 -1.715474695440796e-16 -5.235490767199813e-05
3 27 -2.175059073172185e-05 1.479634676974352e-17
4 27 3.670464764938149e-15 -5.073396829474510e-05
5 27 -3.239001441067924e-05 3.151763112209735e-17
6 27 2.887810678962468e-15 -4.588563934877187e-05
7 27 -4.396699182361548e-05 3.921772472123878e-17
8 27 -4.808374914659154e-15 -3.705157213106145e-05
9 27 -5.462280711401345e-05 3.531667794293833e-17
10 27 2.717481700512823e-15 -2.423810942702591e-05
11 27 -6.220502123537127e-05 2.079796924017457e-17
12 27 9.501805325764040e-15 -8.448413239298374e-06
13 27 -6.495896048430855e-05 -8.506465660748542e-19
14 27 9.505657078032996e-15 8.448413239280796e-06
15 27 -6.220502123538185e-05 -2.505243150624220e-17
16 27 2.726929304299635e-15 2.423810942701472e-05
17 27 -5.462280711403569e-05 -4.676646344135942e-17
18 27 -4.794197168893046e-15 3.705157213106089e-05
19 27 -4.396699182364808e-05 -6.047658189537445e-17
20 27 2.906865486863076e-15 4.588563934878364e-05
21 27 -3.239001441072074e-05 -6.333603414166109e-17
22 27 3.690940279949384e-15 5.073396829476832e-05
23 27 -2.175059073177021e-05 -5.394755282737815e-17
24 27 -1.482342622914205e-16 5.235490767203018e-05
25 27 -1.320574656473806e-05 -3.477896412183818e-17
26 27 2.757147158037998e-15 5.187533139376528e-05
27 27 -7.146848284675329e-06 -8.780443029437826e-18
28 27 5.376258838984235e-15 5.043250953557020e-05
29 27 -3.358594092233679e-06 1.814669606002913e-17
30 27 4.384906814581095e-15 4.895228038487401e-05
31 27 -1.242005939225006e-06 4.055171030753139e-17
32 27 1.832631296527598e-15 4.805834032806554e-05
33 27 -2.908992275314100e-17 5.455606657832725e-17
34 27 -1.805763958433515e-15 4.805834032805801e-05
35 27 1.242005939166072e-06 5.712776092964269e-17
36 27 -4.358212805630904e-15 4.895228038485271e-05
37 27 3.358594092176473e-06 4.826148550234440e-17
38 27 -5.349907913053447e-15 5.043250953553898e-05
39 27 7.146848284620238e-06 3.024822099510759e-17
0 28 -5.801689513621554e-16 -5.881980440200001e-05
1 28 -1.585843200370777e-05 4.885913074188235e-18
2 28 -2.784332880925472e-15 -6.069011517779889e-05
3 28 -2.835571931054452e-05 2.290031650069999e-17
4 28 -5.158706042336885e-15 -5.920584378430765e-05
5 28 -4.388430786067883e-05 3.259955395292284e-17
6 28 -6.072213497262819e-15 -5.261734798518500e-05
7 28 -6.027189116581511e-05 3.210767961022711e-17
8 28 -3.123768394794525e-15 -3.994220976327730e-05
9 28 -7.424089266032720e-05 2.066234739497402e-17
10 28 1.378656538829224e-15 -2.166678919119788e-05
11 28 -8.234598072201782e-05 1.996333466524352e-18
12 28 6.887275161695812e-15 -1.556336761292374e-18
13 28 -8.234598072202421e-05 -1.984070357202519e-17
14 28 1.385590959311411e-15 2.166678919119555e-05
15 28 -7.424089266034779e-05 -4.099074926387336e-17
16 28 -3.112115889925567e-15 3.994220976328005e-05
17 28 -6.027189116584520e-05 -5.518300773825094e-17
18 28 -6.054044358238148e-15 5.261734798519407e-05
19 28 -4.388430786071786e-05 -5.967749196220788e-17
20 28 -5.137792631146850e-15 5.920584378432263e-05
21 28 -2.835571931058827e-05 -5.276065117054438e-17
22 28 -2.762595955795156e-15 6.069011517781909e-05
23 28 -1.585843200375607e-05 -3.565327658486792e-17
24 28 -5.581363139785611e-16 5.881980440202234e-05
25 28 -7.236464759638785e-06 -1.137728592786748e-17
26 28 3.827699262537458e-15 5.542517803981551e-05
27 28 -2.287546959946880e-06 1.494869535319896e-17
28 28 6.290526761451239e-15 5.200128975928943e-05
29 28 -1.941431012126294e-07 3.840590600709463e-17
30 28 4.921839656030888e-15 4.956930923302240e-05
31 28 1.330630257801786e-07 5.405988822233357e-17
32 28 9.678722978219843e-18 4.869858882114927e-05
33 28 -1.330630258285310e-07 5.913671246001872e-17
34 28 -4.903006069707699e-15 4.956930923301315e-05
35 28 1.941431011632514e-07 5.319456128567796e-17
36 28 -6.270179186419392e-15 5.200128975927229e-05
37 28 2.287546959897624e-06 3.764226014122915e-17
38 28 -3.805800548657342e-15 5.542517803979384e-05
39 28 7.236464759588666e-06 1.660186605763924e-17
0 29 -1.354734077076697e-15 -6.954238315284478e-05
1 29 -1.869372258446223e-05 1.453537482104539e-17
2 29 3.460469488683835e-15 -7.348378377841217e-05
3 29 -3.755724826709493e-05 2.414815135754114e-17
4 29 -6.723806794516325e-15 -7.182420811089480e-05
5 29 -6.076398214145404e-05 2.531738414109910e-17
6 29 -6.287578326102879e-15 -6.179461476037830e-05
7 29 -8.415236538988917e-05 1.730829587528376e-17
8 29 -2.275357159975905e-15 -4.228482509262572e-05
9 29 -1.018472903237122e-04 2.168594257510641e-18
10 29 1.452015622142166e-15 -1.508717762164627e-05
11 29 -1.084777389116937e-04 -1.622276313754031e-17
12 29 1.455104043551494e-15 1.508717762165498e-05
13 29 -1.018472903237251e-04 -3.409533975852145e-17
14 29 -2.267997700598438e-15 4.228482509263396e-05
15 29 -8.415236538991459e-05 -4.697415424020673e-17
16 29 -6.275903776506995e-15 6.179461476038688e-05
17 29 -6.076398214148743e-05 -5.174224307781037e-17
18 29 -6.708158264474679e-15 7.182420811090332e-05
19 29 -3.755724826713164e-05 -4.661442896372681e-17
20 29 3.476503270230060e-15 7.348378377841978e-05
21 29 -1.869372258450202e-05 -3.210357246561319e-17
22 29 -1.341523261214857e-15 6.954238315285144e-05
23 29 -5.908348065070620e-06 -1.144889043561539e-17
24 29 -4.062275144769426e-16 6.303091097968098e-05
25 29 9.881333214228454e-07 1.196802234107320e-17
26 29 1.085648360250613e-15 5.639122216769267e-05
27 29 3.222635144663189e-06 3.321657645757501e-17
28 29 -2.502625050920239e-15 5.123723919972969e-05
29 29 2.367590215517580e-06 4.816786704823853e-17
30 29 -2.964946326541369e-16 4.846811690045128e-05
31 29 -1.485307646359023e-17 5.412671371277250e-17
32 29 2.985669184800956e-16 4.846811690045028e-05
33 29 -2.367590215548658e-06 5.067538811122692e-17
34 29 2.506788713841315e-15 5.123723919972709e-05
35 29 -3.222635144695932e-06 3.847313404845509e-17
36 29 -1.078557284237078e-15 5.639122216768863e-05
37 29 -9.881333214591611e-07 2.062853498969313e-17
38 29 4.159661083299612e-16 6.303091097967512e-05
39 29 5.908348065031349e-06 2.068977378980061e-18
0 30 -4.004434080306534e-15 -8.633606152281578e-05
1 30 -2.209099495267378e-05 1.774192900957910e-17
2 30 -1.311374554864238e-15 -9.330409092832081e-05
3 30 -5.155476276585033e-05 1.783672387807961e-17
4 30 1.654146184637481e-15 -9.053956744483534e-05
5 30 -8.716331740869235e-05 1.118983386371554e-17
6 30 -3.257928788834141e-15 -7.355953015683538e-05
7 30 -1.206268186000408e-04 -5.312368410508458e-19
8 30 2.994480805818861e-15 -4.165862906696945e-05
9 30 -1.412399456756893e-04 -1.561911718333066e-17
10 30 2.557504603387994e-17 9.574560484507601e-18
11 30 -1.412399456756968e-04 -2.897476187409068e-17
12 30 2.996671721032754e-15 4.165862906698668e-05
13 30 -1.206268186000575e-04 -3.879346243344192e-17
14 30 -3.252998553513557e-15 7.355953015684740e-05
15 30 -8.716331740871709e-05 -4.202579479803589e-17
16 30 1.659890458823337e-15 9.053956744484064e-05
17 30 -5.155476276587812e-05 -3.737879107952621e-17
18 30 -1.305767321184173e-15 9.330409092831808e-05
19 30 -2.209099495270194e-05 -2.514230912915850e-17
20 30 -4.002982206100983e-15 8.633606152280713e-05
21 30 -2.391592925329538e-06 -7.578464010592414e-18
22 30 -2.299051137182503e-15 7.489362304353793e-05
23 30 7.741990554740923e-06 1.106863088440960e-17
24 30 -3.383954361452044e-15 6.311325507200745e-05
25 30 1.039653401328589e-05 2.811875261207535e-17
26 30 -4.470169821867915e-15 5.353945995294080e-05
27 30 8.065243392534248e-06 4.009658656491517e-17
28 30 -2.411312242199085e-15 4.745403718227771e-05
29 30 2.978742838400570e-06 4.445922777649040e-17
30 30 -1.044543730642894e-17 4.538141007178938e-05
31 30 -2.978742838407592e-06 4.144028701527232e-17
32 30 2.391429716880659e-15 4.745403718228483e-05
33 30 -8.065243392543739e-06 3.165554022872781e-17
34 30 4.454871492117742e-15 5.353945995295302e-05
35 30 -1.039653401330021e-05 1.753735108681930e-17
36 30 3.373894779429063e-15 6.311325507202187e-05
37 30 -7.741990554762173e-06 2.267348740774508e-18
38 30 2.294281116858408e-15 7.489362304355112e-05
39 30 2.391592925303447e-06 -1.021602291491723e-17
0 31 -1.500971290509571e-15 -1.131125897210670e-04
1 31 -2.693655347366283e-05 1.218472487680126e-17
2 31 -3.261282731210511e-15 -1.245283349673506e-04
3 31 -7.481648035799150e-05 4.861066015728282e-18
4 31 9.057914903486915e-16 -1.182266257541915e-04
5 31 -1.310654952058843e-04 -5.903946999740597e-18
6 31 3.098810369503789e-15 -8.685291882900729e-05
7 31 -1.782924976122344e-04 -1.813174067118211e-17
8 31 3.182429009878902e-16 -3.216732269631948e-05
9 31 -1.969553829290656e-04 -2.777590366030266e-17
10 31 3.174552841251281e-16 3.216732269634384e-05
11 31 -1.782924976122433e-04 -3.357919484789848e-17
12 31 3.098344077710241e-15 8.685291882902520e-05
13 31 -1.310654952059004e-04 -3.343402050995463e-17
14 31 9.040059935507040e-16 1.182266257541985e-04
15 31 -7.481648035800901e-05 -2.705106531290036e-17
16 31 -3.264688717794032e-15 1.245283349673426e-04
17 31 -2.693655347367901e-05 -1.599620326261833e-17
18 31 -1.511395712766878e-15 1.131125897210452e-04
19 31 4.587910304997965e-06 -1.076476566421228e-18
20 31 -5.217067425213584e-15 9.367989852216742e-05
21 31 2.001360720358190e-05 1.330876914783613e-17
22 31 -6.253295205555904e-15 7.365922901663494e-05
23 31 2.335360978605341e-05 2.539057177119765e-17
24 31 -2.971471834557620e-15 5.716508526376066e-05
25 31 1.900759188608983e-05 3.262382301555314e-17
26 31 -2.827739653069128e-15 4.587592083625291e-05
27 31 1.041836625714090e-05 3.358798630165546e-17
28 31 -1.600496355322066e-15 4.022207613261662e-05
29 31 8.686710295676043e-18 2.854416016004013e-17
30 31 1.557535665397235e-15 4.022207613262454e-05
31 31 -1.041836625712571e-05 1.877044938730134e-17
32 31 2.787889260701955e-15 4.587592083627526e-05
33 31 -1.900759188608002e-05 6.777677707964804e-18
34 31 2.937395470000132e-15 5.716508526379259e-05
35 31 -2.335360978605269e-05 -4.121264745000396e-18
36 31 6.226649265430680e-15 7.365922901667004e-05
37 31 -2.001360720358738e-05 -1.202386727715656e-17
38 31 5.198986170282480e-15 9.367989852219864e-05
39 31 -4.587910305011264e-06 -1.487774672777808e-17
0 32 2.346106723642753e-15 -1.569534271598559e-04
1 32 -3.521853370211465e-05 3.259165924927312e-19
2 32 1.821992598905838e-15 -1.750337087995948e-04
3 32 -1.169602195564867e-04 -1.097805848694543e-17
4 32 7.707891532592079e-15 -1.588456943158953e-04
5 32 -2.085336377330388e-04 -2.169000371452854e-17
6 32 -2.585289542525835e-17 -9.665971098449423e-05
7 32 -2.713337055056526e-04 -2.937214449236711e-17
8 32 4.024847952751087e-15 1.451487219538104e-17
9 32 -2.713337055056561e-04 -3.098149883942500e-17
10 32 -3.066944575752361e-17 9.665971098451852e-05
11 32 -2.085336377330492e-04 -2.756229408255485e-17
12 32 7.696953623745309e-15 1.588456943159075e-04
13 32 -1.169602195564963e-04 -1.890443639811748e-17
14 32 1.809381969127942e-15 1.750337087995877e-04
15 32 -3.521853370212032e-05 -6.927888903240393e-18
16 32 2.326489487521726e-15 1.569534271598276e-04
17 32 1.747354063690506e-05 6.110643442166276e-18
18 32 -1.557768739429440e-15 1.238737252329060e-04
19 32 4.145945534280612e-05 1.786539437372302e-17
20 32 -4.309627960405855e-15 9.020416258863967e-05
21 32 4.533027018842049e-05 2.544301505790253e-17
22 32 1.013975007185699e-15 6.289934960721180e-05
23 32 3.763166488375021e-05 2.758538890576213e-17
24 32 4.371812737686622e-15 4.390329710139100e-05
25 32 2.418013298268212e-05 2.390783247329155e-17
26 32 -6.890852122956788e-16 3.297156938902550e-05
27 32 8.278486457270164e-06 1.537318257109603e-17
28 32 -3.035011952114773e-17 2.942744318434506e-05
29 32 -8.278486457234997e-06 4.322213181326118e-18
30 32 6.309198996840184e-16 3.297156938904916e-05
31 32 -2.418013298265096e-05 -6.891120759990243e-18
32 32 -4.426288134011389e-15 4.390329710143360e-05
33 32 -3.763166488372734e-05 -1.591127030321775e-17
34 32 -1.062425694809660e-15 6.289934960726497e-05
35 32 -4.533027018840687e-05 -1.955432348101064e-17
36 32 4.270128415792364e-15 9.020416258869357e-05
37 32 -4.145945534280196e-05 -1.791192896042359e-17
38 32 1.528149633796542e-15 1.238737252329504e-04
39 32 -1.747354063690735e-05 -1.041732260535172e-17
0 33 2.940746434339597e-15 -2.317242427714385e-04
1 33 -5.166773298556902e-05 -1.413850505001727e-17
2 33 6.397470338056540e-15 -2.599239278329905e-04
3 33 -2.004594373715752e-04 -2.603585204583333e-17
4 33 5.766135969483102e-15 -2.163772737028793e-04
5 33 -3.530904711632790e-04 -3.326391339045859e-17
6 33 -4.339412161426705e-15 -8.571505634911936e-05
7 33 -4.197965380834827e-04 -3.315871402433161e-17
8 33 -4.344843534212262e-15 8.571505634914409e-05
9 33 -3.530904711632844e-04 -2.643759837630827e-17
10 33 5.750129733593938e-15 2.163772737028946e-04
11 33 -2.004594373715816e-04 -1.418181587998932e-17
12 33 6.377577808899234e-15 2.599239278329879e-04
13 33 -5.166773298556705e-05 -3.854444985623951e-19
14 33 2.918210853206578e-15 2.317242427714118e-04
15 33 4.159624352610456e-05 1.278506401497312e-17
16 33 4.289673245028257e-15 1.734479614557156e-04
17 33 7.935272181837460e-05 2.354108284637641e-17
18 33 3.197561945042116e-15 1.158443119493304e-04
19 33 8.199868190266508e-05 2.763135741880167e-17
20 33 -3.781614353134747e-16 7.126846121322128e-05
21 33 6.752460201511149e-05 2.549003436293407e-17
22 33 5.041450346382224e-15 4.119586245985369e-05
23 33 4.639378243896301e-05 1.795278419357250e-17
24 33 8.634054370688670e-15 2.331199504271820e-05
25 33 2.335090596216637e-05 5.488871532999339e-18
26 33 4.132756655693220e-15 1.508868403645730e-05
27 33 2.116423858815050e-17 -8.748065923285493e-18
28 33 -4.201530409580127e-15 1.508868403647228e-05
29 33 -2.335090596212461e-05 -2.115795011637660e-17
30 33 -8.700461542951413e-15 2.331199504276070e-05
31 33 -4.639378243892765e-05 -2.918424278661429e-17
32 33 -5.101551160954922e-15 4.119586245991557e-05
33 33 -6.752460201508256e-05 -3.077237226679802e-17
34 33 3.255159116417163e-16 7.126846121329089e-05
35 33 -8.199868190264768e-05 -2.559933760247831e-17
36 33 -3.241994290870734e-15 1.158443119493950e-04
37 33 -7.935272181836350e-05 -1.389518202541452e-17
38 33 -4.321448387881100e-15 1.734479614557660e-04
39 33 -4.159624352609552e-05 7.885841544934447e-19
0 34 3.083394595038625e-15 -3.674118044578869e-04
1 34 -8.905049211541814e-05 -2.855757092151909e-17
2 34 1.246848156342083e-15 -4.101508429493257e-04
3 34 -3.834540707020837e-04 -3.543013232442606e-17
4 34 -7.479727443656536e-15 -2.869684097786244e-04
5 34 -6.349654375774524e-04 -3.586775782442113e-17
6 34 -5.925992654657130e-15 1.033480247242687e-17
7 34 -6.349654375774537e-04 -2.801255303584990e-17
8 34 -7.493374920079948e-15 2.869684097786395e-04
9 34 -3.834540707020854e-04 -1.485360477093004e-17
10 34 1.227846342878120e-15 4.101508429493262e-04
11 34 -8.905049211541413e-05 2.532007802415458e-18
12 34 3.058201109991829e-15 3.674118044578649e-04
13 34 9.008604129234764e-05 1.678458912638484e-17
14 34 -7.883570414224355e-16 2.575746269241744e-04
15 34 1.495514240889065e-04 2.682896840685186e-17
16 34 -1.428053257923656e-15 1.547174347045344e-04
17 34 1.440369853834949e-04 2.958553355455119e-17
18 34 -3.513437857947296e-15 8.155412649945266e-05
19 34 1.142880566605188e-04 2.544009245403180e-17
20 34 3.482019928692479e-15 3.591295416162566e-05
21 34 7.950515602062213e-05 1.475551253453936e-17
22 34 1.004166069565165e-14 9.879117633551647e-06
23 34 4.617023274571077e-05 -1.481475427873265e-18
24 34 6.017565346352551e-15 -3.166560352899322e-06
25 34 1.508280112594417e-05 -1.771620438872567e-17
26 34 -3.237595742139753e-17 -7.101027090924786e-06
27 34 -1.508280112590525e-05 -3.195489768494452e-17
28 34 -6.081439896429066e-15 -3.166560352866569e-06
29 34 -4.617023274567445e-05 -4.103005179840919e-17
30 34 -1.010195019625241e-14 9.879117633610670e-06
31 34 -7.950515602058857e-05 -4.179391825763682e-17
32 34 -3.538287245316973e-15 3.591295416170018e-05
33 34 -1.142880566604953e-04 -3.455395392697913e-17
34 34 3.461374825455933e-15 8.155412649952964e-05
35 34 -1.440369853834758e-04 -1.982840618472038e-17
36 34 1.385507503522825e-15 1.547174347046022e-04
37 34 -1.495514240888888e-04 -2.036172498941309e-18
38 34 7.580084516512032e-16 2.575746269242223e-04
39 34 -9.008604129233528e-05 1.512421227270563e-17
0 35 2.654262137989933e-15 -6.378596284326725e-04
1 35 -1.890500993225771e-04 -3.704981290398622e-17
2 35 -5.189992237915713e-16 -6.923640134991608e-04
3 35 -8.341084866400607e-04 -3.834196822162850e-17
4 35 -5.822267520375211e-15 -3.172032721583758e-04
5 35 -1.184377621283338e-03 -3.103318532047652e-17
6 35 -5.829830231699892e-15 3.172032721583838e-04
7 35 -8.341084866400652e-04 -1.771668682373757e-17
8 35 -5.396408044833518e-16 6.923640134991600e-04
9 35 -1.890500993225746e-04 -9.617108866895627e-20
10 35 2.632487664622541e-15 6.378596284326543e-04
11 35 2.002423463900766e-04 1.670215658859288e-17
12 35 -4.791023501232242e-16 4.072375578436564e-04
13 35 2.898444588494126e-04 2.700551679720747e-17
14 35 -4.734713620428423e-15 2.109087603077011e-04
15 35 2.523920936838904e-04 3.062192872959811e-17
16 35 -3.601750115384715e-15 8.897482108611615e-05
17 35 1.866389341594216e-04 2.573448717226509e-17
18 35 -2.665708227288878e-15 2.260677589188263e-05
19 35 1.260239804920036e-04 1.324422115902283e-17
20 35 5.164096509683138e-15 -1.102661872443494e-05
21 35 7.663028175461453e-05 -3.266385939556283e-18
22 35 6.745377511923849e-15 -2.695292679346624e-05
23 35 3.605846915977309e-05 -2.228019497671714e-17
24 35 4.767332063095069e-15 -3.322520495047027e-05
25 35 1.131767333353455e-17 -3.820704541535227e-17
26 35 -4.817809599128716e-15 -3.322520495045495e-05
27 35 -3.605846915975040e-05 -4.812418105995132e-17
28 35 -6.794712592495531e-15 -2.695292679342116e-05
29 35 -7.663028175459297e-05 -4.945128521787549e-17
30 35 -5.212765408504298e-15 -1.102661872436839e-05
31 35 -1.260239804919847e-04 -4.120972257203816e-17
32 35 2.618000529059485e-15 2.260677589195956e-05
33 35 -1.866389341594045e-04 -2.536558568428484e-17
34 35 3.560610023050644e-15 8.897482108619049e-05
35 35 -2.523920936838701e-04 -6.103744439644810e-18
36 35 4.701834597515783e-15 2.109087603077624e-04
37 35 -2.898444588493943e-04 1.309974558692686e-17
38 35 4.571337402953043e-16 4.072375578436966e-04
39 35 -2.002423463900665e-04 2.842117622108761e-17
0 36 -1.231842175671702e-15 -1.260911445834551e-03
1 36 -5.287447513272448e-04 -3.856308508108133e-17
2 36 -1.428954275638033e-15 -1.241090481841483e-03
3 36 -2.084058939626176e-03 -3.309572106690653e-17
4 36 -2.691890301064504e-15 -3.284544859641414e-18
5 36 -2.084058939626188e-03 -2.138433210980614e-17
6 36 -1.453430976095709e-15 1.241090481841476e-03
7 36 -5.287447513272533e-04 -2.411670029997582e-18
8 36 -1.253789494302143e-15 1.260911445834534e-03
9 36 5.008148584536033e-04 1.354185806494704e-17
10 36 2.965870024725961e-15 6.890821060050905e-04
11 36 5.988093111830778e-04 2.505853693148089e-17
12 36 1.284897846153113e-15 2.805884209301173e-04
13 36 4.479855364639659e-04 2.923570081253092e-17
14 36 -3.248324328077405e-15 7.635970036247075e-05
15 36 2.962952231737146e-04 2.461765718165668e-17
16 36 -2.602402088130217e-15 -1.229787124554357e-05
17 36 1.867972655800541e-04 1.234635648387268e-17
18 36 4.633694998261863e-15 -4.747675643552735e-05
19 36 1.122841887679769e-04 -5.072876854808261e-18
20 36 2.035315097962411e-15 -6.012887679686894e-05
21 36 5.973966334692592e-05 -2.318981074216639e-17
22 36 -9.761073541544027e-16 -6.404941755908076e-05
23 36 1.872783596881625e-05 -3.857816210115866e-17
24 36 -1.350156208810150e-17 -6.485609296552126e-05
25 36 -1.872783596881711e-05 -4.894742586577711e-17
26 36 9.480253851243116e-16 -6.404941755905403e-05
27 36 -5.973966334692815e-05 -5.080532135092398e-17
28 36 -2.064334571511678e-15 -6.012887679681983e-05
29 36 -1.122841887679736e-04 -4.298163657868629e-17
30 36 -4.662555035786796e-15 -4.747675643546308e-05
31 36 -1.867972655800471e-04 -2.759754920122149e-17
32 36 2.572432067053350e-15 -1.229787124547506e-05
33 36 -2.962952231737047e-04 -8.211779834761554e-18
34 36 3.222653215824962e-15 7.635970036253329e-05
35 36 -4.479855364639512e-04 1.192368561711477e-17
36 36 -1.307604864573425e-15 2.805884209301682e-04
37 36 -5.988093111830677e-04 2.775954150106813e-17
38 36 -2.987606757316392e-15 6.890821060051238e-04
39 36 -5.008148584535931e-04 3.718963260085441e-17
0 37 8.446038698237579e-16 -3.067469577776352e-03
1 37 -2.136811951068604e-03 -3.455413226143367e-17
2 37 -1.812081146505767e-15 -2.108594581772671e-03
3 37 -5.736251887820932e-03 -2.416893918248947e-17
4 37 -1.817793205508511e-15 2.108594581772639e-03
5 37 -2.136811951068599e-03 -5.967010259781591e-18
6 37 8.268922862165721e-16 3.067469577776324e-03
7 37 1.570746110244237e-03 6.772512982955364e-18
8 37 2.657105581984687e-15 1.237602867451561e-03
9 37 1.352886233552134e-03 1.936805678846741e-17
10 37 -1.818562075719074e-15 3.102927155485651e-04
11 37 8.010824333752333e-04 2.434838758180854e-17
12 37 -4.909811861557056e-15 -1.035031448455967e-05
13 37 4.494896985227925e-04 2.092139385984763e-17
14 37 -7.735925775038054e-16 -9.966561443242894e-05
15 37 2.544678106243239e-04 1.043894480892041e-17
16 37 -1.340383755903440e-15 -1.145861539333526e-04
17 37 1.450734562580837e-04 -6.160163081648983e-18
18 37 6.764698532987179e-16 -1.094277938081953e-04
19 37 7.944048516167903e-05 -2.286465371764477e-17
20 37 -1.679653063352007e-15 -1.018397474710925e-04
21 37 3.529671928385393e-05 -3.763598073492961e-17
22 37 -5.190536418002569e-16 -9.729365637915265e-05
23 37 -1.497629969866964e-17 -4.616394466314780e-17
24 37 5.183813478346889e-16 -9.729365637914370e-05
25 37 -3.529671928388171e-05 -4.701851697096717e-17
26 37 1.675187807674306e-15 -1.018397474710647e-04
27 37 -7.944048516170101e-05 -3.934415322484124e-17
28 37 -6.813380631988820e-16 -1.094277938081538e-04
29 37 -1.450734562580964e-04 -2.513673208517131e-17
30 37 1.332587086896634e-15 -1.145861539333041e-04
31 37 -2.544678106243271e-04 -6.222904867955001e-18
32 37 7.625558779466001e-16 -9.966561443237824e-05
33 37 -4.494896985227875e-04 1.306652002011747e-17
34 37 4.896280965509377e-15 -1.035031448451206e-05
35 37 -8.010824333752328e-04 2.897042509477921e-17
36 37 1.804113646522099e-15 3.102927155486051e-04
37 37 -1.352886233552116e-03 3.608064123512490e-17
38 37 -2.664415129326018e-15 1.237602867451591e-03
39 37 -1.570746110244237e-03 3.881803453596670e-17
0 38 2.597750689294748e-15 -1.045160201279299e-02
1 38 -1.298788477276648e-02 -2.476149951900687e-17
2 38 1.815904132117566e-15 -2.763179497551572e-17
3 38 -1.298788477276647e-02 -1.169932171573097e-17
4 38 2.602417129344361e-15 1.045160201279295e-02
5 38 6.945322534877455e-03 3.648903262275795e-18
6 38 -7.116433549874564e-16 2.105016076971711e-03
7 38 3.291009736985799e-03 1.381437423560385e-17
8 38 1.706660733406739e-15 -7.154717436045825e-06
9 38 1.354854951069610e-03 1.940974251021974e-17
10 38 1.026074558363461e-15 -3.280120691823088e-04
11 38 6.024688694799476e-04 1.446165764295811e-17
12 38 3.807252461766750e-15 -3.016650401278814e-04
13 38 2.946383180131879e-04 5.356948578787321e-18
14 38 -8.937249379242164e-17 -2.354540071583571e-04
15 38 1.545129022046485e-04 -8.067680427997592e-18
16 38 -8.987291789862744e-16 -1.831948805321194e-04
17 38 8.293808521822593e-05 -2.335659738010340e-17
18 38 -3.207328745385816e-15 -1.493403476709282e-04
19 38 4.131079809745825e-05 -3.548623438507259e-17
20 38 -5.235978139152957e-15 -1.307983926051729e-04
21 38 1.256153313533972e-05 -4.169077644830572e-17
22 38 1.267994568278046e-17 -1.249246313014755e-04
23 38 -1.256153313539341e-05 -4.051198214517519e-17
24 38 5.259697596939616e-15 -1.307983926051647e-04
25 38 -4.131079809750621e-05 -3.225704595766932e-17
26 38 3.228221586644052e-15 -1.493403476709131e-04
27 38 -8.293808521826221e-05 -1.712754928021617e-17
28 38 9.150416737056432e-16 -1.831948805320972e-04
29 38 -1.545129022046754e-04 9.694516927511879e-19
30 38 1.003906906278279e-16 -2.354540071583316e-04
31 38 -2.946383180132000e-04 1.811637920133745e-17
32 38 -3.801968238232684e-15 -3.016650401278512e-04
33 38 -6.024688694799470e-04 3.210725339407630e-17
34 38 -1.029410551948551e-15 -3.280120691822755e-04
35 38 -1.354854951069607e-03 3.937608893916615e-17
36 38 -1.709778110204410e-15 -7.154717436009863e-06
37 38 -3.291009736985798e-03 4.176008037538995e-17
38 38 6.878115109831425e-16 2.105016076971752e-03
39 38 -6.945322534877484e-03 3.400472543812095e-17
0 39 3.242627403028256e-16 -5.543213656368124e-02
1 39 -1.089991616731619e-01 -2.047361564681778e-17
2 39 3.039318558561263e-16 5.543213656368130e-02
3 39 4.498747911333113e-02 -6.828707826853876e-18
4 39 -1.047657784210384e-15 -3.604723449437151e-06
5 39 6.947396972550431e-03 3.802919119055842e-18
6 39 1.583584537827540e-15 -2.115818555310237e-03
7 39 1.574851619617548e-03 1.218997973852044e-17
8 39 2.966534370015444e-18 -1.252009340083727e-03
9 39 5.068308134048482e-04 9.007532527766928e-18
10 39 2.126998672512275e-15 -7.071857185057909e-04
11 39 2.079170024792243e-04 1.027974566732072e-19
12 39 5.408724514825095e-15 -4.293225170172948e-04
13 39 9.897362474657132e-05 -1.199540840968303e-17
14 39 -3.381946959129002e-15 -2.842898368980984e-04
15 39 5.098611836525414e-05 -2.496504452658797e-17
16 39 -9.135506771786588e-15 -2.060711437230476e-04
17 39 2.630475122561629e-05 -3.441937438904483e-17
18 39 -1.448101188315455e-15 -1.647101279004630e-04
19 39 1.132321456761266e-05 -3.864797776436406e-17
20 39 2.296746327629347e-15 -1.466818449107014e-04
21 39 -3.446180464808572e-17 -3.448274642821807e-17
22 39 -2.253019025128284e-15 -1.466818449107035e-04
23 39 -1.132321456767789e-05 -2.388556287845555e-17
24 39 1.489105972667599e-15 -1.647101279004680e-04
25 39 -2.630475122567168e-05 -8.087163453432665e-18
26 39 9.171717014284541e-15 -2.060711437230537e-04
27 39 -5.098611836529801e-05 1.045810136884045e-17
28 39 3.411046371909942e-15 -2.842898368981015e-04
29 39 -9.897362474659956e-05 2.685768330385680e-17
30 39 -5.386858305217763e-15 -4.293225170172921e-04
31 39 -2.079170024792367e-04 3.848035675823928e-17
32 39 -2.108639568915108e-15 -7.071857185057775e-04
33 39 -5.068308134048480e-04 4.511808669208564e-17
34 39 7.353504603150477e-18 -1.252009340083701e-03
35 39 -1.574851619617546e-03 4.085046553218211e-17
36 39 -1.586990151334023e-15 -2.115818555310193e-03
37 39 -6.947396972550446e-03 3.524346777049349e-17
38 39 1.030509060663101e-15 -3.604723449379260e-06
39 39 -4.498747911333117e-02 1.620174617169010e-17
