0 0 2.256896521549135e-17 -2.838669668769761e-16
1 0 3.099190108230658e-01 -1.800668923413954e-01
2 0 2.422553911917726e-01 -2.762155796699371e-16
3 0 1.468719135104906e-01 -3.605255817093692e-02
4 0 1.173656662019741e-01 -2.367698890600007e-16
5 0 8.890763582887092e-02 -1.253106640743378e-02
6 0 7.395677882057863e-02 -1.876712855800000e-16
7 0 6.067178627306206e-02 -6.426053082978173e-03
8 0 5.169627795687923e-02 -1.443099404592798e-16
9 0 4.367470039321762e-02 -4.091278354936420e-03
10 0 3.752367399958063e-02 -1.183766000136017e-16
11 0 3.190602563239370e-02 -2.964898320703389e-03
12 0 2.725296493812525e-02 -1.130999188271991e-16
13 0 2.291030842919747e-02 -2.350816431580851e-03
14 0 1.910949794060090e-02 -1.239882223054936e-16
15 0 1.549258293976084e-02 -1.998942587236908e-03
16 0 1.218495769558977e-02 -1.457574321949958e-16
17 0 8.981638931279956e-03 -1.802935818076427e-03
18 0 5.939404816206685e-03 -1.659122073960235e-16
19 0 2.944635103819016e-03 -1.714558484736830e-03
20 0 7.915427704208532e-18 -1.717915338748096e-16
21 0 -2.944635103819079e-03 -1.714558484736830e-03
22 0 -5.939404816206677e-03 -1.594620166539603e-16
23 0 -8.981638931280006e-03 -1.802935818076431e-03
24 0 -1.218495769558980e-02 -1.309491860728075e-16
25 0 -1.549258293976087e-02 -1.998942587236921e-03
26 0 -1.910949794060100e-02 -9.443162075514816e-17
27 0 -2.291030842919745e-02 -2.350816431580876e-03
28 0 -2.725296493812532e-02 -6.398239112226880e-17
29 0 -3.190602563239366e-02 -2.964898320703430e-03
30 0 -3.752367399958070e-02 -5.342354692072833e-17
31 0 -4.367470039321764e-02 -4.091278354936475e-03
32 0 -5.169627795687932e-02 -6.861019615875937e-17
33 0 -6.067178627306203e-02 -6.426053082978240e-03
34 0 -7.395677882057868e-02 -1.022812496170639e-16
35 0 -8.890763582887097e-02 -1.253106640743383e-02
36 0 -1.173656662019742e-01 -1.561297214850520e-16
37 0 -1.468719135104906e-01 -3.605255817093690e-02
38 0 -2.422553911917726e-01 -2.296423373705250e-16
39 0 -3.099190108230656e-01 -1.800668923413954e-01
0 1 1.211325189168356e-01 -2.132045270229625e-01
1 1 1.036850349281725e-01 -1.142902577729870e-01
2 1 1.139381196652713e-01 -6.920132954903740e-02
3 1 8.497597246184770e-02 -5.363736518755784e-02
4 1 8.005279393447473e-02 -3.119574441954324e-02
5 1 6.311087107009600e-02 -2.919468763286137e-02
6 1 5.728657044784409e-02 -1.771018160598894e-02
7 1 4.699393780007306e-02 -1.844349843454623e-02
8 1 4.206203701271969e-02 -1.172963471852683e-02
9 1 3.512705186734717e-02 -1.307833371112397e-02
10 1 3.103436353851665e-02 -8.654307904993098e-03
11 1 2.591204183980136e-02 -1.012855470937302e-02
12 1 2.240794530576450e-02 -6.926731341468608e-03
13 1 1.833058330483510e-02 -8.415768698478345e-03
14 1 1.520158719917974e-02 -5.921146082839733e-03
15 1 1.174780109372530e-02 -7.419904924222676e-03
16 1 8.828834509188085e-03 -5.356139745085589e-03
17 1 5.741536587825730e-03 -6.895952184560373e-03
18 1 2.896901091646165e-03 -5.100257609579944e-03
19 1 -4.095860300917752e-17 -6.732138359978389e-03
20 1 -2.896901091646138e-03 -5.100257609579942e-03
21 1 -5.741536587825806e-03 -6.895952184560372e-03
22 1 -8.828834509188088e-03 -5.356139745085579e-03
23 1 -1.174780109372532e-02 -7.419904924222690e-03
24 1 -1.520158719917976e-02 -5.921146082839705e-03
25 1 -1.833058330483510e-02 -8.415768698478369e-03
26 1 -2.240794530576456e-02 -6.926731341468563e-03
27 1 -2.591204183980135e-02 -1.012855470937307e-02
28 1 -3.103436353851677e-02 -8.654307904993020e-03
29 1 -3.512705186734708e-02 -1.307833371112405e-02
30 1 -4.206203701271980e-02 -1.172963471852672e-02
31 1 -4.699393780007299e-02 -1.844349843454630e-02
32 1 -5.728657044784414e-02 -1.771018160598882e-02
33 1 -6.311087107009593e-02 -2.919468763286148e-02
34 1 -8.005279393447479e-02 -3.119574441954314e-02
35 1 -8.497597246184777e-02 -5.363736518755793e-02
36 1 -1.139381196652713e-01 -6.920132954903727e-02
37 1 -1.036850349281726e-01 -1.142902577729870e-01
38 1 -1.211325189168356e-01 -2.132045270229627e-01
39 1 -3.175023620820509e-17 -2.202592151286409e-01
0 2 5.872141966857777e-02 -1.084687684602827e-01
1 2 5.438089811711255e-02 -7.930502053785732e-02
2 2 6.410092807798309e-02 -6.233893739144523e-02
3 2 5.289948131633713e-02 -5.045060060328600e-02
4 2 5.366870039320985e-02 -3.792401797079385e-02
5 2 4.421641274039689e-02 -3.367954208136777e-02
6 2 4.228283456920924e-02 -2.541169252706419e-02
7 2 3.516280445631423e-02 -2.419109574399032e-02
8 2 3.254850156428531e-02 -1.860162627309030e-02
9 2 2.711280108227656e-02 -1.865067670317138e-02
10 2 2.441105841061655e-02 -1.466785509685222e-02
11 2 2.008548072275384e-02 -1.531083439117095e-02
12 2 1.743819980754812e-02 -1.231707896410965e-02
13 2 1.383528480376738e-02 -1.328555914726494e-02
14 2 1.124008793638341e-02 -1.092692644635231e-02
15 2 8.105179994890545e-03 -1.212027110970284e-02
16 2 5.510068316134673e-03 -1.018850833172253e-02
17 2 2.669964403249543e-03 -1.158590441062676e-02
18 2 1.769168322914180e-17 -9.956639971065284e-03
19 2 -2.669964403249635e-03 -1.158590441062675e-02
20 2 -5.510068316134657e-03 -1.018850833172255e-02
21 2 -8.105179994890608e-03 -1.212027110970283e-02
22 2 -1.124008793638340e-02 -1.092692644635231e-02
23 2 -1.383528480376742e-02 -1.328555914726495e-02
24 2 -1.743819980754811e-02 -1.231707896410962e-02
25 2 -2.008548072275383e-02 -1.531083439117098e-02
26 2 -2.441105841061664e-02 -1.466785509685215e-02
27 2 -2.711280108227656e-02 -1.865067670317145e-02
28 2 -3.254850156428537e-02 -1.860162627309022e-02
29 2 -3.516280445631412e-02 -2.419109574399040e-02
30 2 -4.228283456920933e-02 -2.541169252706410e-02
31 2 -4.421641274039688e-02 -3.367954208136779e-02
32 2 -5.366870039320992e-02 -3.792401797079371e-02
33 2 -5.289948131633711e-02 -5.045060060328616e-02
34 2 -6.410092807798309e-02 -6.233893739144512e-02
35 2 -5.438089811711263e-02 -7.930502053785739e-02
36 2 -5.872141966857777e-02 -1.084687684602826e-01
37 2 -2.596241465650732e-02 -1.164204952715452e-01
38 2 1.170655612730861e-17 -1.383525371055049e-01
39 2 2.596241465650725e-02 -1.164204952715451e-01
0 3 3.710862014271402e-02 -7.433096385948007e-02
1 3 3.509151578954479e-02 -6.140739171499813e-02
2 3 4.111591466364649e-02 -5.291280008954416e-02
3 3 3.562121771902015e-02 -4.547959646507433e-02
4 3 3.717316066609798e-02 -3.797475179117370e-02
5 3 3.151016408053055e-02 -3.431777360844195e-02
6 3 3.095803733109196e-02 -2.852994280279791e-02
7 3 2.601645916726397e-02 -2.697674992529506e-02
8 3 2.454267852355917e-02 -2.261632458830762e-02
9 3 2.037296844018104e-02 -2.221849173808707e-02
10 3 1.849466172401898e-02 -1.889106150914499e-02
11 3 1.494920486565218e-02 -1.916595535066256e-02
12 3 1.287385826931969e-02 -1.656875330799958e-02
13 3 9.793458840751858e-03 -1.728062040936713e-02
14 3 7.587979516938742e-03 -1.520993224636094e-02
15 3 4.843034240030590e-03 -1.625368558218672e-02
16 3 2.506606842658307e-03 -1.458115397189032e-02
17 3 -4.572459201530112e-17 -1.592747481670890e-02
18 3 -2.506606842658274e-03 -1.458115397189033e-02
19 3 -4.843034240030673e-03 -1.625368558218671e-02
20 3 -7.587979516938727e-03 -1.520993224636095e-02
21 3 -9.793458840751919e-03 -1.728062040936711e-02
22 3 -1.287385826931970e-02 -1.656875330799955e-02
23 3 -1.494920486565221e-02 -1.916595535066256e-02
24 3 -1.849466172401906e-02 -1.889106150914496e-02
25 3 -2.037296844018105e-02 -2.221849173808710e-02
26 3 -2.454267852355924e-02 -2.261632458830759e-02
27 3 -2.601645916726398e-02 -2.697674992529511e-02
28 3 -3.095803733109203e-02 -2.852994280279781e-02
29 3 -3.151016408053053e-02 -3.431777360844203e-02
30 3 -3.717316066609812e-02 -3.797475179117351e-02
31 3 -3.562121771902013e-02 -4.547959646507441e-02
32 3 -4.111591466364652e-02 -5.291280008954402e-02
33 3 -3.509151578954486e-02 -6.140739171499821e-02
34 3 -3.710862014271400e-02 -7.433096385948006e-02
35 3 -2.367096955026269e-02 -7.962401267676583e-02
36 3 -1.604833120865298e-02 -9.338431583326989e-02
37 3 -1.851401709428404e-17 -8.862397024147121e-02
38 3 1.604833120865301e-02 -9.338431583326985e-02
39 3 2.367096955026265e-02 -7.962401267676562e-02
0 4 2.615684858815230e-02 -5.855872271164275e-02
1 4 2.478278902298855e-02 -5.142532448838349e-02
2 4 2.848723011371815e-02 -4.634940681272263e-02
3 4 2.522694336431785e-02 -4.159694629396739e-02
4 4 2.652624692570660e-02 -3.672065054412096e-02
5 4 2.281714703587687e-02 -3.398271114096447e-02
6 4 2.267480173770303e-02 -2.985461109304361e-02
7 4 1.912286990841507e-02 -2.849975061712950e-02
8 4 1.816901037364149e-02 -2.515285075493646e-02
9 4 1.495099489472269e-02 -2.470698344111462e-02
10 4 1.353316495942569e-02 -2.202350634269344e-02
11 4 1.065704149173169e-02 -2.219324297700219e-02
12 4 8.949055671602773e-03 -2.004401433936391e-02
13 4 6.371007648435914e-03 -2.066500828939832e-02
14 4 4.448200065534267e-03 -1.895023708084819e-02
15 4 2.118594552855640e-03 -1.994283445731604e-02
16 4 1.399708308900185e-17 -1.860045222946242e-02
17 4 -2.118594552855719e-03 -1.994283445731604e-02
18 4 -4.448200065534248e-03 -1.895023708084822e-02
19 4 -6.371007648435984e-03 -2.066500828939830e-02
20 4 -8.949055671602760e-03 -2.004401433936394e-02
21 4 -1.065704149173173e-02 -2.219324297700217e-02
22 4 -1.353316495942570e-02 -2.202350634269346e-02
23 4 -1.495099489472270e-02 -2.470698344111460e-02
24 4 -1.816901037364155e-02 -2.515285075493643e-02
25 4 -1.912286990841507e-02 -2.849975061712948e-02
26 4 -2.267480173770306e-02 -2.985461109304360e-02
27 4 -2.281714703587686e-02 -3.398271114096449e-02
28 4 -2.652624692570664e-02 -3.672065054412093e-02
29 4 -2.522694336431788e-02 -4.159694629396747e-02
30 4 -2.848723011371821e-02 -4.634940681272259e-02
31 4 -2.478278902298854e-02 -5.142532448838356e-02
32 4 -2.615684858815234e-02 -5.855872271164266e-02
33 4 -1.919373901155128e-02 -6.215979551861611e-02
34 4 -1.650827864927044e-02 -7.032223867068271e-02
35 4 -7.397249726847530e-03 -6.982740277609951e-02
36 4 2.605924451584294e-18 -7.544707107039078e-02
37 4 7.397249726847511e-03 -6.982740277609950e-02
38 4 1.650827864927043e-02 -7.032223867068275e-02
39 4 1.919373901155124e-02 -6.215979551861609e-02
0 5 1.936488548518635e-02 -4.985922699533246e-02
1 5 1.825944779994654e-02 -4.545333830202947e-02
2 5 2.058632435351960e-02 -4.207028874452631e-02
3 5 1.837089452754491e-02 -3.892293375891739e-02
4 5 1.927792735211672e-02 -3.554490202046836e-02
5 5 1.665555116719848e-02 -3.358211264203567e-02
6 5 1.657490992011489e-02 -3.056299584763248e-02
7 5 1.392409874525726e-02 -2.953145481527654e-02
8 5 1.319384537703252e-02 -2.696860514880538e-02
9 5 1.067978591710626e-02 -2.663300514853410e-02
10 5 9.518558340932825e-03 -2.451575299592509e-02
11 5 7.197796783704111e-03 -2.470788522293867e-02
12 5 5.732572877449999e-03 -2.299590406236062e-02
13 5 3.616119981528268e-03 -2.361178108757693e-02
14 5 1.912985484555487e-03 -2.226996563564687e-02
15 5 -3.050974384110802e-17 -2.325622251070754e-02
16 5 -1.912985484555477e-03 -2.226996563564688e-02
17 5 -3.616119981528327e-03 -2.361178108757692e-02
18 5 -5.732572877450002e-03 -2.299590406236068e-02
19 5 -7.197796783704155e-03 -2.470788522293861e-02
20 5 -9.518558340932843e-03 -2.451575299592516e-02
21 5 -1.067978591710630e-02 -2.663300514853407e-02
22 5 -1.319384537703255e-02 -2.696860514880538e-02
23 5 -1.392409874525728e-02 -2.953145481527649e-02
24 5 -1.657490992011491e-02 -3.056299584763250e-02
25 5 -1.665555116719848e-02 -3.358211264203560e-02
26 5 -1.927792735211675e-02 -3.554490202046839e-02
27 5 -1.837089452754490e-02 -3.892293375891739e-02
28 5 -2.058632435351964e-02 -4.207028874452629e-02
29 5 -1.825944779994655e-02 -4.545333830202950e-02
30 5 -1.936488548518635e-02 -4.985922699533243e-02
31 5 -1.530387045354982e-02 -5.245487863562167e-02
32 5 -1.435616247437871e-02 -5.757769984209909e-02
33 5 -8.916039526113978e-03 -5.821976281983696e-02
34 5 -5.379709481715953e-03 -6.263465870721807e-02
35 5 -7.103317223467624e-18 -6.050947262381032e-02
36 5 5.379709481715944e-03 -6.263465870721815e-02
37 5 8.916039526113959e-03 -5.821976281983697e-02
38 5 1.435616247437870e-02 -5.757769984209917e-02
39 5 1.530387045354982e-02 -5.245487863562170e-02
0 6 1.466901998776674e-02 -4.462718569802943e-02
1 6 1.371932563916875e-02 -4.173467103981247e-02
2 6 1.519263625662379e-02 -3.932036039649252e-02
3 6 1.354695215875688e-02 -3.718782313469852e-02
4 6 1.411264491903146e-02 -3.474050549698986e-02
5 6 1.215134462734318e-02 -3.336800238521655e-02
6 6 1.202122976117636e-02 -3.111650057153481e-02
7 6 9.984045956769303e-03 -3.039887465760777e-02
8 6 9.346198906910895e-03 -2.844002438009405e-02
9 6 7.364737630445555e-03 -2.825958977724064e-02
10 6 6.356512253158839e-03 -2.662246370221801e-02
11 6 4.498088032965447e-03 -2.688468405786889e-02
12 6 3.210125448908256e-03 -2.557299062015932e-02
13 6 1.511232871218017e-03 -2.621405198723793e-02
14 6 -5.865892232928811e-18 -2.523024418541503e-02
15 6 -1.511232871218052e-03 -2.621405198723789e-02
16 6 -3.210125448908267e-03 -2.557299062015935e-02
17 6 -4.498088032965475e-03 -2.688468405786885e-02
18 6 -6.356512253158859e-03 -2.662246370221806e-02
19 6 -7.364737630445579e-03 -2.825958977724056e-02
20 6 -9.346198906910911e-03 -2.844002438009411e-02
21 6 -9.984045956769317e-03 -3.039887465760769e-02
22 6 -1.202122976117639e-02 -3.111650057153488e-02
23 6 -1.215134462734321e-02 -3.336800238521648e-02
24 6 -1.411264491903147e-02 -3.474050549698988e-02
25 6 -1.354695215875689e-02 -3.718782313469846e-02
26 6 -1.519263625662382e-02 -3.932036039649253e-02
27 6 -1.371932563916878e-02 -4.173467103981237e-02
28 6 -1.466901998776676e-02 -4.462718569802945e-02
29 6 -1.215286379211274e-02 -4.658527559547970e-02
30 6 -1.193372739358164e-02 -4.997205816298034e-02
31 6 -8.518343568581721e-03 -5.088577508938690e-02
32 6 -6.793525248364149e-03 -5.411929380474718e-02
33 6 -3.083034396152893e-03 -5.348125227549112e-02
34 6 -6.654519020278643e-18 -5.570699014817340e-02
35 6 3.083034396152883e-03 -5.348125227549116e-02
36 6 6.793525248364132e-03 -5.411929380474718e-02
37 6 8.518343568581726e-03 -5.088577508938692e-02
38 6 1.193372739358162e-02 -4.997205816298022e-02
39 6 1.215286379211273e-02 -4.658527559547976e-02
0 7 1.121197520246458e-02 -4.134957528662459e-02
1 7 1.037699583039870e-02 -3.938681175141179e-02
2 7 1.129792572483704e-02 -3.758970513231333e-02
3 7 1.000760116087900e-02 -3.613240723079402e-02
4 7 1.031124049931598e-02 -3.430856901349472e-02
5 7 8.789818575196192e-03 -3.337534183088063e-02
6 7 8.588538944656219e-03 -3.167830354217444e-02
7 7 6.994490245267954e-03 -3.122585398848202e-02
8 7 6.398508764505329e-03 -2.973852031988249e-02
9 7 4.834218846858692e-03 -2.970723558799614e-02
10 7 3.933109180244033e-03 -2.847158983487371e-02
11 7 2.464422084045278e-03 -2.880756068421248e-02
12 7 1.325572898059215e-03 -2.784777630044009e-02
13 7 -3.421849410247281e-18 -2.851001159581710e-02
14 7 -1.325572898059250e-03 -2.784777630044010e-02
15 7 -2.464422084045289e-03 -2.880756068421247e-02
16 7 -3.933109180244065e-03 -2.847158983487378e-02
17 7 -4.834218846858700e-03 -2.970723558799606e-02
18 7 -6.398508764505350e-03 -2.973852031988257e-02
19 7 -6.994490245267977e-03 -3.122585398848194e-02
20 7 -8.588538944656228e-03 -3.167830354217455e-02
21 7 -8.789818575196215e-03 -3.337534183088053e-02
22 7 -1.031124049931599e-02 -3.430856901349472e-02
23 7 -1.000760116087903e-02 -3.613240723079396e-02
24 7 -1.129792572483704e-02 -3.758970513231340e-02
25 7 -1.037699583039874e-02 -3.938681175141177e-02
26 7 -1.121197520246460e-02 -4.134957528662465e-02
27 7 -9.608799726252254e-03 -4.287184369632951e-02
28 7 -9.724571235228319e-03 -4.519160460221793e-02
29 7 -7.507395565180583e-03 -4.611114680969305e-02
30 7 -6.694199930564654e-03 -4.845733803544873e-02
31 7 -4.146857678381429e-03 -4.846233440018433e-02
32 7 -2.397352209944160e-03 -5.036701793255033e-02
33 7 -3.003666692722163e-18 -4.932891644422430e-02
34 7 2.397352209944140e-03 -5.036701793255033e-02
35 7 4.146857678381419e-03 -4.846233440018431e-02
36 7 6.694199930564633e-03 -4.845733803544872e-02
37 7 7.507395565180568e-03 -4.611114680969301e-02
38 7 9.724571235228328e-03 -4.519160460221793e-02
39 7 9.608799726252242e-03 -4.287184369632954e-02
0 8 8.571476318921762e-03 -3.927081994578798e-02
1 8 7.834614229618215e-03 -3.791886737671468e-02
2 8 8.387581152661307e-03 -3.654840065448621e-02
3 8 7.345881543961597e-03 -3.555759690584693e-02
4 8 7.459522493530545e-03 -3.417799868347556e-02
5 8 6.255547916950814e-03 -3.356931581734762e-02
6 8 5.994533242493867e-03 -3.228820828456755e-02
7 8 4.738572545381941e-03 -3.204476625982277e-02
8 8 4.172160059566546e-03 -3.093053217536431e-02
9 8 2.945002543043493e-03 -3.102095876035047e-02
10 8 2.135775657273407e-03 -3.011725589116894e-02
11 8 9.979902102029365e-04 -3.050842211599649e-02
12 8 -2.795267694350521e-17 -2.984680097056801e-02
13 8 -9.979902102029222e-04 -3.050842211599649e-02
14 8 -2.135775657273459e-03 -3.011725589116894e-02
15 8 -2.945002543043487e-03 -3.102095876035046e-02
16 8 -4.172160059566601e-03 -3.093053217536435e-02
17 8 -4.738572545381957e-03 -3.204476625982278e-02
18 8 -5.994533242493895e-03 -3.228820828456758e-02
19 8 -6.255547916950831e-03 -3.356931581734752e-02
20 8 -7.459522493530554e-03 -3.417799868347553e-02
21 8 -7.345881543961629e-03 -3.555759690584689e-02
22 8 -8.387581152661314e-03 -3.654840065448632e-02
23 8 -7.834614229618252e-03 -3.791886737671465e-02
24 8 -8.571476318921760e-03 -3.927081994578809e-02
25 8 -7.544682067718115e-03 -4.047525803011376e-02
26 8 -7.816221691408477e-03 -4.209777594489551e-02
27 8 -6.351535462931569e-03 -4.293789895146195e-02
28 8 -6.022283205587423e-03 -4.464569448532393e-02
29 8 -4.265973162827233e-03 -4.492375312531544e-02
30 8 -3.293740290685544e-03 -4.644835922487049e-02
31 8 -1.506399377547721e-03 -4.604316265699977e-02
32 8 -9.263864511837112e-18 -4.710310844950566e-02
33 8 1.506399377547718e-03 -4.604316265699979e-02
34 8 3.293740290685530e-03 -4.644835922487048e-02
35 8 4.265973162827228e-03 -4.492375312531546e-02
36 8 6.022283205587410e-03 -4.464569448532394e-02
37 8 6.351535462931546e-03 -4.293789895146197e-02
38 8 7.816221691408470e-03 -4.209777594489544e-02
39 8 7.544682067718093e-03 -4.047525803011384e-02
0 9 6.513366704996091e-03 -3.796654215620384e-02
1 9 5.867053781977031e-03 -3.703390319994708e-02
2 9 6.171955174372828e-03 -3.597676899564526e-02
3 9 5.320653599151898e-03 -3.531574597940222e-02
4 9 5.303285947678358e-03 -3.426774161049358e-02
5 9 4.343870992736225e-03 -3.389658993965800e-02
6 9 4.045183245017981e-03 -3.293615337602405e-02
7 9 3.058304727427675e-03 -3.284864346510893e-02
8 9 2.525850267856215e-03 -3.203146534566988e-02
9 9 1.576506844351334e-03 -3.220912444897001e-02
10 9 8.579615379351107e-04 -3.157537072010512e-02
11 9 1.568144271684604e-17 -3.199445509065429e-02
12 9 -8.579615379351786e-04 -3.157537072010515e-02
13 9 -1.576506844351311e-03 -3.220912444896997e-02
14 9 -2.525850267856271e-03 -3.203146534566989e-02
15 9 -3.058304727427668e-03 -3.284864346510893e-02
16 9 -4.045183245018026e-03 -3.293615337602415e-02
17 9 -4.343870992736233e-03 -3.389658993965796e-02
18 9 -5.303285947678371e-03 -3.426774161049365e-02
19 9 -5.320653599151932e-03 -3.531574597940217e-02
20 9 -6.171955174372838e-03 -3.597676899564527e-02
21 9 -5.867053781977070e-03 -3.703390319994700e-02
22 9 -6.513366704996085e-03 -3.796654215620391e-02
23 9 -5.865470992780941e-03 -3.892722714218026e-02
24 9 -6.201787437167526e-03 -4.007292050020518e-02
25 9 -5.230676164322290e-03 -4.080889926258802e-02
26 9 -5.165236749074554e-03 -4.205604084921382e-02
27 9 -3.951686091289126e-03 -4.243649278473508e-02
28 9 -3.439729336563330e-03 -4.362304825530146e-02
29 9 -2.131964801626253e-03 -4.355148314882480e-02
30 9 -1.208877061451595e-03 -4.449394819110749e-02
31 9 6.648387517475138e-19 -4.394932616646832e-02
32 9 1.208877061451580e-03 -4.449394819110751e-02
33 9 2.131964801626249e-03 -4.355148314882486e-02
34 9 3.439729336563319e-03 -4.362304825530140e-02
35 9 3.951686091289104e-03 -4.243649278473512e-02
36 9 5.165236749074548e-03 -4.205604084921379e-02
37 9 5.230676164322260e-03 -4.080889926258801e-02
38 9 6.201787437167532e-03 -4.007292050020513e-02
39 9 5.865470992780907e-03 -3.892722714218030e-02
0 10 4.894806902312207e-03 -3.717705412416477e-02
1 10 4.334499138642707e-03 -3.653997472448669e-02
2 10 4.473167845058759e-03 -3.572287674505051e-02
3 10 3.777068220639487e-03 -3.529709528912986e-02
4 10 3.675353685593715e-03 -3.450444357820233e-02
5 10 2.913078946862580e-03 -3.430397282714772e-02
6 10 2.599916266908911e-03 -3.359452926185924e-02
7 10 1.832796492179231e-03 -3.361644855471724e-02
8 10 1.344104840445166e-03 -3.303495064950886e-02
9 10 6.249470932866201e-04 -3.326581870700021e-02
10 10 -3.491747046251099e-17 -3.284638074362339e-02
11 10 -6.249470932865901e-04 -3.326581870700019e-02
12 10 -1.344104840445230e-03 -3.303495064950887e-02
13 10 -1.832796492179213e-03 -3.361644855471724e-02
14 10 -2.599916266908959e-03 -3.359452926185928e-02
15 10 -2.913078946862586e-03 -3.430397282714765e-02
16 10 -3.675353685593741e-03 -3.450444357820234e-02
17 10 -3.777068220639512e-03 -3.529709528912990e-02
18 10 -4.473167845058762e-03 -3.572287674505050e-02
19 10 -4.334499138642750e-03 -3.653997472448670e-02
20 10 -4.894806902312197e-03 -3.717705412416476e-02
21 10 -4.501203187708094e-03 -3.794400707105448e-02
22 10 -4.852593244545136e-03 -3.875328871694451e-02
23 10 -4.214596525348330e-03 -3.938242791267376e-02
24 10 -4.291829914057964e-03 -4.029305538819465e-02
25 10 -3.456085845865254e-03 -4.069409075436796e-02
26 10 -3.219568909663689e-03 -4.160375052136232e-02
27 10 -2.273881110165598e-03 -4.170283146584671e-02
28 10 -1.728669802908103e-03 -4.249049625992510e-02
29 10 -7.938490679137877e-04 -4.225333269357533e-02
30 10 -8.456163093870954e-18 -4.280472876593492e-02
31 10 7.938490679137907e-04 -4.225333269357537e-02
32 10 1.728669802908088e-03 -4.249049625992509e-02
33 10 2.273881110165592e-03 -4.170283146584673e-02
34 10 3.219568909663685e-03 -4.160375052136232e-02
35 10 3.456085845865229e-03 -4.069409075436790e-02
36 10 4.291829914057975e-03 -4.029305538819461e-02
37 10 4.214596525348288e-03 -3.938242791267377e-02
38 10 4.852593244545149e-03 -3.875328871694448e-02
39 10 4.501203187708048e-03 -3.794400707105446e-02
0 11 3.620887099020276e-03 -3.673291734321694e-02
1 11 3.142488422916766e-03 -3.630666060539053e-02
2 11 3.172718261377508e-03 -3.567833481857861e-02
3 11 2.607818223531414e-03 -3.541962765868661e-02
4 11 2.457850547519277e-03 -3.482702565721028e-02
5 11 1.858615024653935e-03 -3.474543205558341e-02
6 11 1.551155015012393e-03 -3.423313696454682e-02
7 11 9.653263165015291e-04 -3.432569982450537e-02
8 11 5.297459549853704e-04 -3.392882086125706e-02
9 11 1.249422017806772e-17 -3.418336561615711e-02
10 11 -5.297459549854306e-04 -3.392882086125708e-02
11 11 -9.653263165015112e-04 -3.432569982450537e-02
12 11 -1.551155015012442e-03 -3.423313696454681e-02
13 11 -1.858615024653933e-03 -3.474543205558345e-02
14 11 -2.457850547519310e-03 -3.482702565721031e-02
15 11 -2.607818223531437e-03 -3.541962765868667e-02
16 11 -3.172718261377520e-03 -3.567833481857859e-02
17 11 -3.142488422916802e-03 -3.630666060539053e-02
18 11 -3.620887099020267e-03 -3.673291734321689e-02
19 11 -3.398527619466748e-03 -3.734243620198716e-02
20 11 -3.736871345877433e-03 -3.790993078792070e-02
21 11 -3.327071068026385e-03 -3.843807324504742e-02
22 11 -3.476897162861402e-03 -3.910022934498099e-02
23 11 -2.907071893386737e-03 -3.948227000080955e-02
24 11 -2.834895981041581e-03 -4.017210239646760e-02
25 11 -2.158603290688958e-03 -4.035162309955913e-02
26 11 -1.857051674341599e-03 -4.098775997907381e-02
27 11 -1.151097563605355e-03 -4.092996631402524e-02
28 11 -6.467918354190235e-04 -4.142974184676720e-02
29 11 4.023715856820661e-18 -4.113305637270989e-02
30 11 6.467918354190016e-04 -4.142974184676721e-02
31 11 1.151097563605355e-03 -4.092996631402518e-02
32 11 1.857051674341586e-03 -4.098775997907379e-02
33 11 2.158603290688941e-03 -4.035162309955908e-02
34 11 2.834895981041579e-03 -4.017210239646758e-02
35 11 2.907071893386705e-03 -3.948227000080951e-02
36 11 3.476897162861413e-03 -3.910022934498102e-02
37 11 3.327071068026338e-03 -3.843807324504735e-02
38 11 3.736871345877448e-03 -3.790993078792068e-02
39 11 3.398527619466702e-03 -3.734243620198712e-02
0 12 2.623440985620568e-03 -3.651833136653541e-02
1 12 2.222241923051340e-03 -3.624231740303570e-02
2 12 2.185609405456206e-03 -3.576441422124216e-02
3 12 1.733416803068545e-03 -3.562228777182210e-02
4 12 1.562350650768421e-03 -3.518729509882396e-02
5 12 1.099253365786728e-03 -3.518455569661204e-02
6 12 8.129618294569356e-04 -3.482620025862242e-02
7 12 3.763459231136158e-04 -3.495857831695019e-02
8 12 -2.384589999472518e-17 -3.470343568997082e-02
9 12 -3.763459231136059e-04 -3.495857831695017e-02
10 12 -8.129618294569772e-04 -3.482620025862242e-02
11 12 -1.099253365786729e-03 -3.518455569661204e-02
12 12 -1.562350650768452e-03 -3.518729509882394e-02
13 12 -1.733416803068561e-03 -3.562228777182213e-02
14 12 -2.185609405456217e-03 -3.576441422124212e-02
15 12 -2.222241923051373e-03 -3.624231740303578e-02
16 12 -2.623440985620560e-03 -3.651833136653534e-02
17 12 -2.514775412165129e-03 -3.699851235501261e-02
18 12 -2.824317253873488e-03 -3.739097621704982e-02
19 12 -2.571128487332663e-03 -3.782738921093737e-02
20 12 -2.751726412644697e-03 -3.830511898117119e-02
21 12 -2.369898694915391e-03 -3.864990907282776e-02
22 12 -2.393466079000611e-03 -3.916787979918589e-02
23 12 -1.916175935485447e-03 -3.937749592037301e-02
24 12 -1.770562146332803e-03 -3.987993934600370e-02
25 12 -1.247307395626362e-03 -3.992308414192093e-02
26 12 -9.418213706817985e-04 -4.035052950391378e-02
27 12 -4.329445172328377e-04 -4.021587011053088e-02
28 12 -1.456027108855076e-17 -4.051519472498913e-02
29 12 4.329445172328501e-04 -4.021587011053079e-02
30 12 9.418213706817748e-04 -4.035052950391389e-02
31 12 1.247307395626366e-03 -3.992308414192094e-02
32 12 1.770562146332790e-03 -3.987993934600373e-02
33 12 1.916175935485434e-03 -3.937749592037291e-02
34 12 2.393466079000616e-03 -3.916787979918598e-02
35 12 2.369898694915358e-03 -3.864990907282763e-02
36 12 2.751726412644712e-03 -3.830511898117126e-02
37 12 2.571128487332625e-03 -3.782738921093722e-02
38 12 2.824317253873501e-03 -3.739097621704988e-02
39 12 2.514775412165085e-03 -3.699851235501254e-02
0 13 1.850198326911801e-03 -3.645173188208475e-02
1 13 1.520597933506147e-03 -3.628139800478351e-02
2 13 1.447097660540824e-03 -3.592376650421533e-02
3 13 1.091974347880450e-03 -3.586039581222725e-02
4 13 9.194294466292788e-04 -3.554922698709494e-02
5 13 5.698417795040306e-04 -3.559494039856752e-02
6 13 3.150899093484792e-04 -3.535528595001632e-02
7 13 -2.453216682383234e-18 -3.550433004888362e-02
8 13 -3.150899093485080e-04 -3.535528595001634e-02
9 13 -5.698417795040383e-04 -3.559494039856756e-02
10 13 -9.194294466292999e-04 -3.554922698709493e-02
11 13 -1.091974347880469e-03 -3.586039581222728e-02
12 13 -1.447097660540831e-03 -3.592376650421527e-02
13 13 -1.520597933506175e-03 -3.628139800478356e-02
14 13 -1.850198326911797e-03 -3.645173188208468e-02
15 13 -1.814354743117649e-03 -3.682541802251680e-02
16 13 -2.086915567075498e-03 -3.709161371704062e-02
17 13 -1.939911277094477e-03 -3.744685268621138e-02
18 13 -2.126062112989608e-03 -3.778794510642058e-02
19 13 -1.876586852322595e-03 -3.808855170453762e-02
20 13 -1.952744521274056e-03 -3.847375263147071e-02
21 13 -1.621357932951998e-03 -3.868567435525448e-02
22 13 -1.573970249861919e-03 -3.907613609501318e-02
23 13 -1.192816405350687e-03 -3.917241485186374e-02
24 13 -1.022167523069875e-03 -3.952522830236236e-02
25 13 -6.322066613871800e-04 -3.949113455518252e-02
26 13 -3.543550449161437e-04 -3.976531282428836e-02
27 13 9.956593282457145e-18 -3.960210916882435e-02
28 13 3.543550449161088e-04 -3.976531282428842e-02
29 13 6.322066613871935e-04 -3.949113455518245e-02
30 13 1.022167523069848e-03 -3.952522830236242e-02
31 13 1.192816405350687e-03 -3.917241485186373e-02
32 13 1.573970249861908e-03 -3.907613609501331e-02
33 13 1.621357932951985e-03 -3.868567435525438e-02
34 13 1.952744521274054e-03 -3.847375263147076e-02
35 13 1.876586852322568e-03 -3.808855170453752e-02
36 13 2.126062112989620e-03 -3.778794510642071e-02
37 13 1.939911277094439e-03 -3.744685268621133e-02
38 13 2.086915567075511e-03 -3.709161371704068e-02
39 13 1.814354743117615e-03 -3.682541802251672e-02
0 14 1.259159593173420e-03 -3.647478620015245e-02
1 14 9.948274097955887e-04 -3.637688191598537e-02
2 14 9.058385403015943e-04 -3.611514463590108e-02
3 14 6.339087956133216e-04 -3.610231108560466e-02
4 14 4.732380893520224e-04 -3.588766947498886e-02
5 14 2.175682446248020e-04 -3.595947143113351e-02
6 14 -7.289952600176429e-18 -3.580989733939868e-02
7 14 -2.175682446248192e-04 -3.595947143113357e-02
8 14 -4.732380893520341e-04 -3.588766947498880e-02
9 14 -6.339087956133428e-04 -3.610231108560467e-02
10 14 -9.058385403015995e-04 -3.611514463590109e-02
11 14 -9.948274097956150e-04 -3.637688191598538e-02
12 14 -1.259159593173417e-03 -3.647478620015238e-02
13 14 -1.266772374124974e-03 -3.676108710312788e-02
14 14 -1.498966749603250e-03 -3.693747928332881e-02
15 14 -1.421829538757825e-03 -3.722234058293188e-02
16 14 -1.598507973443391e-03 -3.746321844682104e-02
17 14 -1.440792628863882e-03 -3.771890424132312e-02
18 14 -1.542160949627976e-03 -3.800299064495956e-02
19 14 -1.316432092789964e-03 -3.820258066066062e-02
20 14 -1.329081323529418e-03 -3.850244516206335e-02
21 14 -1.056237616850394e-03 -3.862309392125967e-02
22 14 -9.757999059642234e-04 -3.890757132899624e-02
23 14 -6.836128897936194e-04 -3.893400621719817e-02
24 14 -5.164964206535700e-04 -3.917188071596735e-02
25 14 -2.365587603092400e-04 -3.909932284075857e-02
26 14 -2.022837605563797e-17 -3.926373087421573e-02
27 14 2.365587603092629e-04 -3.909932284075850e-02
28 14 5.164964206535340e-04 -3.917188071596740e-02
29 14 6.836128897936358e-04 -3.893400621719814e-02
30 14 9.757999059641961e-04 -3.890757132899641e-02
31 14 1.056237616850397e-03 -3.862309392125958e-02
32 14 1.329081323529407e-03 -3.850244516206343e-02
33 14 1.316432092789951e-03 -3.820258066066048e-02
34 14 1.542160949627976e-03 -3.800299064495963e-02
35 14 1.440792628863857e-03 -3.771890424132305e-02
36 14 1.598507973443400e-03 -3.746321844682110e-02
37 14 1.421829538757793e-03 -3.722234058293183e-02
38 14 1.498966749603258e-03 -3.693747928332888e-02
39 14 1.266772374124943e-03 -3.676108710312787e-02
0 15 8.157380410657611e-04 -3.654569330463073e-02
1 15 6.100138546142408e-04 -3.649539410390847e-02
2 15 5.203684110412966e-04 -3.630972534434069e-02
3 15 3.192271372490102e-04 -3.632678285181977e-02
4 15 1.787022287813694e-04 -3.618673659319606e-02
5 15 -1.133995820794821e-17 -3.626899277080531e-02
6 15 -1.787022287813732e-04 -3.618673659319601e-02
7 15 -3.192271372490333e-04 -3.632678285181971e-02
8 15 -5.203684110412972e-04 -3.630972534434073e-02
9 15 -6.100138546142659e-04 -3.649539410390841e-02
10 15 -8.157380410657572e-04 -3.654569330463080e-02
11 15 -8.456971530311374e-04 -3.676070538627091e-02
12 15 -1.037118240618937e-03 -3.687490159076559e-02
13 15 -1.003327466551233e-03 -3.709977870628694e-02
14 15 -1.161900796401157e-03 -3.726862386311360e-02
15 15 -1.065818742795988e-03 -3.748200273812339e-02
16 15 -1.175041664959364e-03 -3.769065806605716e-02
17 15 -1.024177269426131e-03 -3.787109707546752e-02
18 15 -1.071528101582720e-03 -3.809992445691722e-02
19 15 -8.794402563246534e-04 -3.822816266612433e-02
20 15 -8.582842128591386e-04 -3.845429581502733e-02
21 15 -6.437661238829394e-04 -3.851572477646788e-02
22 15 -5.547997058064962e-04 -3.871544188354967e-02
23 15 -3.400917709840427e-04 -3.870234635765357e-02
24 15 -1.918563441587786e-04 -3.885399908238338e-02
25 15 1.154679320962200e-17 -3.876701790491734e-02
26 15 1.918563441587373e-04 -3.885399908238341e-02
27 15 3.400917709840612e-04 -3.870234635765357e-02
28 15 5.547997058064594e-04 -3.871544188354972e-02
29 15 6.437661238829506e-04 -3.851572477646779e-02
30 15 8.582842128591140e-04 -3.845429581502739e-02
31 15 8.794402563246525e-04 -3.822816266612430e-02
32 15 1.071528101582709e-03 -3.809992445691730e-02
33 15 1.024177269426119e-03 -3.787109707546751e-02
34 15 1.175041664959362e-03 -3.769065806605723e-02
35 15 1.065818742795968e-03 -3.748200273812340e-02
36 15 1.161900796401161e-03 -3.726862386311365e-02
37 15 1.003327466551207e-03 -3.709977870628688e-02
38 15 1.037118240618942e-03 -3.687490159076560e-02
39 15 8.456971530311088e-04 -3.676070538627099e-02
0 16 4.913844656638226e-04 -3.663478748338134e-02
1 16 3.377764315570362e-04 -3.661380369001125e-02
2 16 2.573091010706669e-04 -3.648832057395630e-02
3 16 1.160954970728882e-04 -3.652072402946550e-02
4 16 -1.029469053284166e-18 -3.643807023330548e-02
5 16 -1.160954970729088e-04 -3.652072402946552e-02
6 16 -2.573091010706675e-04 -3.648832057395632e-02
7 16 -3.377764315570569e-04 -3.661380369001117e-02
8 16 -4.913844656638194e-04 -3.663478748338147e-02
9 16 -5.286462004362531e-04 -3.679187969376899e-02
10 16 -6.805589955957240e-04 -3.686481457325128e-02
11 16 -6.705956126695566e-04 -3.703921079454772e-02
12 16 -8.063852678854338e-04 -3.715801232011996e-02
13 16 -7.492513779429754e-04 -3.733332563271803e-02
14 16 -8.553848819030880e-04 -3.748747347158668e-02
15 16 -7.555341752298954e-04 -3.764657019001592e-02
16 16 -8.207672867976605e-04 -3.782171751294674e-02
17 16 -6.870457205491993e-04 -3.794836195656889e-02
18 16 -7.038331717150073e-04 -3.812743954046412e-02
19 16 -5.489827144453519e-04 -3.820811760632573e-02
20 16 -5.146630685581440e-04 -3.837295251817642e-02
21 16 -3.542314949102054e-04 -3.839862189023671e-02
22 16 -2.716982826526364e-04 -3.853195184073825e-02
23 16 -1.223813570096738e-04 -3.849938451633987e-02
24 16 -2.002991444916921e-17 -3.858699009743846e-02
25 16 1.223813570096897e-04 -3.849938451633982e-02
26 16 2.716982826525985e-04 -3.853195184073829e-02
27 16 3.542314949102178e-04 -3.839862189023668e-02
28 16 5.146630685581151e-04 -3.837295251817644e-02
29 16 5.489827144453556e-04 -3.820811760632568e-02
30 16 7.038331717149875e-04 -3.812743954046412e-02
31 16 6.870457205491948e-04 -3.794836195656889e-02
32 16 8.207672867976524e-04 -3.782171751294677e-02
33 16 7.555341752298829e-04 -3.764657019001600e-02
34 16 8.553848819030864e-04 -3.748747347158667e-02
35 16 7.492513779429579e-04 -3.733332563271812e-02
36 16 8.063852678854372e-04 -3.715801232011993e-02
37 16 6.705956126695343e-04 -3.703921079454781e-02
38 16 6.805589955957273e-04 -3.686481457325122e-02
39 16 5.286462004362317e-04 -3.679187969376902e-02
0 17 2.629832554295515e-04 -3.672145025675727e-02
1 17 1.556649106935682e-04 -3.671671127420853e-02
2 17 9.041624549293121e-05 -3.663915353276836e-02
3 17 -6.041294851907563e-18 -3.667732956049231e-02
4 17 -9.041624549293803e-05 -3.663915353276839e-02
5 17 -1.556649106935808e-04 -3.671671127420847e-02
6 17 -2.629832554295563e-04 -3.672145025675733e-02
7 17 -2.970109892681742e-04 -3.683133018690089e-02
8 17 -4.113489897835149e-04 -3.687872084735658e-02
9 17 -4.107831614971049e-04 -3.701083400096145e-02
10 17 -5.213789685703539e-04 -3.709677189323698e-02
11 17 -4.858683165663067e-04 -3.723874134726082e-02
12 17 -5.819697242290164e-04 -3.735548852875509e-02
13 17 -5.143639538413248e-04 -3.749365002006661e-02
14 17 -5.862445511424609e-04 -3.763034053852878e-02
15 17 -4.925479868170278e-04 -3.775098371714667e-02
16 17 -5.325713494724188e-04 -3.789446900413190e-02
17 17 -4.215919210510462e-04 -3.798524048434120e-02
18 17 -4.251850110297714e-04 -3.812127793558571e-02
19 17 -3.078207699638032e-04 -3.817259386421590e-02
20 17 -2.741780272929863e-04 -3.828730809369155e-02
21 17 -1.623462331772032e-04 -3.829356422042511e-02
22 17 -9.469255009873885e-05 -3.837501936919247e-02
23 17 3.855504673094770e-18 -3.833537220846496e-02
24 17 9.469255009870677e-05 -3.837501936919253e-02
25 17 1.623462331772090e-04 -3.829356422042510e-02
26 17 2.741780272929585e-04 -3.828730809369155e-02
27 17 3.078207699638061e-04 -3.817259386421590e-02
28 17 4.251850110297521e-04 -3.812127793558567e-02
29 17 4.215919210510429e-04 -3.798524048434121e-02
30 17 5.325713494724073e-04 -3.789446900413186e-02
31 17 4.925479868170214e-04 -3.775098371714672e-02
32 17 5.862445511424572e-04 -3.763034053852876e-02
33 17 5.143639538413116e-04 -3.749365002006672e-02
34 17 5.819697242290153e-04 -3.735548852875499e-02
35 17 4.858683165662920e-04 -3.723874134726086e-02
36 17 5.213789685703533e-04 -3.709677189323690e-02
37 17 4.107831614970903e-04 -3.701083400096154e-02
38 17 4.113489897835125e-04 -3.687872084735652e-02
39 17 2.970109892681595e-04 -3.683133018690093e-02
0 18 1.126213619366289e-04 -3.679184466330077e-02
1 18 4.686102544518786e-05 -3.679455337779489e-02
2 18 -9.200100064388569e-18 -3.675608193651692e-02
3 18 -4.686102544518815e-05 -3.679455337779485e-02
4 18 -1.126213619366455e-04 -3.679184466330079e-02
5 18 -1.362455208076458e-04 -3.686252680057303e-02
6 18 -2.148193686328622e-04 -3.689587443976990e-02
7 18 -2.129497106369770e-04 -3.699222566186145e-02
8 18 -2.969688848317070e-04 -3.705862643772326e-02
9 18 -2.696281394170210e-04 -3.717161632141847e-02
10 18 -3.510419490998683e-04 -3.726496865220569e-02
11 18 -3.005876540231760e-04 -3.738381131385125e-02
12 18 -3.713827267668675e-04 -3.749536429684790e-02
13 18 -3.023942124622078e-04 -3.760846791941092e-02
14 18 -3.553913376739939e-04 -3.772753041690544e-02
15 18 -2.743579377503336e-04 -3.782361173248019e-02
16 18 -3.040067384728037e-04 -3.793850808036130e-02
17 18 -2.187963967919248e-04 -3.800777402931372e-02
18 18 -2.218577106737262e-04 -3.810699037669813e-02
19 18 -1.409758594055753e-04 -3.814224495466554e-02
20 18 -1.169715407508956e-04 -3.821565652176992e-02
21 18 -4.866791778245243e-05 -3.821316788863544e-02
22 18 -1.086103244991543e-17 -3.825319029233114e-02
23 18 4.866791778245014e-05 -3.821316788863539e-02
24 18 1.169715407508759e-04 -3.821565652176998e-02
25 18 1.409758594055711e-04 -3.814224495466555e-02
26 18 2.218577106737112e-04 -3.810699037669812e-02
27 18 2.187963967919164e-04 -3.800777402931379e-02
28 18 3.040067384727945e-04 -3.793850808036125e-02
29 18 2.743579377503225e-04 -3.782361173248022e-02
30 18 3.553913376739900e-04 -3.772753041690541e-02
31 18 3.023942124621949e-04 -3.760846791941105e-02
32 18 3.713827267668659e-04 -3.749536429684781e-02
33 18 3.005876540231643e-04 -3.738381131385132e-02
34 18 3.510419490998664e-04 -3.726496865220560e-02
35 18 2.696281394170108e-04 -3.717161632141855e-02
36 18 2.969688848317002e-04 -3.705862643772316e-02
37 18 2.129497106369705e-04 -3.699222566186156e-02
38 18 2.148193686328494e-04 -3.689587443976986e-02
39 18 1.362455208076423e-04 -3.686252680057308e-02
0 19 2.751633300017397e-05 -3.683724761347469e-02
1 19 6.937107473210452e-18 -3.684221306458109e-02
2 19 -2.751633300020268e-05 -3.683724761347471e-02
3 19 -3.611674660170394e-05 -3.687398618911025e-02
4 19 -7.999296905647530e-05 -3.690126020049892e-02
5 19 -6.886974220947805e-05 -3.696635411354632e-02
6 19 -1.250007507754142e-04 -3.702334423296499e-02
7 19 -9.516071062738279e-05 -3.711069254776449e-02
8 19 -1.582232821298665e-04 -3.719207856080581e-02
9 19 -1.124192831447725e-04 -3.729339305682335e-02
10 19 -1.763281080637359e-04 -3.739148219587374e-02
11 19 -1.188520187017299e-04 -3.749699921813592e-02
12 19 -1.773206903842889e-04 -3.760237544882337e-02
13 19 -1.136557236257487e-04 -3.770175151478815e-02
14 19 -1.608219697897791e-04 -3.780412513274601e-02
15 19 -9.716138575070921e-05 -3.788745272988751e-02
16 19 -1.282130522038799e-04 -3.797665561610864e-02
17 19 -7.087050683475449e-05 -3.803550041029510e-02
18 19 -8.259189429477825e-05 -3.810253601267312e-02
19 19 -3.735333189380005e-05 -3.813086931510351e-02
20 19 -2.850906214939447e-05 -3.816889498603467e-02
21 19 -5.054558862636260e-18 -3.816378874451633e-02
22 19 2.850906214938495e-05 -3.816889498603473e-02
23 19 3.735333189378870e-05 -3.813086931510349e-02
24 19 8.259189429477175e-05 -3.810253601267310e-02
25 19 7.087050683474079e-05 -3.803550041029517e-02
26 19 1.282130522038777e-04 -3.797665561610861e-02
27 19 9.716138575069250e-05 -3.788745272988762e-02
28 19 1.608219697897800e-04 -3.780412513274595e-02
29 19 1.136557236257307e-04 -3.770175151478824e-02
30 19 1.773206903842918e-04 -3.760237544882331e-02
31 19 1.188520187017143e-04 -3.749699921813603e-02
32 19 1.763281080637354e-04 -3.739148219587365e-02
33 19 1.124192831447620e-04 -3.729339305682344e-02
34 19 1.582232821298596e-04 -3.719207856080573e-02
35 19 9.516071062737975e-05 -3.711069254776451e-02
36 19 1.250007507753983e-04 -3.702334423296491e-02
37 19 6.886974220948218e-05 -3.696635411354631e-02
38 19 7.999296905645056e-05 -3.690126020049889e-02
39 19 3.611674660171440e-05 -3.687398618911025e-02
0 20 -1.913813653750965e-17 -3.685288662350043e-02
1 20 9.029186650605581e-06 -3.685809962684451e-02
2 20 -1.832069777396519e-17 -3.688416464356017e-02
3 20 2.624662220278437e-05 -3.692017015132736e-02
4 20 -1.455859293713148e-17 -3.697508560992479e-02
5 20 4.100761320918084e-05 -3.703852333065383e-02
6 20 -8.262265123806958e-18 -3.711714014907576e-02
7 20 5.189499844326298e-05 -3.720204280229369e-02
8 20 -1.755953502171869e-18 -3.729690969700068e-02
9 20 5.781782546162144e-05 -3.739519613748019e-02
10 20 3.003429900988485e-18 -3.749719651956610e-02
11 20 5.812693558198979e-05 -3.759937536646215e-02
12 20 5.124741305766932e-18 -3.769855413099869e-02
13 20 5.270427734417638e-05 -3.779460212234027e-02
14 20 4.931092089460591e-18 -3.788112710327125e-02
15 20 4.200797314617900e-05 -3.796147657009255e-02
16 20 2.855253547207997e-18 -3.802664699089556e-02
17 20 2.705595968197709e-05 -3.808318486269962e-02
18 20 5.134822021483641e-19 -3.812037158452888e-02
19 20 9.338332973336516e-06 -3.814732902980925e-02
20 20 -4.754456303238559e-19 -3.815272051886452e-02
21 20 -9.338332973351024e-06 -3.814732902980927e-02
22 20 -1.823150917428221e-19 -3.812037158452885e-02
23 20 -2.705595968199413e-05 -3.808318486269967e-02
24 20 1.391356952666022e-18 -3.802664699089547e-02
25 20 -4.200797314619920e-05 -3.796147657009266e-02
26 20 3.142868966103097e-18 -3.788112710327116e-02
27 20 -5.270427734419912e-05 -3.779460212234038e-02
28 20 4.051103979375240e-18 -3.769855413099857e-02
29 20 -5.812693558201128e-05 -3.759937536646222e-02
30 20 3.493352899572842e-18 -3.749719651956604e-02
31 20 -5.781782546163662e-05 -3.739519613748021e-02
32 20 -1.140682062932668e-19 -3.729690969700059e-02
33 20 -5.189499844326915e-05 -3.720204280229367e-02
34 20 -6.053404376790421e-18 -3.711714014907573e-02
35 20 -4.100761320917656e-05 -3.703852333065383e-02
36 20 -1.215259389015714e-17 -3.697508560992480e-02
37 20 -2.624662220276935e-05 -3.692017015132733e-02
38 20 -1.671653143098124e-17 -3.688416464356022e-02
39 20 -9.029186650584297e-06 -3.685809962684455e-02
0 21 2.751633300016715e-05 -3.683724761347468e-02
1 21 7.307443095164932e-05 -3.684368878915980e-02
2 21 7.999296905644460e-05 -3.690126020049889e-02
3 21 1.393549912174797e-04 -3.694036885866053e-02
4 21 1.250007507753938e-04 -3.702334423296489e-02
5 21 1.925795202277966e-04 -3.709151151034770e-02
6 21 1.582232821298588e-04 -3.719207856080575e-02
7 21 2.275450255285929e-04 -3.728294023069689e-02
8 21 1.763281080637385e-04 -3.739148219587370e-02
9 21 2.406112950624816e-04 -3.749642615046572e-02
10 21 1.773206903842978e-04 -3.760237544882340e-02
11 21 2.301359579474024e-04 -3.771127705555967e-02
12 21 1.608219697897878e-04 -3.780412513274595e-02
13 21 1.967719067635605e-04 -3.790627949722693e-02
14 21 1.282130522038854e-04 -3.797665561610861e-02
15 21 1.435475876770083e-04 -3.806183979809165e-02
16 21 8.259189429477924e-05 -3.810253601267313e-02
17 21 7.566570302727130e-05 -3.816209405280183e-02
18 21 2.850906214939124e-05 -3.816889498603470e-02
19 21 -6.585951121730039e-18 -3.819670817392957e-02
20 21 -2.850906214938879e-05 -3.816889498603471e-02
21 21 -7.566570302728588e-05 -3.816209405280190e-02
22 21 -8.259189429477298e-05 -3.810253601267308e-02
23 21 -1.435475876770272e-04 -3.806183979809175e-02
24 21 -1.282130522038745e-04 -3.797665561610853e-02
25 21 -1.967719067635838e-04 -3.790627949722704e-02
26 21 -1.608219697897740e-04 -3.780412513274591e-02
27 21 -2.301359579474264e-04 -3.771127705555969e-02
28 21 -1.773206903842842e-04 -3.760237544882337e-02
29 21 -2.406112950625026e-04 -3.749642615046575e-02
30 21 -1.763281080637317e-04 -3.739148219587370e-02
31 21 -2.275450255286057e-04 -3.728294023069692e-02
32 21 -1.582232821298646e-04 -3.719207856080578e-02
33 21 -1.925795202277969e-04 -3.709151151034763e-02
34 21 -1.250007507754144e-04 -3.702334423296492e-02
35 21 -1.393549912174673e-04 -3.694036885866047e-02
36 21 -7.999296905647813e-05 -3.690126020049889e-02
37 21 -7.307443095162683e-05 -3.684368878915981e-02
38 21 -2.751633300020833e-05 -3.683724761347470e-02
39 21 1.295693383267328e-17 -3.681043994005689e-02
0 22 1.126213619366198e-04 -3.679184466330068e-02
1 22 1.963071402558040e-04 -3.680352275389544e-02
2 22 2.148193686328428e-04 -3.689587443976983e-02
3 22 3.069146204664310e-04 -3.694479661657547e-02
4 22 2.969688848316972e-04 -3.705862643772310e-02
5 22 3.887598724936141e-04 -3.714039722321354e-02
6 22 3.510419490998684e-04 -3.726496865220557e-02
7 22 4.336066414774592e-04 -3.737206756039264e-02
8 22 3.713827267668740e-04 -3.749536429684779e-02
9 22 4.364353843741459e-04 -3.761770055220753e-02
10 22 3.553913376740011e-04 -3.772753041690539e-02
11 22 3.961659485395918e-04 -3.785327864465583e-02
12 22 3.040067384728064e-04 -3.793850808036123e-02
13 22 3.160696959357040e-04 -3.805520279262287e-02
14 22 2.218577106737232e-04 -3.810699037669816e-02
15 22 2.037142875146382e-04 -3.820280101310204e-02
16 22 1.169715407508870e-04 -3.821565652176996e-02
17 22 7.033805031965643e-05 -3.828070143917442e-02
18 22 -1.882308661583788e-19 -3.825319029233109e-02
19 22 -7.033805031966313e-05 -3.828070143917441e-02
20 22 -1.169715407508848e-04 -3.821565652176995e-02
21 22 -2.037142875146494e-04 -3.820280101310206e-02
22 22 -2.218577106737161e-04 -3.810699037669804e-02
23 22 -3.160696959357207e-04 -3.805520279262293e-02
24 22 -3.040067384727926e-04 -3.793850808036123e-02
25 22 -3.961659485396131e-04 -3.785327864465587e-02
26 22 -3.553913376739849e-04 -3.772753041690533e-02
27 22 -4.364353843741680e-04 -3.761770055220758e-02
28 22 -3.713827267668608e-04 -3.749536429684783e-02
29 22 -4.336066414774794e-04 -3.737206756039264e-02
30 22 -3.510419490998652e-04 -3.726496865220563e-02
31 22 -3.887598724936234e-04 -3.714039722321344e-02
32 22 -2.969688848317069e-04 -3.705862643772320e-02
33 22 -3.069146204664272e-04 -3.694479661657533e-02
34 22 -2.148193686328665e-04 -3.689587443976990e-02
35 22 -1.963071402557883e-04 -3.680352275389537e-02
36 22 -1.126213619366539e-04 -3.679184466330077e-02
37 22 -6.750864538078787e-05 -3.672953140416633e-02
38 22 -1.903666202798496e-17 -3.675608193651685e-02
39 22 6.750864538081040e-05 -3.672953140416637e-02
0 23 2.629832554295437e-04 -3.672145025675722e-02
1 23 3.878112070862130e-04 -3.674567119022791e-02
2 23 4.113489897835089e-04 -3.687872084735639e-02
3 23 5.366749915332160e-04 -3.694730816309391e-02
4 23 5.213789685703537e-04 -3.709677189323684e-02
5 23 6.352384357264649e-04 -3.720375925817623e-02
6 23 5.819697242290204e-04 -3.735548852875489e-02
7 23 6.730498356714859e-04 -3.749118194760088e-02
8 23 5.862445511424661e-04 -3.763034053852871e-02
9 23 6.450426275336615e-04 -3.778197195457712e-02
10 23 5.325713494724181e-04 -3.789446900413188e-02
11 23 5.525401186805109e-04 -3.804724001574476e-02
12 23 4.251850110297644e-04 -3.812127793558564e-02
13 23 4.036783264398431e-04 -3.825977778692535e-02
14 23 2.741780272929712e-04 -3.828730809369153e-02
15 23 2.129863616986645e-04 -3.839719020900019e-02
16 23 9.469255009871962e-05 -3.837501936919244e-02
17 23 1.797274791232218e-18 -3.844471374704804e-02
18 23 -9.469255009872507e-05 -3.837501936919247e-02
19 23 -2.129863616986631e-04 -3.839719020900027e-02
20 23 -2.741780272929731e-04 -3.828730809369148e-02
21 23 -4.036783264398474e-04 -3.825977778692546e-02
22 23 -4.251850110297592e-04 -3.812127793558560e-02
23 23 -5.525401186805220e-04 -3.804724001574485e-02
24 23 -5.325713494724076e-04 -3.789446900413187e-02
25 23 -6.450426275336804e-04 -3.778197195457709e-02
26 23 -5.862445511424528e-04 -3.763034053852873e-02
27 23 -6.730498356715056e-04 -3.749118194760078e-02
28 23 -5.819697242290123e-04 -3.735548852875500e-02
29 23 -6.352384357264787e-04 -3.720375925817615e-02
30 23 -5.213789685703552e-04 -3.709677189323700e-02
31 23 -5.366749915332232e-04 -3.694730816309374e-02
32 23 -4.113489897835214e-04 -3.687872084735655e-02
33 23 -3.878112070862098e-04 -3.674567119022773e-02
34 23 -2.629832554295645e-04 -3.672145025675729e-02
35 23 -2.031789464419847e-04 -3.661707966456122e-02
36 23 -9.041624549294833e-05 -3.663915353276835e-02
37 23 7.504692402721209e-18 -3.657292587314080e-02
38 23 9.041624549292149e-05 -3.663915353276825e-02
39 23 2.031789464419958e-04 -3.661707966456128e-02
0 24 4.913844656638202e-04 -3.663478748338129e-02
1 24 6.614524026934719e-04 -3.668265972798270e-02
2 24 6.805589955957291e-04 -3.686481457325114e-02
3 24 8.398734107499689e-04 -3.696656496236942e-02
4 24 8.063852678854397e-04 -3.715801232011981e-02
5 24 9.394658624297693e-04 -3.730503569237569e-02
6 24 8.553848819030913e-04 -3.748747347158653e-02
7 24 9.485100624841683e-04 -3.766655666786858e-02
8 24 8.207672867976575e-04 -3.782171751294670e-02
9 24 8.635544154335354e-04 -3.801587389938631e-02
10 24 7.038331717149946e-04 -3.812743954046401e-02
11 24 6.907296982171291e-04 -3.831733501630660e-02
12 24 5.146630685581255e-04 -3.837295251817637e-02
13 24 4.460297965922721e-04 -3.853889767478618e-02
14 24 2.716982826526118e-04 -3.853195184073826e-02
15 24 1.541577093312874e-04 -3.865624959296989e-02
16 24 -6.225571207919502e-18 -3.858699009743843e-02
17 24 -1.541577093312752e-04 -3.865624959296989e-02
18 24 -2.716982826526220e-04 -3.853195184073814e-02
19 24 -4.460297965922632e-04 -3.853889767478626e-02
20 24 -5.146630685581318e-04 -3.837295251817634e-02
21 24 -6.907296982171263e-04 -3.831733501630666e-02
22 24 -7.038331717149956e-04 -3.812743954046401e-02
23 24 -8.635544154335414e-04 -3.801587389938626e-02
24 24 -8.207672867976547e-04 -3.782171751294665e-02
25 24 -9.485100624841809e-04 -3.766655666786850e-02
26 24 -8.553848819030863e-04 -3.748747347158662e-02
27 24 -9.394658624297818e-04 -3.730503569237554e-02
28 24 -8.063852678854361e-04 -3.715801232011996e-02
29 24 -8.398734107499800e-04 -3.696656496236925e-02
30 24 -6.805589955957287e-04 -3.686481457325128e-02
31 24 -6.614524026934792e-04 -3.668265972798245e-02
32 24 -4.913844656638274e-04 -3.663478748338148e-02
33 24 -4.223391411409973e-04 -3.647866021524545e-02
34 24 -2.573091010706740e-04 -3.648832057395632e-02
35 24 -1.451075447744962e-04 -3.637216655069645e-02
36 24 -6.059669661295554e-18 -3.643807023330545e-02
37 24 1.451075447744973e-04 -3.637216655069651e-02
38 24 2.573091010706640e-04 -3.648832057395619e-02
39 24 4.223391411409957e-04 -3.647866021524566e-02
0 25 8.157380410657670e-04 -3.654569330463063e-02
1 25 1.035765645650509e-03 -3.663289146846104e-02
2 25 1.037118240618944e-03 -3.687490159076542e-02
3 25 1.230643126477302e-03 -3.702773546411536e-02
4 25 1.161900796401163e-03 -3.726862386311349e-02
5 25 1.309480303472669e-03 -3.747441585412656e-02
6 25 1.175041664959363e-03 -3.769065806605712e-02
7 25 1.260467330359444e-03 -3.793086065915022e-02
8 25 1.071528101582709e-03 -3.809992445691718e-02
9 25 1.084036655322631e-03 -3.835127908268021e-02
10 25 8.582842128591176e-04 -3.845429581502736e-02
11 25 7.945388768421270e-04 -3.869094163830847e-02
12 25 5.547997058064680e-04 -3.871544188354966e-02
13 25 4.200878070288351e-04 -3.891189180520412e-02
14 25 1.918563441587492e-04 -3.885399908238335e-02
15 25 8.601287744929136e-18 -3.898855452881225e-02
16 25 -1.918563441587650e-04 -3.885399908238334e-02
17 25 -4.200878070288191e-04 -3.891189180520414e-02
18 25 -5.547997058064819e-04 -3.871544188354962e-02
19 25 -7.945388768421139e-04 -3.869094163830853e-02
20 25 -8.582842128591276e-04 -3.845429581502727e-02
21 25 -1.084036655322623e-03 -3.835127908268020e-02
22 25 -1.071528101582717e-03 -3.809992445691714e-02
23 25 -1.260467330359439e-03 -3.793086065915021e-02
24 25 -1.175041664959366e-03 -3.769065806605711e-02
25 25 -1.309480303472669e-03 -3.747441585412651e-02
26 25 -1.161900796401161e-03 -3.726862386311362e-02
27 25 -1.230643126477310e-03 -3.702773546411518e-02
28 25 -1.037118240618942e-03 -3.687490159076563e-02
29 25 -1.035765645650519e-03 -3.663289146846085e-02
30 25 -8.157380410657624e-04 -3.654569330463072e-02
31 25 -7.462500200078430e-04 -3.632486236849873e-02
32 25 -5.203684110412979e-04 -3.630972534434074e-02
33 25 -3.902347258296974e-04 -3.612952178951863e-02
34 25 -1.787022287813691e-04 -3.618673659319601e-02
35 25 -6.056479861108091e-18 -3.606264521102306e-02
36 25 1.787022287813756e-04 -3.618673659319596e-02
37 25 3.902347258296851e-04 -3.612952178951870e-02
38 25 5.203684110413035e-04 -3.630972534434056e-02
39 25 7.462500200078310e-04 -3.632486236849888e-02
0 26 1.259159593173429e-03 -3.647478620015219e-02
1 26 1.533908350249065e-03 -3.662263437680849e-02
2 26 1.498966749603257e-03 -3.693747928332866e-02
3 26 1.725365186323568e-03 -3.716487043055354e-02
4 26 1.598507973443393e-03 -3.746321844682090e-02
5 26 1.752430252760216e-03 -3.775143621069115e-02
6 26 1.542160949627968e-03 -3.800299064495950e-02
7 26 1.604792292687808e-03 -3.832560224015116e-02
8 26 1.329081323529403e-03 -3.850244516206333e-02
9 26 1.290137318384863e-03 -3.882706104279212e-02
10 26 9.757999059641975e-04 -3.890757132899627e-02
11 26 8.362119855107209e-04 -3.919918520808142e-02
12 26 5.164964206535423e-04 -3.917188071596732e-02
13 26 2.895884738990547e-04 -3.939752218825544e-02
14 26 -6.873792783829841e-18 -3.926373087421564e-02
15 26 -2.895884738990410e-04 -3.939752218825544e-02
16 26 -5.164964206535559e-04 -3.917188071596728e-02
17 26 -8.362119855107050e-04 -3.919918520808142e-02
18 26 -9.757999059642139e-04 -3.890757132899619e-02
19 26 -1.290137318384847e-03 -3.882706104279217e-02
20 26 -1.329081323529417e-03 -3.850244516206327e-02
21 26 -1.604792292687792e-03 -3.832560224015127e-02
22 26 -1.542160949627982e-03 -3.800299064495948e-02
23 26 -1.752430252760205e-03 -3.775143621069115e-02
24 26 -1.598507973443403e-03 -3.746321844682099e-02
25 26 -1.725365186323564e-03 -3.716487043055346e-02
26 26 -1.498966749603259e-03 -3.693747928332879e-02
27 26 -1.533908350249067e-03 -3.662263437680840e-02
28 26 -1.259159593173421e-03 -3.647478620015236e-02
29 26 -1.202466563727870e-03 -3.617289191099765e-02
30 26 -9.058385403015958e-04 -3.611514463590107e-02
31 26 -7.652416410000010e-04 -3.585254909879852e-02
32 26 -4.732380893520216e-04 -3.588766947498880e-02
33 26 -2.624700080432379e-04 -3.568624729286095e-02
34 26 1.193914890274295e-17 -3.580989733939864e-02
35 26 2.624700080432123e-04 -3.568624729286100e-02
36 26 4.732380893520435e-04 -3.588766947498873e-02
37 26 7.652416409999788e-04 -3.585254909879856e-02
38 26 9.058385403016100e-04 -3.611514463590096e-02
39 26 1.202466563727855e-03 -3.617289191099776e-02
0 27 1.850198326911803e-03 -3.645173188208453e-02
1 27 2.183790692778995e-03 -3.668874926018828e-02
2 27 2.086915567075498e-03 -3.709161371704044e-02
3 27 2.341938392198182e-03 -3.742425141738696e-02
4 27 2.126062112989602e-03 -3.778794510642047e-02
5 27 2.272538011522535e-03 -3.818861666276830e-02
6 27 1.952744521274039e-03 -3.847375263147063e-02
7 27 1.969144187783606e-03 -3.890435978281842e-02
8 27 1.573970249861899e-03 -3.907613609501313e-02
9 27 1.452099912154653e-03 -3.949099830471838e-02
10 27 1.022167523069855e-03 -3.952522830236223e-02
11 27 7.708195247494372e-04 -3.987669626921038e-02
12 27 3.543550449161235e-04 -3.976531282428834e-02
13 27 1.625372046606573e-18 -4.001128312996132e-02
14 27 -3.543550449161263e-04 -3.976531282428827e-02
15 27 -7.708195247494316e-04 -3.987669626921041e-02
16 27 -1.022167523069865e-03 -3.952522830236224e-02
17 27 -1.452099912154642e-03 -3.949099830471840e-02
18 27 -1.573970249861915e-03 -3.907613609501305e-02
19 27 -1.969144187783587e-03 -3.890435978281850e-02
20 27 -1.952744521274064e-03 -3.847375263147057e-02
21 27 -2.272538011522512e-03 -3.818861666276833e-02
22 27 -2.126062112989626e-03 -3.778794510642045e-02
23 27 -2.341938392198159e-03 -3.742425141738700e-02
24 27 -2.086915567075521e-03 -3.709161371704050e-02
25 27 -2.183790692778982e-03 -3.668874926018830e-02
26 27 -1.850198326911807e-03 -3.645173188208461e-02
27 27 -1.825418886541906e-03 -3.604866772654696e-02
28 27 -1.447097660540827e-03 -3.592376650421518e-02
29 27 -1.308214838912049e-03 -3.555574642688717e-02
30 27 -9.194294466292807e-04 -3.554922698709492e-02
31 27 -6.818136894683146e-04 -3.524602480404427e-02
32 27 -3.150899093484769e-04 -3.535528595001632e-02
33 27 -1.783854968805254e-17 -3.514049556092842e-02
34 27 3.150899093485135e-04 -3.535528595001625e-02
35 27 6.818136894682835e-04 -3.524602480404424e-02
36 27 9.194294466293075e-04 -3.554922698709483e-02
37 27 1.308214838912030e-03 -3.555574642688725e-02
38 27 1.447097660540838e-03 -3.592376650421514e-02
39 27 1.825418886541903e-03 -3.604866772654704e-02
0 28 2.623440985620560e-03 -3.651833136653517e-02
1 28 3.018597151516606e-03 -3.688253638746320e-02
2 28 2.824317253873482e-03 -3.739097621704970e-02
3 28 3.098909058275858e-03 -3.786929955265644e-02
4 28 2.751726412644689e-03 -3.830511898117109e-02
5 28 2.868013885442435e-03 -3.885675077289492e-02
6 28 2.393466079000601e-03 -3.916787979918585e-02
7 28 2.327283706519709e-03 -3.973712967358111e-02
8 28 1.770562146332788e-03 -3.987993934600362e-02
9 28 1.519002749973739e-03 -4.040155785183591e-02
10 28 9.418213706817875e-04 -4.035052950391375e-02
11 28 5.280140269468027e-04 -4.075963093242178e-02
12 28 6.828367555665640e-18 -4.051519472498900e-02
13 28 -5.280140269468167e-04 -4.075963093242181e-02
14 28 -9.418213706817799e-04 -4.035052950391374e-02
15 28 -1.519002749973744e-03 -4.040155785183593e-02
16 28 -1.770562146332794e-03 -3.987993934600360e-02
17 28 -2.327283706519698e-03 -3.973712967358119e-02
18 28 -2.393466079000619e-03 -3.916787979918578e-02
19 28 -2.868013885442406e-03 -3.885675077289500e-02
20 28 -2.751726412644716e-03 -3.830511898117103e-02
21 28 -3.098909058275823e-03 -3.786929955265649e-02
22 28 -2.824317253873511e-03 -3.739097621704968e-02
23 28 -3.018597151516577e-03 -3.688253638746324e-02
24 28 -2.623440985620577e-03 -3.651833136653520e-02
25 28 -2.657516189833075e-03 -3.598953522237096e-02
26 28 -2.185609405456217e-03 -3.576441422124203e-02
27 28 -2.066616683751197e-03 -3.526244916203122e-02
28 28 -1.562350650768432e-03 -3.518729509882386e-02
29 28 -1.307731568980097e-03 -3.475189585890105e-02
30 28 -8.129618294569393e-04 -3.482620025862240e-02
31 28 -4.472240798715895e-04 -3.448921458587250e-02
32 28 2.338576510628390e-17 -3.470343568997076e-02
33 28 4.472240798715501e-04 -3.448921458587251e-02
34 28 8.129618294569793e-04 -3.482620025862230e-02
35 28 1.307731568980066e-03 -3.475189585890108e-02
36 28 1.562350650768453e-03 -3.518729509882382e-02
37 28 2.066616683751188e-03 -3.526244916203120e-02
38 28 2.185609405456219e-03 -3.576441422124201e-02
39 28 2.657516189833088e-03 -3.598953522237088e-02
0 29 3.620887099020255e-03 -3.673291734321677e-02
1 29 4.078076648606252e-03 -3.727547266584276e-02
2 29 3.736871345877424e-03 -3.790993078792050e-02
3 29 4.014290260361168e-03 -3.858816940959196e-02
4 29 3.476897162861391e-03 -3.910022934498088e-02
5 29 3.525918088199592e-03 -3.985292955595012e-02
6 29 2.834895981041572e-03 -4.017210239646743e-02
7 29 2.629523415573172e-03 -4.091618177325725e-02
8 29 1.857051674341598e-03 -4.098775997907370e-02
9 29 1.406275913895070e-03 -4.162871015781530e-02
10 29 6.467918354190267e-04 -4.142974184676713e-02
11 29 -1.788726995094257e-17 -4.187990725328633e-02
12 29 -6.467918354189959e-04 -4.142974184676709e-02
13 29 -1.406275913895098e-03 -4.162871015781530e-02
14 29 -1.857051674341578e-03 -4.098775997907365e-02
15 29 -2.629523415573177e-03 -4.091618177325725e-02
16 29 -2.834895981041574e-03 -4.017210239646741e-02
17 29 -3.525918088199576e-03 -3.985292955595016e-02
18 29 -3.476897162861416e-03 -3.910022934498075e-02
19 29 -4.014290260361137e-03 -3.858816940959201e-02
20 29 -3.736871345877457e-03 -3.790993078792045e-02
21 29 -4.078076648606211e-03 -3.727547266584286e-02
22 29 -3.620887099020290e-03 -3.673291734321671e-02
23 29 -3.751351927399413e-03 -3.604791020633653e-02
24 29 -3.172718261377527e-03 -3.567833481857840e-02
25 29 -3.099321797011039e-03 -3.500689859165552e-02
26 29 -2.457850547519291e-03 -3.482702565721010e-02
27 29 -2.201496821231875e-03 -3.422195114581558e-02
28 29 -1.551155015012402e-03 -3.423313696454670e-02
29 29 -1.141023300654627e-03 -3.373598902874029e-02
30 29 -5.297459549853773e-04 -3.392882086125700e-02
31 29 -2.034890779740214e-17 -3.357166767671911e-02
32 29 5.297459549854254e-04 -3.392882086125704e-02
33 29 1.141023300654596e-03 -3.373598902874023e-02
34 29 1.551155015012436e-03 -3.423313696454675e-02
35 29 2.201496821231864e-03 -3.422195114581551e-02
36 29 2.457850547519298e-03 -3.482702565721016e-02
37 29 3.099321797011051e-03 -3.500689859165548e-02
38 29 3.172718261377508e-03 -3.567833481857842e-02
39 29 3.751351927399445e-03 -3.604791020633642e-02
0 30 4.894806902312177e-03 -3.717705412416459e-02
1 30 5.411242654155445e-03 -3.796837913772703e-02
2 30 4.852593244545123e-03 -3.875328871694427e-02
3 30 5.103581227483807e-03 -3.970618477248002e-02
4 30 4.291829914057961e-03 -4.029305538819446e-02
5 30 4.212816033825107e-03 -4.131316093389693e-02
6 30 3.219568909663695e-03 -4.160375052136213e-02
7 30 2.785844001027552e-03 -4.256360246646900e-02
8 30 1.728669802908116e-03 -4.249049625992497e-02
9 30 9.752712898466717e-04 -4.325138066962351e-02
10 30 2.690101716716916e-17 -4.280472876593485e-02
11 30 -9.752712898467226e-04 -4.325138066962348e-02
12 30 -1.728669802908069e-03 -4.249049625992497e-02
13 30 -2.785844001027586e-03 -4.256360246646900e-02
14 30 -3.219568909663672e-03 -4.160375052136215e-02
15 30 -4.212816033825116e-03 -4.131316093389698e-02
16 30 -4.291829914057965e-03 -4.029305538819444e-02
17 30 -5.103581227483784e-03 -3.970618477248004e-02
18 30 -4.852593244545151e-03 -3.875328871694420e-02
19 30 -5.411242654155408e-03 -3.796837913772712e-02
20 30 -4.894806902312220e-03 -3.717705412416449e-02
21 30 -5.174068839923789e-03 -3.629654130127874e-02
22 30 -4.473167845058775e-03 -3.572287674505027e-02
23 30 -4.480530937508879e-03 -3.483647706939591e-02
24 30 -3.675353685593732e-03 -3.450444357820210e-02
25 30 -3.438418222342759e-03 -3.368306874397086e-02
26 30 -2.599916266908928e-03 -3.359452926185908e-02
27 30 -2.155869354652494e-03 -3.289140548959807e-02
28 30 -1.344104840445181e-03 -3.303495064950874e-02
29 30 -7.338179792106972e-04 -3.248979941554121e-02
30 30 2.350057240393015e-17 -3.284638074362330e-02
31 30 7.338179792106618e-04 -3.248979941554116e-02
32 30 1.344104840445218e-03 -3.303495064950879e-02
33 30 2.155869354652475e-03 -3.289140548959798e-02
34 30 2.599916266908944e-03 -3.359452926185920e-02
35 30 3.438418222342769e-03 -3.368306874397072e-02
36 30 3.675353685593721e-03 -3.450444357820216e-02
37 30 4.480530937508911e-03 -3.483647706939579e-02
38 30 4.473167845058742e-03 -3.572287674505037e-02
39 30 5.174068839923836e-03 -3.629654130127869e-02
0 31 6.513366704996078e-03 -3.796654215620362e-02
1 31 7.081589096705258e-03 -3.910711751633546e-02
2 31 6.201787437167513e-03 -4.007292050020485e-02
3 31 6.375631231657845e-03 -4.140735208138759e-02
4 31 5.165236749074552e-03 -4.205604084921359e-02
5 31 4.856398239015944e-03 -4.343271495383723e-02
6 31 3.439729336563346e-03 -4.362304825530128e-02
7 31 2.634779114001071e-03 -4.483946631037952e-02
8 31 1.208877061451624e-03 -4.449394819110732e-02
9 31 -3.113846048103119e-17 -4.534521716015477e-02
10 31 -1.208877061451555e-03 -4.449394819110732e-02
11 31 -2.634779114001125e-03 -4.483946631037957e-02
12 31 -3.439729336563300e-03 -4.362304825530133e-02
13 31 -4.856398239015961e-03 -4.343271495383715e-02
14 31 -5.165236749074541e-03 -4.205604084921361e-02
15 31 -6.375631231657838e-03 -4.140735208138757e-02
16 31 -6.201787437167536e-03 -4.007292050020489e-02
17 31 -7.081589096705219e-03 -3.910711751633548e-02
18 31 -6.513366704996103e-03 -3.796654215620363e-02
19 31 -7.015849851851825e-03 -3.683678916083562e-02
20 31 -6.171955174372854e-03 -3.597676899564498e-02
21 31 -6.307361020021664e-03 -3.481421956753229e-02
22 31 -5.303285947678370e-03 -3.426774161049333e-02
23 31 -5.112663818356944e-03 -3.317022400560878e-02
24 31 -4.045183245017994e-03 -3.293615337602391e-02
25 31 -3.580626605285317e-03 -3.197145616176025e-02
26 31 -2.525850267856229e-03 -3.203146534566971e-02
27 31 -1.839833199197098e-03 -3.124616844177141e-02
28 31 -8.579615379351233e-04 -3.157537072010498e-02
29 31 -1.420287319598303e-17 -3.100376644088053e-02
30 31 8.579615379351639e-04 -3.157537072010508e-02
31 31 1.839833199197079e-03 -3.124616844177136e-02
32 31 2.525850267856251e-03 -3.203146534566981e-02
33 31 3.580626605285319e-03 -3.197145616176017e-02
34 31 4.045183245017995e-03 -3.293615337602397e-02
35 31 5.112663818356965e-03 -3.317022400560865e-02
36 31 5.303285947678350e-03 -3.426774161049344e-02
37 31 6.307361020021710e-03 -3.481421956753216e-02
38 31 6.171955174372810e-03 -3.597676899564508e-02
39 31 7.015849851851877e-03 -3.683678916083553e-02
0 32 8.571476318921746e-03 -3.927081994578777e-02
1 32 9.176825874790028e-03 -4.091130449261850e-02
2 32 7.816221691408484e-03 -4.209777594489522e-02
3 32 7.822576918121157e-03 -4.397362981916127e-02
4 32 6.022283205587435e-03 -4.464569448532366e-02
5 32 5.306742135463065e-03 -4.649907811173027e-02
6 32 3.293740290685569e-03 -4.644835922487024e-02
7 32 1.884419018642541e-03 -4.794480450046822e-02
8 32 3.690216152720646e-17 -4.710310844950556e-02
9 32 -1.884419018642601e-03 -4.794480450046822e-02
10 32 -3.293740290685506e-03 -4.644835922487028e-02
11 32 -5.306742135463101e-03 -4.649907811173024e-02
12 32 -6.022283205587402e-03 -4.464569448532373e-02
13 32 -7.822576918121150e-03 -4.397362981916120e-02
14 32 -7.816221691408470e-03 -4.209777594489530e-02
15 32 -9.176825874790013e-03 -4.091130449261846e-02
16 32 -8.571476318921767e-03 -3.927081994578775e-02
17 32 -9.406403740298339e-03 -3.781269545297342e-02
18 32 -8.387581152661319e-03 -3.654840065448590e-02
19 32 -8.714433760012219e-03 -3.502178198917316e-02
20 32 -7.459522493530562e-03 -3.417799868347526e-02
21 32 -7.346618912472328e-03 -3.272350387890258e-02
22 32 -5.994533242493885e-03 -3.228820828456731e-02
23 32 -5.522427212502762e-03 -3.099261861209976e-02
24 32 -4.172160059566566e-03 -3.093053217536409e-02
25 32 -3.414547824649240e-03 -2.984525167751963e-02
26 32 -2.135775657273414e-03 -3.011725589116878e-02
27 32 -1.154137431415552e-03 -2.927533146534152e-02
28 32 1.724422551044510e-17 -2.984680097056787e-02
29 32 1.154137431415534e-03 -2.927533146534148e-02
30 32 2.135775657273443e-03 -3.011725589116884e-02
31 32 3.414547824649232e-03 -2.984525167751953e-02
32 32 4.172160059566570e-03 -3.093053217536418e-02
33 32 5.522427212502778e-03 -3.099261861209963e-02
34 32 5.994533242493860e-03 -3.228820828456737e-02
35 32 7.346618912472372e-03 -3.272350387890248e-02
36 32 7.459522493530524e-03 -3.417799868347538e-02
37 32 8.714433760012288e-03 -3.502178198917311e-02
38 32 8.387581152661271e-03 -3.654840065448602e-02
39 32 9.406403740298386e-03 -3.781269545297341e-02
0 33 1.121197520246459e-02 -4.134957528662430e-02
1 33 1.182699638584453e-02 -4.373059677720759e-02
2 33 9.724571235228342e-03 -4.519160460221767e-02
3 33 9.392867641957925e-03 -4.786073249818679e-02
4 33 6.694199930564662e-03 -4.845733803544847e-02
5 33 5.249411881039029e-03 -5.094312058835463e-02
6 33 2.397352209944182e-03 -5.036701793255018e-02
7 33 -2.418715362239963e-17 -5.209714033173594e-02
8 33 -2.397352209944115e-03 -5.036701793255021e-02
9 33 -5.249411881039072e-03 -5.094312058835457e-02
10 33 -6.694199930564618e-03 -4.845733803544865e-02
11 33 -9.392867641957963e-03 -4.786073249818669e-02
12 33 -9.724571235228322e-03 -4.519160460221777e-02
13 33 -1.182699638584450e-02 -4.373059677720750e-02
14 33 -1.121197520246458e-02 -4.134957528662443e-02
15 33 -1.254775787610832e-02 -3.943643530864121e-02
16 33 -1.129792572483706e-02 -3.758970513231313e-02
17 33 -1.190196598232676e-02 -3.556274425023637e-02
18 33 -1.031124049931601e-02 -3.430856901349450e-02
19 33 -1.030840305310309e-02 -3.238073962456828e-02
20 33 -8.588538944656237e-03 -3.167830354217421e-02
21 33 -8.114424610827736e-03 -2.996143947444375e-02
22 33 -6.398508764505337e-03 -2.973852031988228e-02
23 33 -5.565681503423050e-03 -2.828383647436914e-02
24 33 -3.933109180244040e-03 -2.847158983487354e-02
25 33 -2.824580996074690e-03 -2.730209890977357e-02
26 33 -1.325572898059217e-03 -2.784777630043993e-02
27 33 -6.264287347796241e-18 -2.697937185676503e-02
28 33 1.325572898059244e-03 -2.784777630043996e-02
29 33 2.824580996074683e-03 -2.730209890977354e-02
30 33 3.933109180244049e-03 -2.847158983487362e-02
31 33 5.565681503423059e-03 -2.828383647436904e-02
32 33 6.398508764505328e-03 -2.973852031988237e-02
33 33 8.114424610827776e-03 -2.996143947444366e-02
34 33 8.588538944656204e-03 -3.167830354217432e-02
35 33 1.030840305310313e-02 -3.238073962456822e-02
36 33 1.031124049931596e-02 -3.430856901349447e-02
37 33 1.190196598232681e-02 -3.556274425023639e-02
38 33 1.129792572483702e-02 -3.758970513231313e-02
39 33 1.254775787610835e-02 -3.943643530864131e-02
0 34 1.466901998776675e-02 -4.462718569802911e-02
1 34 1.523872734853634e-02 -4.816449751104335e-02
2 34 1.193372739358165e-02 -4.997205816297991e-02
3 34 1.091275118274865e-02 -5.385347218161524e-02
4 34 6.793525248364168e-03 -5.411929380474696e-02
5 34 3.999691307421368e-03 -5.740349590637967e-02
6 34 2.563743177235266e-17 -5.570699014817315e-02
7 34 -3.999691307421390e-03 -5.740349590637959e-02
8 34 -6.793525248364122e-03 -5.411929380474700e-02
9 34 -1.091275118274867e-02 -5.385347218161511e-02
10 34 -1.193372739358161e-02 -4.997205816298011e-02
11 34 -1.523872734853634e-02 -4.816449751104326e-02
12 34 -1.466901998776674e-02 -4.462718569802929e-02
13 34 -1.678322265555336e-02 -4.203698103358596e-02
14 34 -1.519263625662381e-02 -3.932036039649239e-02
15 34 -1.619113261783416e-02 -3.656428984521691e-02
16 34 -1.411264491903146e-02 -3.474050549698968e-02
17 34 -1.424366484659918e-02 -3.216052328084337e-02
18 34 -1.202122976117637e-02 -3.111650057153460e-02
19 34 -1.152931020637725e-02 -2.885444487380769e-02
20 34 -9.346198906910897e-03 -2.844002438009386e-02
21 34 -8.414106777085772e-03 -2.653349338290551e-02
22 34 -6.356512253158838e-03 -2.662246370221780e-02
23 34 -5.104001599399317e-03 -2.506811678946146e-02
24 34 -3.210125448908246e-03 -2.557299062015912e-02
25 34 -1.709117617581455e-03 -2.436068519517329e-02
26 34 1.077825031508937e-17 -2.523024418541484e-02
27 34 1.709117617581452e-03 -2.436068519517325e-02
28 34 3.210125448908267e-03 -2.557299062015917e-02
29 34 5.104001599399324e-03 -2.506811678946138e-02
30 34 6.356512253158838e-03 -2.662246370221788e-02
31 34 8.414106777085784e-03 -2.653349338290543e-02
32 34 9.346198906910894e-03 -2.844002438009390e-02
33 34 1.152931020637727e-02 -2.885444487380764e-02
34 34 1.202122976117635e-02 -3.111650057153462e-02
35 34 1.424366484659922e-02 -3.216052328084337e-02
36 34 1.411264491903146e-02 -3.474050549698961e-02
37 34 1.619113261783421e-02 -3.656428984521700e-02
38 34 1.519263625662381e-02 -3.932036039649225e-02
39 34 1.678322265555341e-02 -4.203698103358611e-02
0 35 1.936488548518635e-02 -4.985922699533218e-02
1 35 1.976013282936338e-02 -5.534666621420645e-02
2 35 1.435616247437873e-02 -5.757769984209883e-02
3 35 1.183567608817129e-02 -6.340232037151665e-02
4 35 5.379709481715964e-03 -6.263465870721789e-02
5 35 3.243494581770001e-18 -6.672142605866938e-02
6 35 -5.379709481715936e-03 -6.263465870721796e-02
7 35 -1.183567608817129e-02 -6.340232037151657e-02
8 35 -1.435616247437871e-02 -5.757769984209894e-02
9 35 -1.976013282936338e-02 -5.534666621420634e-02
10 35 -1.936488548518634e-02 -4.985922699533232e-02
11 35 -2.275639339575083e-02 -4.615853636145940e-02
12 35 -2.058632435351964e-02 -4.207028874452613e-02
13 35 -2.213832830924612e-02 -3.816753039794908e-02
14 35 -1.927792735211673e-02 -3.554490202046819e-02
15 35 -1.953185603716273e-02 -3.202152480004368e-02
16 35 -1.657490992011491e-02 -3.056299584763228e-02
17 35 -1.599932118279774e-02 -2.757939629117361e-02
18 35 -1.319384537703253e-02 -2.696860514880516e-02
19 35 -1.209594076785407e-02 -2.451107718888382e-02
20 35 -9.518558340932827e-03 -2.451575299592488e-02
21 35 -8.075281974625134e-03 -2.252204549644661e-02
22 35 -5.732572877449983e-03 -2.299590406236040e-02
23 35 -4.035240727606588e-03 -2.140654127809660e-02
24 35 -1.912985484555470e-03 -2.226996563564660e-02
25 35 9.201666402111690e-19 -2.104729714177969e-02
26 35 1.912985484555488e-03 -2.226996563564667e-02
27 35 4.035240727606587e-03 -2.140654127809655e-02
28 35 5.732572877450001e-03 -2.299590406236045e-02
29 35 8.075281974625138e-03 -2.252204549644658e-02
30 35 9.518558340932808e-03 -2.451575299592493e-02
31 35 1.209594076785408e-02 -2.451107718888376e-02
32 35 1.319384537703252e-02 -2.696860514880519e-02
33 35 1.599932118279779e-02 -2.757939629117363e-02
34 35 1.657490992011487e-02 -3.056299584763226e-02
35 35 1.953185603716274e-02 -3.202152480004370e-02
36 35 1.927792735211671e-02 -3.554490202046811e-02
37 35 2.213832830924613e-02 -3.816753039794923e-02
38 35 2.058632435351966e-02 -4.207028874452602e-02
39 35 2.275639339575086e-02 -4.615853636145953e-02
0 36 2.615684858815232e-02 -5.855872271164236e-02
1 36 2.598540811711949e-02 -6.773039997012620e-02
2 36 1.650827864927047e-02 -7.032223867068237e-02
3 36 1.035607309237065e-02 -7.935846189811221e-02
4 36 4.682014056178063e-18 -7.544707107039045e-02
5 36 -1.035607309237063e-02 -7.935846189811221e-02
6 36 -1.650827864927042e-02 -7.032223867068250e-02
7 36 -2.598540811711940e-02 -6.773039997012609e-02
8 36 -2.615684858815231e-02 -5.855872271164244e-02
9 36 -3.183184084385123e-02 -5.277077088948514e-02
10 36 -2.848723011371820e-02 -4.634940681272239e-02
11 36 -3.078610838795631e-02 -4.046477212249382e-02
12 36 -2.652624692570663e-02 -3.672065054412077e-02
13 36 -2.678125676122292e-02 -3.175907822489974e-02
14 36 -2.267480173770303e-02 -2.985461109304345e-02
15 36 -2.183743250528635e-02 -2.589833076016960e-02
16 36 -1.816901037364152e-02 -2.515285075493627e-02
17 36 -1.675772273351823e-02 -2.203047684328647e-02
18 36 -1.353316495942568e-02 -2.202350634269322e-02
19 36 -1.179990173271271e-02 -1.954660624567585e-02
20 36 -8.949055671602755e-03 -2.004401433936367e-02
21 36 -7.002500243073471e-03 -1.806643809365073e-02
22 36 -4.448200065534241e-03 -1.895023708084794e-02
23 36 -2.320542930961699e-03 -1.737466495207059e-02
24 36 8.197263202447181e-18 -1.860045222946220e-02
25 36 2.320542930961708e-03 -1.737466495207057e-02
26 36 4.448200065534264e-03 -1.895023708084796e-02
27 36 7.002500243073488e-03 -1.806643809365070e-02
28 36 8.949055671602762e-03 -2.004401433936370e-02
29 36 1.179990173271272e-02 -1.954660624567579e-02
30 36 1.353316495942568e-02 -2.202350634269322e-02
31 36 1.675772273351823e-02 -2.203047684328648e-02
32 36 1.816901037364153e-02 -2.515285075493621e-02
33 36 2.183743250528633e-02 -2.589833076016965e-02
34 36 2.267480173770305e-02 -2.985461109304334e-02
35 36 2.678125676122294e-02 -3.175907822489982e-02
36 36 2.652624692570666e-02 -3.672065054412067e-02
37 36 3.078610838795632e-02 -4.046477212249396e-02
38 36 2.848723011371818e-02 -4.634940681272220e-02
39 36 3.183184084385127e-02 -5.277077088948529e-02
0 37 3.710862014271400e-02 -7.433096385947964e-02
1 37 3.467142744129495e-02 -9.178317616205686e-02
2 37 1.604833120865300e-02 -9.338431583326949e-02
3 37 3.347854814823125e-17 -1.071549869281870e-01
4 37 -1.604833120865300e-02 -9.338431583326955e-02
5 37 -3.467142744129491e-02 -9.178317616205674e-02
6 37 -3.710862014271404e-02 -7.433096385947981e-02
7 37 -4.745729840766477e-02 -6.372100428538088e-02
8 37 -4.111591466364650e-02 -5.291280008954391e-02
9 37 -4.424570392525186e-02 -4.320324638324261e-02
10 37 -3.717316066609804e-02 -3.797475179117341e-02
11 37 -3.696312709241382e-02 -3.072947047793253e-02
12 37 -3.095803733109196e-02 -2.852994280279771e-02
13 37 -2.943068823528461e-02 -2.327284079081754e-02
14 37 -2.454267852355920e-02 -2.261632458830746e-02
15 37 -2.252375008173775e-02 -1.872666761080842e-02
16 37 -1.849466172401901e-02 -1.889106150914478e-02
17 37 -1.628999013072475e-02 -1.592078296303085e-02
18 37 -1.287385826931966e-02 -1.656875330799935e-02
19 37 -1.057797454646948e-02 -1.422881688877687e-02
20 37 -7.587979516938717e-03 -1.520993224636065e-02
21 37 -5.206059546056819e-03 -1.331995370083786e-02
22 37 -2.506606842658279e-03 -1.458115397189004e-02
23 37 1.031467260784085e-17 -1.303309454598676e-02
24 37 2.506606842658296e-03 -1.458115397189005e-02
25 37 5.206059546056832e-03 -1.331995370083785e-02
26 37 7.587979516938741e-03 -1.520993224636068e-02
27 37 1.057797454646948e-02 -1.422881688877686e-02
28 37 1.287385826931969e-02 -1.656875330799937e-02
29 37 1.628999013072478e-02 -1.592078296303087e-02
30 37 1.849466172401905e-02 -1.889106150914477e-02
31 37 2.252375008173777e-02 -1.872666761080843e-02
32 37 2.454267852355922e-02 -2.261632458830739e-02
33 37 2.943068823528460e-02 -2.327284079081761e-02
34 37 3.095803733109198e-02 -2.852994280279761e-02
35 37 3.696312709241385e-02 -3.072947047793260e-02
36 37 3.717316066609809e-02 -3.797475179117332e-02
37 37 4.424570392525196e-02 -4.320324638324271e-02
38 37 4.111591466364651e-02 -5.291280008954381e-02
39 37 4.745729840766486e-02 -6.372100428538105e-02
0 38 5.872141966857775e-02 -1.084687684602822e-01
1 38 4.321581652822691e-02 -1.503233227243903e-01
2 38 -7.867153716566374e-18 -1.383525371055047e-01
3 38 -4.321581652822688e-02 -1.503233227243903e-01
4 38 -5.872141966857775e-02 -1.084687684602823e-01
5 38 -8.101396850237780e-02 -8.241088116613289e-02
6 38 -6.410092807798314e-02 -6.233893739144480e-02
7 38 -6.699544161609322e-02 -4.442755114123387e-02
8 38 -5.366870039320986e-02 -3.792401797079353e-02
9 38 -5.144040720352232e-02 -2.710590938292587e-02
10 38 -4.228283456920923e-02 -2.541169252706397e-02
11 38 -3.909459804124515e-02 -1.857097596322107e-02
12 38 -3.254850156428532e-02 -1.860162627309011e-02
13 38 -2.938396492980801e-02 -1.395252170788952e-02
14 38 -2.441105841061656e-02 -1.466785509685200e-02
15 38 -2.144270195579729e-02 -1.128505259967450e-02
16 38 -1.743819980754811e-02 -1.231707896410942e-02
17 38 -1.463788973410921e-02 -9.707077589989087e-03
18 38 -1.124008793638340e-02 -1.092692644635205e-02
19 38 -8.531505892146579e-03 -8.812042739495599e-03
20 38 -5.510068316134661e-03 -1.018850833172223e-02
21 38 -2.803833663691589e-03 -8.404664985055732e-03
22 38 3.274301332304475e-18 -9.956639971064963e-03
23 38 2.803833663691622e-03 -8.404664985055713e-03
24 38 5.510068316134670e-03 -1.018850833172223e-02
25 38 8.531505892146598e-03 -8.812042739495592e-03
26 38 1.124008793638341e-02 -1.092692644635206e-02
27 38 1.463788973410922e-02 -9.707077589989097e-03
28 38 1.743819980754814e-02 -1.231707896410942e-02
29 38 2.144270195579727e-02 -1.128505259967450e-02
30 38 2.441105841061660e-02 -1.466785509685201e-02
31 38 2.938396492980799e-02 -1.395252170788955e-02
32 38 3.254850156428538e-02 -1.860162627309006e-02
33 38 3.909459804124515e-02 -1.857097596322112e-02
34 38 4.228283456920932e-02 -2.541169252706390e-02
35 38 5.144040720352239e-02 -2.710590938292593e-02
36 38 5.366870039320992e-02 -3.792401797079351e-02
37 38 6.699544161609319e-02 -4.442755114123388e-02
38 38 6.410092807798305e-02 -6.233893739144478e-02
39 38 8.101396850237789e-02 -8.241088116613293e-02
0 39 1.211325189168355e-01 -2.132045270229622e-01
1 39 3.996644226402614e-17 -3.601309999371433e-01
2 39 -1.211325189168356e-01 -2.132045270229622e-01
3 39 -1.868253197539100e-01 -1.101365694284388e-01
4 39 -1.139381196652712e-01 -6.920132954903688e-02
5 39 -1.069185072670704e-01 -3.407366325530921e-02
6 39 -8.005279393447469e-02 -3.119574441954286e-02
7 39 -7.089676439067501e-02 -1.605060237442426e-02
8 39 -5.728657044784408e-02 -1.771018160598863e-02
9 39 -5.044680815545041e-02 -9.653609957486901e-03
10 39 -4.206203701271972e-02 -1.172963471852658e-02
11 39 -3.690259263098684e-02 -6.711503462255939e-03
12 39 -3.103436353851666e-02 -8.654307904992891e-03
13 39 -2.690945863379792e-02 -5.148089820553350e-03
14 39 -2.240794530576453e-02 -6.926731341468385e-03
15 39 -1.891115822459759e-02 -4.255175905766262e-03
16 39 -1.520158719917973e-02 -5.921146082839465e-03
17 39 -1.207400765492151e-02 -3.740594443179267e-03
18 39 -8.828834509188076e-03 -5.356139745085277e-03
19 39 -5.889270207640745e-03 -3.471148829125405e-03
20 39 -2.896901091646150e-03 -5.100257609579610e-03
21 39 2.476441608306249e-17 -3.387085109819124e-03
22 39 2.896901091646148e-03 -5.100257609579609e-03
23 39 5.889270207640789e-03 -3.471148829125402e-03
24 39 8.828834509188076e-03 -5.356139745085285e-03
25 39 1.207400765492152e-02 -3.740594443179262e-03
26 39 1.520158719917976e-02 -5.921146082839480e-03
27 39 1.891115822459758e-02 -4.255175905766253e-03
28 39 2.240794530576456e-02 -6.926731341468398e-03
29 39 2.690945863379792e-02 -5.148089820553351e-03
30 39 3.103436353851674e-02 -8.654307904992910e-03
31 39 3.690259263098682e-02 -6.711503462255923e-03
32 39 4.206203701271978e-02 -1.172963471852660e-02
33 39 5.044680815545041e-02 -9.653609957486885e-03
34 39 5.728657044784410e-02 -1.771018160598863e-02
35 39 7.089676439067513e-02 -1.605060237442427e-02
36 39 8.005279393447465e-02 -3.119574441954288e-02
37 39 1.069185072670704e-01 -3.407366325530918e-02
38 39 1.139381196652713e-01 -6.920132954903681e-02
39 39 1.868253197539102e-01 -1.101365694284388e-01
