0 0 -1.493666639399437e-17 1.122914030999988e-16
1 0 3.099198954654814e-01 1.794413898589066e-01
2 0 2.422571318421769e-01 1.084176129724853e-16
3 0 1.468744808334330e-01 3.542710487999785e-02
4 0 1.173689770982584e-01 8.974988163630743e-17
5 0 8.891163450041684e-02 1.190570668244816e-02
6 0 7.396133584076711e-02 5.559108398586397e-17
7 0 6.067682484512980e-02 5.800822136333695e-03
8 0 5.170163499970541e-02 1.978246265343655e-17
9 0 4.368028563080589e-02 3.466198790171010e-03
10 0 3.752930666283516e-02 -1.027159158169892e-17
11 0 3.191161080419365e-02 2.339977921110477e-03
12 0 2.725832185749511e-02 -2.523403287298722e-17
13 0 2.291534682903443e-02 1.726047400252780e-03
14 0 1.911405476103165e-02 -2.178734215114869e-17
15 0 1.549658139840796e-02 1.374302312221540e-03
16 0 1.218826839210901e-02 -7.964164124322202e-18
17 0 8.984206081975128e-03 1.178389086986805e-03
18 0 5.941145343139618e-03 8.109441606523655e-18
19 0 2.945519680438915e-03 1.090060931582830e-03
20 0 2.650483590861211e-17 1.448345942709114e-17
21 0 -2.945519680439055e-03 1.090060931582837e-03
22 0 -5.941145343139565e-03 5.382600063475102e-18
23 0 -8.984206081975284e-03 1.178389086986823e-03
24 0 -1.218826839210896e-02 -1.898251617135462e-17
25 0 -1.549658139840811e-02 1.374302312221574e-03
26 0 -1.911405476103157e-02 -5.146328331429714e-17
27 0 -2.291534682903459e-02 1.726047400252833e-03
28 0 -2.725832185749504e-02 -8.133737499729143e-17
29 0 -3.191161080419381e-02 2.339977921110557e-03
30 0 -3.752930666283510e-02 -9.485054742277299e-17
31 0 -4.368028563080606e-02 3.466198790171104e-03
32 0 -5.170163499970535e-02 -8.476154613309061e-17
33 0 -6.067682484512995e-02 5.800822136333790e-03
34 0 -7.396133584076707e-02 -5.452332757882157e-17
35 0 -8.891163450041704e-02 1.190570668244824e-02
36 0 -1.173689770982585e-01 -7.738939184341573e-18
37 0 -1.468744808334332e-01 3.542710487999789e-02
38 0 -2.422571318421768e-01 6.717228514720150e-17
39 0 -3.099198954654814e-01 1.794413898589067e-01
0 1 1.211334329123199e-01 2.113279947773512e-01
1 1 1.036868908173143e-01 1.117882742906261e-01
2 1 1.139407721728603e-01 6.732494730648930e-02
3 1 8.497950255051384e-02 5.113567796799576e-02
4 1 8.005692528044044e-02 2.931964749359347e-02
5 1 6.311572977258903e-02 2.669346184014980e-02
6 1 5.729177619288345e-02 1.583447737138967e-02
7 1 4.699964947672176e-02 1.594285405056691e-02
8 1 4.206780755443950e-02 9.854392100664805e-03
9 1 3.513305739719451e-02 1.057833379369711e-02
10 1 3.104013400547423e-02 6.779550636813530e-03
11 1 2.591775335974495e-02 7.629199226961301e-03
12 1 2.241315085507385e-02 5.052435646499566e-03
13 1 1.833544175376924e-02 5.916994542224653e-03
14 1 1.520571830320124e-02 4.047243008788776e-03
15 1 1.175133092882716e-02 4.921592092752836e-03
16 1 8.831486821032894e-03 3.482521917203484e-03
17 1 5.743392320250940e-03 4.397935533321152e-03
18 1 2.897815012359717e-03 3.226789741239178e-03
19 1 -8.450418963933452e-17 4.234223763951613e-03
20 1 -2.897815012359616e-03 3.226789741239165e-03
21 1 -5.743392320251108e-03 4.397935533321194e-03
22 1 -8.831486821032792e-03 3.482521917203443e-03
23 1 -1.175133092882731e-02 4.921592092752906e-03
24 1 -1.520571830320113e-02 4.047243008788706e-03
25 1 -1.833544175376939e-02 5.916994542224755e-03
26 1 -2.241315085507375e-02 5.052435646499466e-03
27 1 -2.591775335974507e-02 7.629199226961416e-03
28 1 -3.104013400547413e-02 6.779550636813410e-03
29 1 -3.513305739719468e-02 1.057833379369723e-02
30 1 -4.206780755443948e-02 9.854392100664697e-03
31 1 -4.699964947672185e-02 1.594285405056702e-02
32 1 -5.729177619288339e-02 1.583447737138956e-02
33 1 -6.311572977258910e-02 2.669346184014991e-02
34 1 -8.005692528044044e-02 2.931964749359336e-02
35 1 -8.497950255051376e-02 5.113567796799583e-02
36 1 -1.139407721728604e-01 6.732494730648925e-02
37 1 -1.036868908173144e-01 1.117882742906263e-01
38 1 -1.211334329123200e-01 2.113279947773510e-01
39 1 -1.464777756485790e-17 2.177571295595331e-01
0 2 5.872342447897990e-02 1.047157077337293e-01
1 2 5.438398702630760e-02 7.492661894826132e-02
2 2 6.410474142497749e-02 5.858633383426443e-02
3 2 5.290429235301054e-02 4.607290116649423e-02
4 2 5.367394895289345e-02 3.417212644941471e-02
5 2 4.422247490975136e-02 2.930280903705812e-02
6 2 4.228900452907286e-02 2.166069818466197e-02
7 2 3.516952430487114e-02 1.981549870598184e-02
8 2 3.255498893667704e-02 1.485162641111168e-02
9 2 2.711952080682675e-02 1.427627406737251e-02
10 2 2.441722816632544e-02 1.091884966257685e-02
11 2 2.009154256745049e-02 1.093756763707807e-02
12 2 1.744344803689780e-02 8.568970570791331e-03
13 2 1.384009543913528e-02 8.913258584058777e-03
14 2 1.124390095303995e-02 7.179529918236358e-03
15 2 8.108268579420944e-03 7.748672497708105e-03
16 2 5.512072922376327e-03 6.441568834965700e-03
17 2 2.671028650879816e-03 7.214674826927251e-03
18 2 5.325270066264729e-17 6.209857954005702e-03
19 2 -2.671028650879972e-03 7.214674826927278e-03
20 2 -5.512072922376226e-03 6.441568834965650e-03
21 2 -8.108268579421084e-03 7.748672497708192e-03
22 2 -1.124390095303987e-02 7.179529918236257e-03
23 2 -1.384009543913539e-02 8.913258584058899e-03
24 2 -1.744344803689774e-02 8.568970570791212e-03
25 2 -2.009154256745060e-02 1.093756763707822e-02
26 2 -2.441722816632540e-02 1.091884966257672e-02
27 2 -2.711952080682683e-02 1.427627406737263e-02
28 2 -3.255498893667703e-02 1.485162641111156e-02
29 2 -3.516952430487121e-02 1.981549870598195e-02
30 2 -4.228900452907283e-02 2.166069818466185e-02
31 2 -4.422247490975145e-02 2.930280903705821e-02
32 2 -5.367394895289349e-02 3.417212644941467e-02
33 2 -5.290429235301063e-02 4.607290116649426e-02
34 2 -6.410474142497752e-02 5.858633383426443e-02
35 2 -5.438398702630770e-02 7.492661894826136e-02
36 2 -5.872342447897995e-02 1.047157077337292e-01
37 2 -2.596347902814782e-02 1.120417245290683e-01
38 2 2.789681849994937e-18 1.345993188465406e-01
39 2 2.596347902814773e-02 1.120417245290682e-01
0 3 3.711207773984547e-02 6.870139760919228e-02
1 3 3.509628205543706e-02 5.515267179576127e-02
2 3 4.112129992483370e-02 4.728417641317351e-02
3 3 3.562777780345620e-02 3.922616740974506e-02
4 3 3.717994636515935e-02 3.234742539940716e-02
5 3 3.151787574787079e-02 2.806597104941056e-02
6 3 3.096555917238780e-02 2.290414137597830e-02
7 3 2.602456749085945e-02 2.072675023777577e-02
8 3 2.455020019235521e-02 1.699212650595596e-02
9 3 2.038067972082584e-02 1.597029480272172e-02
10 3 1.850144697146871e-02 1.326838820426112e-02
11 3 1.495576432439853e-02 1.291938459911458e-02
12 3 1.287924297227911e-02 1.094737698437197e-02
13 3 9.798224480954009e-03 1.103534013548201e-02
14 3 7.591436662455400e-03 9.589498193306017e-03
15 3 4.845539656486339e-03 1.000923381372517e-02
16 3 2.507798085378238e-03 8.961215285797831e-03
17 3 -5.799045363412269e-17 9.683308525921492e-03
18 3 -2.507798085378161e-03 8.961215285797802e-03
19 3 -4.845539656486447e-03 1.000923381372524e-02
20 3 -7.591436662455338e-03 9.589498193305917e-03
21 3 -9.798224480954075e-03 1.103534013548214e-02
22 3 -1.287924297227908e-02 1.094737698437182e-02
23 3 -1.495576432439855e-02 1.291938459911472e-02
24 3 -1.850144697146872e-02 1.326838820426098e-02
25 3 -2.038067972082584e-02 1.597029480272186e-02
26 3 -2.455020019235524e-02 1.699212650595585e-02
27 3 -2.602456749085943e-02 2.072675023777589e-02
28 3 -3.096555917238785e-02 2.290414137597819e-02
29 3 -3.151787574787079e-02 2.806597104941063e-02
30 3 -3.717994636515942e-02 3.234742539940712e-02
31 3 -3.562777780345618e-02 3.922616740974507e-02
32 3 -4.112129992483371e-02 4.728417641317350e-02
33 3 -3.509628205543712e-02 5.515267179576128e-02
34 3 -3.711207773984548e-02 6.870139760919226e-02
35 3 -2.367347535341094e-02 7.336846393962836e-02
36 3 -1.604952262387175e-02 8.775425402854599e-02
37 3 -3.020120690085475e-17 8.236813590730538e-02
38 3 1.604952262387175e-02 8.775425402854604e-02
39 3 2.367347535341087e-02 7.336846393962833e-02
0 4 2.616232183812281e-02 5.105272541880415e-02
1 4 2.478987269465502e-02 4.329446610628225e-02
2 4 2.849476322799610e-02 3.884504976796030e-02
3 4 2.523586906001104e-02 3.346818530347019e-02
4 4 2.653510238377945e-02 2.921836020525223e-02
5 4 2.282704091827433e-02 2.585641560243614e-02
6 4 2.268411262727580e-02 2.235461154947802e-02
7 4 1.913276344647735e-02 2.037604719873357e-02
8 4 1.817786527998132e-02 1.765514183232916e-02
9 4 1.495991968893806e-02 1.658574507626412e-02
10 4 1.354069718097987e-02 1.452786366954283e-02
11 4 1.066412404910971e-02 1.407410135909788e-02
12 4 8.954528028850639e-03 1.255001135010727e-02
13 4 6.375554837178987e-03 1.254738995919642e-02
14 4 4.451077012807876e-03 1.145728678636269e-02
15 4 2.120161390466915e-03 1.182601693710896e-02
16 4 1.696006365777415e-17 1.110786466034373e-02
17 4 -2.120161390466981e-03 1.182601693710899e-02
18 4 -4.451077012807867e-03 1.145728678636262e-02
19 4 -6.375554837179026e-03 1.254738995919653e-02
20 4 -8.954528028850668e-03 1.255001135010714e-02
21 4 -1.066412404910970e-02 1.407410135909801e-02
22 4 -1.354069718097994e-02 1.452786366954270e-02
23 4 -1.495991968893798e-02 1.658574507626429e-02
24 4 -1.817786527998144e-02 1.765514183232905e-02
25 4 -1.913276344647719e-02 2.037604719873365e-02
26 4 -2.268411262727591e-02 2.235461154947793e-02
27 4 -2.282704091827424e-02 2.585641560243618e-02
28 4 -2.653510238377959e-02 2.921836020525223e-02
29 4 -2.523586906001098e-02 3.346818530347017e-02
30 4 -2.849476322799621e-02 3.884504976796035e-02
31 4 -2.478987269465499e-02 4.329446610628220e-02
32 4 -2.616232183812285e-02 5.105272541880417e-02
33 4 -1.919828710177133e-02 5.402741320415429e-02
34 4 -1.651115614827255e-02 6.281518822663892e-02
35 4 -7.398816908789977e-03 6.169421925322125e-02
36 4 -2.756138310110334e-18 6.793965772663603e-02
37 4 7.398816908789927e-03 6.169421925322127e-02
38 4 1.651115614827253e-02 6.281518822663894e-02
39 4 1.919828710177134e-02 5.402741320415430e-02
0 5 1.937315927766955e-02 4.047697684393335e-02
1 5 1.826970045528015e-02 3.544666542061153e-02
2 5 2.059674957841431e-02 3.269063432720638e-02
3 5 1.838294674052957e-02 2.891942623234877e-02
4 5 1.928948333143749e-02 2.616829881149157e-02
5 5 1.666822302388718e-02 2.358211359288235e-02
6 5 1.658646540370867e-02 2.118960056586764e-02
7 5 1.393614983607966e-02 1.953496388034447e-02
8 5 1.320426930410140e-02 1.759826049889443e-02
9 5 1.069003675674759e-02 1.663967861760043e-02
10 5 9.526830529215701e-03 1.514800314731653e-02
11 5 7.205244206446012e-03 1.471706976693839e-02
12 5 5.737883815361087e-03 1.363003931974982e-02
13 5 3.620035239600070e-03 1.362257774283706e-02
14 5 1.914815484787735e-03 1.290509190887673e-02
15 5 -1.721289058074208e-17 1.326757464388257e-02
16 5 -1.914815484787744e-03 1.290509190887670e-02
17 5 -3.620035239600082e-03 1.362257774283714e-02
18 5 -5.737883815361141e-03 1.363003931974971e-02
19 5 -7.205244206445963e-03 1.471706976693852e-02
20 5 -9.526830529215805e-03 1.514800314731640e-02
21 5 -1.069003675674748e-02 1.663967861760055e-02
22 5 -1.320426930410155e-02 1.759826049889432e-02
23 5 -1.393614983607953e-02 1.953496388034456e-02
24 5 -1.658646540370887e-02 2.118960056586758e-02
25 5 -1.666822302388702e-02 2.358211359288234e-02
26 5 -1.928948333143769e-02 2.616829881149160e-02
27 5 -1.838294674052945e-02 2.891942623234870e-02
28 5 -2.059674957841445e-02 3.269063432720644e-02
29 5 -1.826970045528005e-02 3.544666542061143e-02
30 5 -1.937315927766967e-02 4.047697684393344e-02
31 5 -1.531131969198351e-02 4.244569350395710e-02
32 5 -1.436147471011337e-02 4.819356365192597e-02
33 5 -8.919955906339636e-03 4.820896462606594e-02
34 5 -5.381539977670215e-03 5.324953092471907e-02
35 5 -3.351239542692196e-17 5.049811858893444e-02
36 5 5.381539977670216e-03 5.324953092471903e-02
37 5 8.919955906339587e-03 4.820896462606598e-02
38 5 1.436147471011334e-02 4.819356365192585e-02
39 5 1.531131969198352e-02 4.244569350395722e-02
0 6 1.468112427775445e-02 3.336904098195967e-02
1 6 1.373382411163393e-02 2.985274102960376e-02
2 6 1.520686497185077e-02 2.806607935265757e-02
3 6 1.356302287407671e-02 2.531043644510920e-02
4 6 1.412760502358478e-02 2.349050686850446e-02
5 6 1.216741432789296e-02 2.149539219833385e-02
6 6 1.203545685588138e-02 1.987078383452556e-02
7 6 9.998541772540375e-03 1.853080659826388e-02
8 6 9.358300574843739e-03 1.719816994380289e-02
9 6 7.376240987367665e-03 1.639538502470420e-02
10 6 6.365304271156647e-03 1.538367410180604e-02
11 6 4.505473368671183e-03 1.502328589819002e-02
12 6 3.214747565342367e-03 1.433616862403597e-02
13 6 1.513777634825892e-03 1.435412925169852e-02
14 6 -5.090204867386504e-18 1.399410015389718e-02
15 6 -1.513777634825922e-03 1.435412925169855e-02
16 6 -3.214747565342400e-03 1.433616862403590e-02
17 6 -4.505473368671169e-03 1.502328589819011e-02
18 6 -6.365304271156736e-03 1.538367410180592e-02
19 6 -7.376240987367582e-03 1.639538502470432e-02
20 6 -9.358300574843886e-03 1.719816994380275e-02
21 6 -9.998541772540242e-03 1.853080659826394e-02
22 6 -1.203545685588161e-02 1.987078383452554e-02
23 6 -1.216741432789277e-02 2.149539219833385e-02
24 6 -1.412760502358501e-02 2.349050686850450e-02
25 6 -1.356302287407653e-02 2.531043644510911e-02
26 6 -1.520686497185100e-02 2.806607935265772e-02
27 6 -1.373382411163380e-02 2.985274102960357e-02
28 6 -1.468112427775460e-02 3.336904098195987e-02
29 6 -1.216437043288684e-02 3.469948034801314e-02
30 6 -1.194252203363239e-02 3.871084691574342e-02
31 6 -8.525731560974654e-03 3.899717131861406e-02
32 6 -6.798148985307452e-03 4.285611358170886e-02
33 6 -3.085580174519994e-03 4.159117188750203e-02
34 6 1.635492918171984e-17 4.444313143666138e-02
35 6 3.085580174519915e-03 4.159117188750209e-02
36 6 6.798148985307455e-03 4.285611358170876e-02
37 6 8.525731560974638e-03 3.899717131861424e-02
38 6 1.194252203363233e-02 3.871084691574323e-02
39 6 1.216437043288688e-02 3.469948034801335e-02
0 7 1.122920448434561e-02 2.821618077492953e-02
1 7 1.039704679535579e-02 2.563053555448765e-02
2 7 1.131702313555908e-02 2.446181435185350e-02
3 7 1.002868224514716e-02 2.238241006299671e-02
4 7 1.033033644307315e-02 2.118646429463594e-02
5 7 8.809866215634239e-03 1.963162261040658e-02
6 7 8.605764385979577e-03 1.856170083544640e-02
7 7 7.011542511518147e-03 1.748779725817944e-02
8 7 6.412178102725300e-03 1.662659724482201e-02
9 7 4.846607308271383e-03 1.597367200904442e-02
10 7 3.941885039442914e-03 1.536306633110163e-02
11 7 2.470934835505664e-03 1.507688159390973e-02
12 7 1.328596781292062e-03 1.474103992876877e-02
13 7 -3.411480579655084e-17 1.478032637965801e-02
14 7 -1.328596781292053e-03 1.474103992876873e-02
15 7 -2.470934835505706e-03 1.507688159390979e-02
16 7 -3.941885039442952e-03 1.536306633110156e-02
17 7 -4.846607308271359e-03 1.597367200904452e-02
18 7 -6.412178102725413e-03 1.662659724482195e-02
19 7 -7.011542511518047e-03 1.748779725817951e-02
20 7 -8.605764385979753e-03 1.856170083544636e-02
21 7 -8.809866215634087e-03 1.963162261040657e-02
22 7 -1.033033644307340e-02 2.118646429463601e-02
23 7 -1.002868224514697e-02 2.238241006299661e-02
24 7 -1.131702313555931e-02 2.446181435185366e-02
25 7 -1.039704679535565e-02 2.563053555448743e-02
26 7 -1.122920448434576e-02 2.821618077492979e-02
27 7 -9.625857371687804e-03 2.910990217703488e-02
28 7 -9.738245320638805e-03 3.205352767728285e-02
29 7 -7.519789405775319e-03 3.234470863825650e-02
30 7 -6.702979630314091e-03 3.531585875765280e-02
31 7 -4.153373754347398e-03 3.469300890789855e-02
32 7 -2.400377560129873e-03 3.722374980354691e-02
33 7 -6.452616501189487e-17 3.555859599599077e-02
34 7 2.400377560129943e-03 3.722374980354682e-02
35 7 4.153373754347291e-03 3.469300890789865e-02
36 7 6.702979630314103e-03 3.531585875765261e-02
37 7 7.519789405775301e-03 3.234470863825673e-02
38 7 9.738245320638749e-03 3.205352767728262e-02
39 7 9.625857371687870e-03 2.910990217703513e-02
0 8 8.595397279357219e-03 2.426325008643103e-02
1 8 7.861739477648493e-03 2.228966678383417e-02
2 8 8.412730611138539e-03 2.154840473394013e-02
3 8 7.373003780279539e-03 1.993680678577854e-02
4 8 7.483438646300488e-03 1.918557514352827e-02
5 8 6.280012656417897e-03 1.795652275886118e-02
6 8 6.014875693045190e-03 1.730261455134095e-02
7 8 4.757986128883693e-03 1.643877454777184e-02
8 8 4.186938651883043e-03 1.595035770541894e-02
9 8 2.957466017676038e-03 1.541990773150317e-02
10 8 2.143544864247670e-03 1.514056038175109e-02
11 8 1.002284683575736e-03 1.490996829336495e-02
12 8 3.410935233167974e-17 1.487130415305438e-02
13 8 -1.002284683575853e-03 1.490996829336499e-02
14 8 -2.143544864247626e-03 1.514056038175104e-02
15 8 -2.957466017676099e-03 1.541990773150325e-02
16 8 -4.186938651883072e-03 1.595035770541886e-02
17 8 -4.757986128883683e-03 1.643877454777192e-02
18 8 -6.014875693045306e-03 1.730261455134088e-02
19 8 -6.280012656417804e-03 1.795652275886117e-02
20 8 -7.483438646300669e-03 1.918557514352829e-02
21 8 -7.373003780279405e-03 1.993680678577846e-02
22 8 -8.412730611138735e-03 2.154840473394029e-02
23 8 -7.861739477648368e-03 2.228966678383396e-02
24 8 -8.595397279357370e-03 2.426325008643128e-02
25 8 -7.569154691944103e-03 2.483805682831424e-02
26 8 -7.836571920922663e-03 2.708337219936818e-02
27 8 -6.370958792533485e-03 2.729389066351696e-02
28 8 -6.037069576867260e-03 2.962586643403627e-02
29 8 -4.278444522212900e-03 2.927479841445551e-02
30 8 -3.301514305310506e-03 3.142504813360407e-02
31 8 -1.510696862620197e-03 3.039160719258758e-02
32 8 6.274919658879466e-17 3.207859710812512e-02
33 8 1.510696862620031e-03 3.039160719258768e-02
34 8 3.301514305310600e-03 3.142504813360397e-02
35 8 4.278444522212784e-03 2.927479841445575e-02
36 8 6.037069576867280e-03 2.962586643403601e-02
37 8 6.370958792533455e-03 2.729389066351724e-02
38 8 7.836571920922573e-03 2.708337219936790e-02
39 8 7.569154691944173e-03 2.483805682831450e-02
0 9 6.545802024496047e-03 2.108648876022236e-02
1 9 5.902941846104172e-03 1.953391161570494e-02
2 9 6.204386138054117e-03 1.910683576694170e-02
3 9 5.354780240737373e-03 1.782670688285354e-02
4 9 5.332538606509987e-03 1.740743067884672e-02
5 9 4.372897061447601e-03 1.641742846817419e-02
6 9 4.068395764877528e-03 1.608402569996904e-02
7 9 3.079391217987562e-03 1.537731906086593e-02
8 9 2.540752446966820e-03 1.518528202352456e-02
9 9 1.587591931836813e-03 1.474283088406637e-02
10 9 8.630962658905035e-04 1.473231214865186e-02
11 9 -8.754367285069642e-17 1.452989487771288e-02
12 9 -8.630962658903842e-04 1.473231214865183e-02
13 9 -1.587591931836962e-03 1.474283088406644e-02
14 9 -2.540752446966752e-03 1.518528202352448e-02
15 9 -3.079391217987651e-03 1.537731906086603e-02
16 9 -4.068395764877541e-03 1.608402569996896e-02
17 9 -4.372897061447600e-03 1.641742846817421e-02
18 9 -5.332538606510074e-03 1.740743067884671e-02
19 9 -5.354780240737316e-03 1.782670688285352e-02
20 9 -6.204386138054259e-03 1.910683576694180e-02
21 9 -5.902941846104091e-03 1.953391161570481e-02
22 9 -6.545802024496167e-03 2.108648876022256e-02
23 9 -5.899607507055672e-03 2.141627985571089e-02
24 9 -6.231051499673811e-03 2.318323969825121e-02
25 9 -5.259718207375689e-03 2.328806593529495e-02
26 9 -5.188463364653604e-03 2.515816852526846e-02
27 9 -3.972788556193809e-03 2.490781198774888e-02
28 9 -3.454642919343599e-03 2.671922331104499e-02
29 9 -2.143059761787984e-03 2.601776309673707e-02
30 9 -1.214016145212967e-03 2.758699338724013e-02
31 9 -1.032731926514941e-16 2.641386954788354e-02
32 9 1.214016145213129e-03 2.758699338724004e-02
33 9 2.143059761787800e-03 2.601776309673723e-02
34 9 3.454642919343708e-03 2.671922331104476e-02
35 9 3.972788556193697e-03 2.490781198774914e-02
36 9 5.188463364653627e-03 2.515816852526816e-02
37 9 5.259718207375661e-03 2.328806593529520e-02
38 9 6.231051499673737e-03 2.318323969825092e-02
39 9 5.899607507055724e-03 2.141627985571113e-02
0 10 4.937778149065704e-03 1.842706624416555e-02
1 10 4.380903538144399e-03 1.717228695834654e-02
2 10 4.514028790823011e-03 1.698604904094912e-02
3 10 3.818922562039399e-03 1.594328471026523e-02
4 10 3.710106605963378e-03 1.577948387035907e-02
5 10 2.946289562625679e-03 1.496196284844163e-02
6 10 2.625162584905167e-03 1.487898537033451e-02
7 10 1.854116605466649e-03 1.428300988525337e-02
8 10 1.357376550014461e-03 1.432545083503285e-02
9 10 6.322930663252227e-04 1.393688545571599e-02
10 10 8.312364883248304e-17 1.413896334992204e-02
11 10 -6.322930663254215e-04 1.393688545571603e-02
12 10 -1.357376550014318e-03 1.432545083503278e-02
13 10 -1.854116605466805e-03 1.428300988525346e-02
14 10 -2.625162584905087e-03 1.487898537033442e-02
15 10 -2.946289562625764e-03 1.496196284844174e-02
16 10 -3.710106605963382e-03 1.577948387035903e-02
17 10 -3.818922562039416e-03 1.594328471026530e-02
18 10 -4.514028790823074e-03 1.698604904094914e-02
19 10 -4.380903538144369e-03 1.717228695834649e-02
20 10 -4.937778149065784e-03 1.842706624416566e-02
21 10 -4.547616532757560e-03 1.856172242772199e-02
22 10 -4.893468469677639e-03 1.999013603162126e-02
23 10 -4.256474286495401e-03 1.998625554342380e-02
24 10 -4.326605938931043e-03 2.151802258660878e-02
25 10 -3.489325410032391e-03 2.128610073307051e-02
26 10 -3.244838332164599e-03 2.281928692230715e-02
27 10 -2.295224643197359e-03 2.228625308342202e-02
28 10 -1.741955791835873e-03 2.369997646381659e-02
29 10 -8.012039864921485e-04 2.283223835432027e-02
30 10 9.537707725597467e-17 2.401212191961956e-02
31 10 8.012039864919371e-04 2.283223835432034e-02
32 10 1.741955791836038e-03 2.369997646381646e-02
33 10 2.295224643197191e-03 2.228625308342220e-02
34 10 3.244838332164697e-03 2.281928692230696e-02
35 10 3.489325410032292e-03 2.128610073307073e-02
36 10 4.326605938931052e-03 2.151802258660853e-02
37 10 4.256474286495371e-03 1.998625554342402e-02
38 10 4.893468469677583e-03 1.999013603162107e-02
39 10 4.547616532757586e-03 1.856172242772211e-02
0 11 3.676493142950454e-03 1.611669999477678e-02
1 11 3.201045967543000e-03 1.507563491116628e-02
2 11 3.222870102403031e-03 1.507877769062654e-02
3 11 2.657619001748263e-03 1.420568819262773e-02
4 11 2.497643786268973e-03 1.424163474145291e-02
5 11 1.894790927066639e-03 1.354504677347886e-02
6 11 1.576700355348645e-03 1.365803505168453e-02
7 11 9.843429269667798e-04 1.313401428894371e-02
8 11 5.385476469807449e-04 1.335912706607816e-02
9 11 -9.822471856269066e-17 1.299467734258531e-02
10 11 -5.385476469805780e-04 1.335912706607813e-02
11 11 -9.843429269669581e-04 1.313401428894377e-02
12 11 -1.576700355348518e-03 1.365803505168444e-02
13 11 -1.894790927066766e-03 1.354504677347897e-02
14 11 -2.497643786268904e-03 1.424163474145278e-02
15 11 -2.657619001748326e-03 1.420568819262784e-02
16 11 -3.222870102403028e-03 1.507877769062646e-02
17 11 -3.201045967543022e-03 1.507563491116633e-02
18 11 -3.676493142950489e-03 1.611669999477681e-02
19 11 -3.460114079684086e-03 1.609246120239429e-02
20 11 -3.792490328381208e-03 1.727618787051402e-02
21 11 -3.385657939048209e-03 1.716913939078075e-02
22 11 -3.527082877517583e-03 1.844981102999063e-02
23 11 -2.956920122713620e-03 1.819622491797145e-02
24 11 -2.874731089903413e-03 1.950749331222746e-02
25 11 -2.194826644211563e-03 1.905199293056714e-02
26 11 -1.882630888305897e-03 2.031283733488125e-02
27 11 -1.170143500469574e-03 1.962161139807551e-02
28 11 -6.556064659872850e-04 2.074939590778492e-02
29 11 -9.910666368626217e-17 1.982169464545405e-02
30 11 6.556064659874621e-04 2.074939590778487e-02
31 11 1.170143500469395e-03 1.962161139807560e-02
32 11 1.882630888306036e-03 2.031283733488110e-02
33 11 2.194826644211430e-03 1.905199293056729e-02
34 11 2.874731089903485e-03 1.950749331222729e-02
35 11 2.956920122713552e-03 1.819622491797160e-02
36 11 3.527082877517585e-03 1.844981102999049e-02
37 11 3.385657939048189e-03 1.716913939078085e-02
38 11 3.792490328381176e-03 1.727618787051391e-02
39 11 3.460114079684089e-03 1.609246120239432e-02
0 12 2.693640159856263e-03 1.404110690152409e-02
1 12 2.294176197412424e-03 1.315392848033321e-02
2 12 2.245308128563871e-03 1.330769159470131e-02
3 12 1.790488793801638e-03 1.255427143207553e-02
4 12 1.605714940421221e-03 1.274683487100176e-02
5 12 1.135888671776962e-03 1.213133399351430e-02
6 12 8.357566234961834e-04 1.239617742618018e-02
7 12 3.889682911584595e-04 1.191313228307853e-02
8 12 6.997047898612734e-17 1.227700866753363e-02
9 12 -3.889682911586062e-04 1.191313228307857e-02
10 12 -8.357566234960594e-04 1.239617742618011e-02
11 12 -1.135888671777082e-03 1.213133399351441e-02
12 12 -1.605714940421136e-03 1.274683487100163e-02
13 12 -1.790488793801712e-03 1.255427143207567e-02
14 12 -2.245308128563843e-03 1.330769159470116e-02
15 12 -2.294176197412456e-03 1.315392848033335e-02
16 12 -2.693640159856275e-03 1.404110690152399e-02
17 12 -2.594540426222994e-03 1.388615992303640e-02
18 12 -2.898151327165332e-03 1.489101222089971e-02
19 12 -2.650920074380380e-03 1.468982360331674e-02
20 12 -2.821968003911796e-03 1.578240170163744e-02
21 12 -2.441902538272464e-03 1.548834864985379e-02
22 12 -2.453233434309307e-03 1.662462467733961e-02
23 12 -1.973333918231827e-03 1.619551226013992e-02
24 12 -1.813995068192673e-03 1.732037732223454e-02
25 12 -1.284012270632376e-03 1.672625519070645e-02
26 12 -9.646585817692424e-04 1.778049408089410e-02
27 12 -4.455934582864117e-04 1.701123418396865e-02
28 12 7.147553739879373e-17 1.794154973970058e-02
29 12 4.455934582862679e-04 1.701123418396867e-02
30 12 9.646585817693690e-04 1.778049408089407e-02
31 12 1.284012270632259e-03 1.672625519070653e-02
32 12 1.813995068192755e-03 1.732037732223445e-02
33 12 1.973333918231752e-03 1.619551226013997e-02
34 12 2.453233434309336e-03 1.662462467733954e-02
35 12 2.441902538272430e-03 1.548834864985381e-02
36 12 2.821968003911785e-03 1.578240170163741e-02
37 12 2.650920074380375e-03 1.468982360331671e-02
38 12 2.898151327165305e-03 1.489101222089973e-02
39 12 2.594540426222995e-03 1.388615992303632e-02
0 13 1.936452584378484e-03 1.212066234205430e-02
1 13 1.606263312500878e-03 1.134363203387468e-02
2 13 1.515527198045506e-03 1.161713302154833e-02
3 13 1.154194652283966e-03 1.094599911862084e-02
4 13 9.633535507822397e-04 1.126033739043074e-02
5 13 6.025464393665366e-04 1.069554006488561e-02
6 13 3.302232474379589e-04 1.107572151033994e-02
7 13 -4.042549364077271e-17 1.061009572547321e-02
8 13 -3.302232474378842e-04 1.107572151033990e-02
9 13 -6.025464393666081e-04 1.069554006488568e-02
10 13 -9.633535507821871e-04 1.126033739043063e-02
11 13 -1.154194652284012e-03 1.094599911862097e-02
12 13 -1.515527198045484e-03 1.161713302154819e-02
13 13 -1.606263312500893e-03 1.134363203387484e-02
14 13 -1.936452584378500e-03 1.212066234205416e-02
15 13 -1.915099682664361e-03 1.185818438922263e-02
16 13 -2.182565673676549e-03 1.273179756607729e-02
17 13 -2.045886555655090e-03 1.244692695176099e-02
18 13 -2.221750654210418e-03 1.339787929084658e-02
19 13 -1.977418907398010e-03 1.305590550204650e-02
20 13 -2.039099401892257e-03 1.405489512022432e-02
21 13 -1.707164267858965e-03 1.362348622486573e-02
22 13 -1.642524164450407e-03 1.463276957772235e-02
23 13 -1.255177665725774e-03 1.408676564686761e-02
24 13 -1.066192250439440e-03 1.506404495032959e-02
25 13 -6.649984368744062e-04 1.439041472461664e-02
26 13 -3.695268176701037e-04 1.529475923043772e-02
27 13 -3.817959798986658e-17 1.449619496101909e-02
28 13 3.695268176701784e-04 1.529475923043771e-02
29 13 6.649984368743407e-04 1.439041472461663e-02
30 13 1.066192250439493e-03 1.506404495032959e-02
31 13 1.255177665725732e-03 1.408676564686760e-02
32 13 1.642524164450427e-03 1.463276957772235e-02
33 13 1.707164267858951e-03 1.362348622486569e-02
34 13 2.039099401892239e-03 1.405489512022434e-02
35 13 1.977418907398023e-03 1.305590550204641e-02
36 13 2.221750654210380e-03 1.339787929084665e-02
37 13 2.045886555655112e-03 1.244692695176087e-02
38 13 2.182565673676515e-03 1.273179756607740e-02
39 13 1.915099682664370e-03 1.185818438922248e-02
0 14 1.361887246630144e-03 1.029944572599954e-02
1 14 1.093038052917852e-03 9.600152747213896e-03
2 14 9.804467374795579e-04 9.967826205117667e-03
3 14 6.969426433220658e-04 9.351064440184452e-03
4 14 5.124525577963263e-04 9.758331308418177e-03
5 14 2.392843776592118e-04 9.221614828465534e-03
6 14 3.229379717523128e-18 9.686752759160597e-03
7 14 -2.392843776592195e-04 9.221614828465560e-03
8 14 -5.124525577963258e-04 9.758331308418114e-03
9 14 -6.969426433220641e-04 9.351064440184529e-03
10 14 -9.804467374795744e-04 9.967826205117547e-03
11 14 -1.093038052917837e-03 9.600152747214027e-03
12 14 -1.361887246630182e-03 1.029944572599939e-02
13 14 -1.390582495922723e-03 9.949256035778821e-03
14 14 -1.619787099516985e-03 1.072679924246577e-02
15 14 -1.559149108301652e-03 1.036920291052435e-02
16 14 -1.725612216940761e-03 1.121332539864681e-02
17 14 -1.578191134954616e-03 1.082228538240465e-02
18 14 -1.663107301661921e-03 1.171384373757744e-02
19 14 -1.440448873241886e-03 1.126456220007630e-02
20 14 -1.432012852799727e-03 1.217785173622534e-02
21 14 -1.154703704303493e-03 1.164982309021746e-02
22 14 -1.050611979097335e-03 1.255482365998176e-02
23 14 -7.468533964713540e-04 1.193510239066857e-02
24 14 -5.558368914499018e-04 1.280104583071299e-02
25 14 -2.583538300890451e-04 1.208693597446516e-02
26 14 8.193741089731230e-19 1.288666155055964e-02
27 14 2.583538300890457e-04 1.208693597446514e-02
28 14 5.558368914498978e-04 1.280104583071302e-02
29 14 7.468533964713630e-04 1.193510239066851e-02
30 14 1.050611979097315e-03 1.255482365998181e-02
31 14 1.154703704303517e-03 1.164982309021737e-02
32 14 1.432012852799685e-03 1.217785173622543e-02
33 14 1.440448873241920e-03 1.126456220007616e-02
34 14 1.663107301661865e-03 1.171384373757757e-02
35 14 1.578191134954658e-03 1.082228538240450e-02
36 14 1.725612216940697e-03 1.121332539864695e-02
37 14 1.559149108301694e-03 1.036920291052420e-02
38 14 1.619787099516933e-03 1.072679924246593e-02
39 14 1.390582495922757e-03 9.949256035778677e-03
0 15 9.335087507914746e-04 8.538565257566246e-03
1 15 7.170907767665009e-04 7.892942076499756e-03
2 15 5.959511208240078e-04 8.333144526748533e-03
3 15 3.755015609267588e-04 7.750137805431289e-03
4 15 2.047406902478176e-04 8.226205458724706e-03
5 15 2.091716484027711e-17 7.701236106352308e-03
6 15 -2.047406902478691e-04 8.226205458724684e-03
7 15 -3.755015609267165e-04 7.750137805431325e-03
8 15 -5.959511208240647e-04 8.333144526748465e-03
9 15 -7.170907767664563e-04 7.892942076499813e-03
10 15 -9.335087507915369e-04 8.538565257566137e-03
11 15 -9.931544367215044e-04 8.118022778311121e-03
12 15 -1.185601109586707e-03 8.825688287227195e-03
13 15 -1.176790382455000e-03 8.406341355522018e-03
14 15 -1.326603765909885e-03 9.169876134782009e-03
15 15 -1.248344398159240e-03 8.732223348467258e-03
16 15 -1.339858806657357e-03 9.539756420127497e-03
17 15 -1.197898966951184e-03 9.064891381540832e-03
18 15 -1.220309877442398e-03 9.899354459387838e-03
19 15 -1.027316257960557e-03 9.370981619382516e-03
20 15 -9.764243922657614e-04 1.021142386246759e-02
21 15 -7.512617645897509e-04 9.618040459451757e-03
22 15 -6.306813232048367e-04 1.044180600244100e-02
23 15 -3.966249772643641e-04 9.778634448393272e-03
24 15 -2.180089782626386e-04 1.056417959050600e-02
25 15 3.013074297884800e-17 9.834333347589793e-03
26 15 2.180089782625718e-04 1.056417959050603e-02
27 15 3.966249772644252e-04 9.778634448393208e-03
28 15 6.306813232047690e-04 1.044180600244110e-02
29 15 7.512617645898126e-04 9.618040459451638e-03
30 15 9.764243922656900e-04 1.021142386246771e-02
31 15 1.027316257960618e-03 9.370981619382379e-03
32 15 1.220309877442322e-03 9.899354459387982e-03
33 15 1.197898966951243e-03 9.064891381540667e-03
34 15 1.339858806657279e-03 9.539756420127662e-03
35 15 1.248344398159297e-03 8.732223348467112e-03
36 15 1.326603765909810e-03 9.169876134782165e-03
37 15 1.176790382455054e-03 8.406341355521889e-03
38 15 1.185601109586639e-03 8.825688287227329e-03
39 15 9.931544367215558e-04 8.118022778311012e-03
0 16 6.197768355027410e-04 6.811739719651560e-03
1 16 4.462351531992418e-04 6.202013695928421e-03
2 16 3.247811531132643e-04 6.696199211010682e-03
3 16 1.534564145938579e-04 6.131955685152411e-03
4 16 -3.902346533224268e-17 6.656599488277101e-03
5 16 -1.534564145937999e-04 6.131955685152407e-03
6 16 -3.247811531133417e-04 6.696199211010671e-03
7 16 -4.462351531991871e-04 6.202013695928423e-03
8 16 -6.197768355028168e-04 6.811739719651535e-03
9 16 -6.976728135205776e-04 6.336260991933630e-03
10 16 -8.573894547422008e-04 6.993547080652923e-03
11 16 -8.837520987533977e-04 6.523183462929972e-03
12 16 -1.014430339939145e-03 7.225896281904928e-03
13 16 -9.857597568810569e-04 6.746159597122730e-03
14 16 -1.074333022830317e-03 7.487791178328990e-03
15 16 -9.922770394264050e-04 6.984459463685731e-03
16 16 -1.029186655144787e-03 7.754347612033038e-03
17 16 -9.008160979286965e-04 7.214836275220560e-03
18 16 -8.812692560884037e-04 7.998903387886896e-03
19 16 -7.187681407378011e-04 7.413736309793049e-03
20 16 -6.436610649849854e-04 8.195803928900791e-03
21 16 -4.633041108227298e-04 7.559964898291852e-03
22 16 -3.395446331937684e-04 8.323559142105738e-03
23 16 -1.599767616300604e-04 7.637429619925397e-03
24 16 -5.468920530228534e-17 8.367825426712730e-03
25 16 1.599767616301531e-04 7.637429619925365e-03
26 16 3.395446331936618e-04 8.323559142105801e-03
27 16 4.633041108228161e-04 7.559964898291749e-03
28 16 6.436610649848852e-04 8.195803928900914e-03
29 16 7.187681407378771e-04 7.413736309792907e-03
30 16 8.812692560883140e-04 7.998903387887028e-03
31 16 9.008160979287606e-04 7.214836275220411e-03
32 16 1.029186655144705e-03 7.754347612033184e-03
33 16 9.922770394264597e-04 6.984459463685600e-03
34 16 1.074333022830242e-03 7.487791178329115e-03
35 16 9.857597568811030e-04 6.746159597122646e-03
36 16 1.014430339939073e-03 7.225896281905019e-03
37 16 8.837520987534465e-04 6.523183462929914e-03
38 16 8.573894547421286e-04 6.993547080652983e-03
39 16 6.976728135206285e-04 6.336260991933602e-03
0 17 3.930132333649843e-04 5.102112277568910e-03
1 17 2.524581880177418e-04 4.515253136410375e-03
2 17 1.352050387170051e-04 5.047393795093266e-03
3 17 2.006215584690742e-17 4.491137681643044e-03
4 17 -1.352050387170741e-04 5.047393795093285e-03
5 17 -2.524581880177048e-04 4.515253136410339e-03
6 17 -3.930132333650477e-04 5.102112277568937e-03
7 17 -4.812311653490106e-04 4.585532480142266e-03
8 17 -6.140173001794881e-04 5.206869964370157e-03
9 17 -6.645732503442265e-04 4.695871457794942e-03
10 17 -7.770023924646249e-04 5.352522973208814e-03
11 17 -7.845619526204838e-04 4.836444596897416e-03
12 17 -8.656522941203393e-04 5.525952037227603e-03
13 17 -8.288326698868328e-04 4.994305355234422e-03
14 17 -8.702662752176301e-04 5.710918583897292e-03
15 17 -7.920103467347285e-04 5.154340824534811e-03
16 17 -7.890826926027533e-04 5.889361642576728e-03
17 17 -6.766258357211749e-04 5.300608052391086e-03
18 17 -6.289508540643727e-04 6.043128821959244e-03
19 17 -4.932847774042395e-04 5.417986554013915e-03
20 17 -4.050959311083987e-04 6.156002356555287e-03
21 17 -2.599082433326533e-04 5.493961998171730e-03
22 17 -1.398205016163898e-04 6.215737547540818e-03
23 17 4.610130341502046e-17 5.520253407185185e-03
24 17 1.398205016162727e-04 6.215737547540851e-03
25 17 2.599082433327397e-04 5.493961998171670e-03
26 17 4.050959311082919e-04 6.156002356555376e-03
27 17 4.932847774043108e-04 5.417986554013816e-03
28 17 6.289508540642830e-04 6.043128821959366e-03
29 17 6.766258357212283e-04 5.300608052390985e-03
30 17 7.890826926026822e-04 5.889361642576844e-03
31 17 7.920103467347620e-04 5.154340824534718e-03
32 17 8.702662752175744e-04 5.710918583897379e-03
33 17 8.288326698868548e-04 4.994305355234381e-03
34 17 8.656522941202906e-04 5.525952037227633e-03
35 17 7.845619526205021e-04 4.836444596897421e-03
36 17 7.770023924645767e-04 5.352522973208811e-03
37 17 6.645732503442491e-04 4.695871457794982e-03
38 17 6.140173001794342e-04 5.206869964370128e-03
39 17 4.812311653490407e-04 4.585532480142315e-03
0 18 2.286408845262270e-04 3.399770570388906e-03
1 18 1.110882487609174e-04 2.826204223367377e-03
2 18 -1.705364128976079e-17 3.382287428227757e-03
3 18 -1.110882487609192e-04 2.826204223367344e-03
4 18 -2.286408845262575e-04 3.399770570388960e-03
5 18 -3.227381461865605e-04 2.854675052232755e-03
6 18 -4.356581881359188e-04 3.450700404900599e-03
7 18 -5.037094408225927e-04 2.909120546551520e-03
8 18 -6.012636968734596e-04 3.530597330235174e-03
9 18 -6.365120310087403e-04 2.984686668320854e-03
10 18 -7.092612689556854e-04 3.632275144865567e-03
11 18 -7.079419088675336e-04 3.074461039989032e-03
12 18 -7.486204653254013e-04 3.746308061167850e-03
13 18 -7.104450147894511e-04 3.169966609189298e-03
14 18 -7.147225212656328e-04 3.861750972063833e-03
15 18 -6.430654226388235e-04 3.261869191491864e-03
16 18 -6.101005938073573e-04 3.967120477614080e-03
17 18 -5.118102288672583e-04 3.340879159275948e-03
18 18 -4.444955857922274e-04 4.051581138210031e-03
19 18 -3.292921049544697e-04 3.398768906156124e-03
20 18 -2.341029470197795e-04 4.106203560606861e-03
21 18 -1.135917051923143e-04 3.429368603459272e-03
22 18 -4.755824396528460e-17 4.125097251718017e-03
23 18 1.135917051923716e-04 3.429368603459251e-03
24 18 2.341029470196917e-04 4.106203560606906e-03
25 18 3.292921049545150e-04 3.398768906156071e-03
26 18 4.444955857921570e-04 4.051581138210105e-03
27 18 5.118102288672832e-04 3.340879159275887e-03
28 18 6.101005938073099e-04 3.967120477614152e-03
29 18 6.430654226388259e-04 3.261869191491824e-03
30 18 7.147225212656075e-04 3.861750972063870e-03
31 18 7.104450147894348e-04 3.169966609189309e-03
32 18 7.486204653253914e-04 3.746308061167835e-03
33 18 7.079419088675101e-04 3.074461039989097e-03
34 18 7.092612689556787e-04 3.632275144865504e-03
35 18 6.365120310087169e-04 2.984686668320952e-03
36 18 6.012636968734499e-04 3.530597330235081e-03
37 18 5.037094408225757e-04 2.909120546551632e-03
38 18 4.356581881358972e-04 3.450700404900514e-03
39 18 3.227381461865530e-04 2.854675052232841e-03
0 19 1.044792915004370e-04 1.699697919194417e-03
1 19 -2.242337873665039e-17 1.132167664568731e-03
2 19 -1.044792915004254e-04 1.699697919194456e-03
3 19 -2.024214071085772e-04 1.137787581961833e-03
4 19 -3.034895554206436e-04 1.716431597332901e-03
5 19 -3.855204270418415e-04 1.154152344947916e-03
6 19 -4.735244584441358e-04 1.748420689504511e-03
7 19 -5.316816250018937e-04 1.179805275875496e-03
8 19 -5.981185730698479e-04 1.792794804564652e-03
9 19 -6.266040084171843e-04 1.212417092818238e-03
10 19 -6.649101918960113e-04 1.845475662794579e-03
11 19 -6.606957764889184e-04 1.248945917479682e-03
12 19 -6.669102404934659e-04 1.901475966166724e-03
13 19 -6.301239641141322e-04 1.285877326408083e-03
14 19 -6.033548601463627e-04 1.955321100956698e-03
15 19 -5.373771456004994e-04 1.319543177137845e-03
16 19 -4.799970489595591e-04 2.001579189898046e-03
17 19 -3.912160868671808e-04 1.346499074453407e-03
18 19 -3.087261397886472e-04 2.035452422619316e-03
19 19 -2.059415880782415e-04 1.363918047554992e-03
20 19 -1.064795238320812e-04 2.053350646994937e-03
21 19 3.179624055042630e-18 1.369940658195692e-03
22 19 1.064795238320340e-04 2.053350646994950e-03
23 19 2.059415880782427e-04 1.363918047554977e-03
24 19 3.087261397886122e-04 2.035452422619347e-03
25 19 3.912160868671678e-04 1.346499074453394e-03
26 19 4.799970489595444e-04 2.001579189898069e-03
27 19 5.373771456004681e-04 1.319543177137853e-03
28 19 6.033548601463708e-04 1.955321100956686e-03
29 19 6.301239641140834e-04 1.285877326408136e-03
30 19 6.669102404934914e-04 1.901475966166665e-03
31 19 6.606957764888587e-04 1.248945917479784e-03
32 19 6.649101918960459e-04 1.845475662794467e-03
33 19 6.266040084171218e-04 1.212417092818381e-03
34 19 5.981185730698827e-04 1.792794804564511e-03
35 19 5.316816250018329e-04 1.179805275875653e-03
36 19 4.735244584441628e-04 1.748420689504366e-03
37 19 3.855204270417874e-04 1.154152344948049e-03
38 19 3.034895554206610e-04 1.716431597332794e-03
39 19 2.024214071085299e-04 1.137787581961911e-03
0 20 2.244193919706199e-17 6.793651421751715e-17
1 20 -1.012107035562699e-04 -5.674888116334876e-04
2 20 -1.992246005376730e-04 1.034321833001188e-16
3 20 -2.939709170786350e-04 -5.729849817277287e-04
4 20 -3.794099093510135e-04 1.214772588961137e-16
5 20 -4.586010260226689e-04 -5.834894052060907e-04
6 20 -5.232068278060355e-04 1.199529665147917e-16
7 20 -5.791428167078750e-04 -5.980555921735054e-04
8 20 -6.165449944650592e-04 1.032363488650573e-16
9 20 -6.436498924500208e-04 -6.153407525747757e-04
10 20 -6.500056090786731e-04 7.975497922519276e-17
11 20 -6.454098703030808e-04 -6.337058109732884e-04
12 20 -6.198477952460899e-04 5.871750871388891e-17
13 20 -5.837505548601887e-04 -6.513551258856811e-04
14 20 -5.285509610969362e-04 4.670658917200158e-17
15 20 -4.642966162344866e-04 -6.665105628977728e-04
16 20 -3.847541531067198e-04 4.480729618885246e-17
17 20 -2.985788374700820e-04 -6.776042805015723e-04
18 20 -2.025275800481965e-04 4.925036253043851e-17
19 20 -1.029707940351453e-04 -6.834646764379717e-04
20 20 3.242207240082412e-18 5.256654021387059e-17
21 20 1.029707940350955e-04 -6.834646764379670e-04
22 20 2.025275800482069e-04 4.720521361009335e-17
23 20 2.985788374700271e-04 -6.776042805015538e-04
24 20 3.847541531067416e-04 2.980143141122491e-17
25 20 4.642966162344247e-04 -6.665105628977292e-04
26 20 5.285509610969730e-04 1.855746526028122e-18
27 20 5.837505548601180e-04 -6.513551258856007e-04
28 20 6.198477952461403e-04 -2.972345867980220e-17
29 20 6.454098703030049e-04 -6.337058109731674e-04
30 20 6.500056090787323e-04 -5.458970771023530e-17
31 20 6.436498924499406e-04 -6.153407525746210e-04
32 20 6.165449944651205e-04 -6.373535909438447e-17
33 20 5.791428167077938e-04 -5.980555921733366e-04
34 20 5.232068278060939e-04 -5.204901570204312e-17
35 20 4.586010260225897e-04 -5.834894052059368e-04
36 20 3.794099093510652e-04 -2.079010094244716e-17
37 20 2.939709170785605e-04 -5.729849817276201e-04
38 20 1.992246005377203e-04 2.285919760630141e-17
39 20 1.012107035561972e-04 -5.674888116334485e-04
0 21 -1.044792915004030e-04 -1.699697919194293e-03
1 21 -2.120826006863450e-04 -2.272888952521666e-03
2 21 -3.034895554206230e-04 -1.716431597332693e-03
3 21 -4.039893380182668e-04 -2.305982647910910e-03
4 21 -4.735244584441211e-04 -1.748420689504292e-03
5 21 -5.573010322769385e-04 -2.357870830248890e-03
6 21 -5.981185730698403e-04 -1.792794804564456e-03
7 21 -6.570193160973906e-04 -2.423854933709189e-03
8 21 -6.649101918960064e-04 -1.845475662794421e-03
9 21 -6.930275667155420e-04 -2.497791188885969e-03
10 21 -6.669102404934604e-04 -1.901475966166609e-03
11 21 -6.612114671796833e-04 -2.572571042363653e-03
12 21 -6.033548601463504e-04 -1.955321100956610e-03
13 21 -5.640842657029924e-04 -2.640763842635596e-03
14 21 -4.799970489595357e-04 -2.001579189897969e-03
15 21 -4.107728068971435e-04 -2.695382379961667e-03
16 21 -3.087261397886113e-04 -2.035452422619231e-03
17 21 -2.162751327395486e-04 -2.730685185725341e-03
18 21 -1.064795238320336e-04 -2.053350646994839e-03
19 21 -4.658011351097326e-17 -2.742892621707805e-03
20 21 1.064795238320885e-04 -2.053350646994850e-03
21 21 2.162751327394573e-04 -2.730685185725313e-03
22 21 3.087261397886670e-04 -2.035452422619270e-03
23 21 4.107728068970566e-04 -2.695382379961603e-03
24 21 4.799970489595917e-04 -2.001579189898038e-03
25 21 5.640842657029110e-04 -2.640763842635501e-03
26 21 6.033548601464079e-04 -1.955321100956713e-03
27 21 6.612114671796087e-04 -2.572571042363532e-03
28 21 6.669102404935182e-04 -1.901475966166744e-03
29 21 6.930275667154721e-04 -2.497791188885827e-03
30 21 6.649101918960643e-04 -1.845475662794579e-03
31 21 6.570193160973241e-04 -2.423854933709041e-03
32 21 5.981185730698967e-04 -1.792794804564618e-03
33 21 5.573010322768707e-04 -2.357870830248756e-03
34 21 4.735244584441766e-04 -1.748420689504433e-03
35 21 4.039893380181967e-04 -2.305982647910811e-03
36 21 3.034895554206785e-04 -1.716431597332788e-03
37 21 2.120826006862734e-04 -2.272888952521610e-03
38 21 1.044792915004575e-04 -1.699697919194326e-03
39 21 -3.632523263888044e-17 -2.261525370436249e-03
0 22 -2.286408845262230e-04 -3.399770570388812e-03
1 22 -3.521424998516674e-04 -3.985153556261861e-03
2 22 -4.356581881358911e-04 -3.450700404900449e-03
3 22 -5.498379521719617e-04 -4.063508161496137e-03
4 22 -6.012636968734451e-04 -3.530597330235039e-03
5 22 -6.952157446562358e-04 -4.172334241004025e-03
6 22 -7.092612689556814e-04 -3.632275144865468e-03
7 22 -7.737788437911457e-04 -4.301736997373058e-03
8 22 -7.486204653254008e-04 -3.746308061167783e-03
9 22 -7.770960104712798e-04 -4.439537596318858e-03
10 22 -7.147225212656253e-04 -3.861750972063787e-03
11 22 -7.039005350326350e-04 -4.572272689473401e-03
12 22 -6.101005938073332e-04 -3.967120477614038e-03
13 22 -5.605736139982732e-04 -4.686491255228138e-03
14 22 -4.444955857921805e-04 -4.051581138209979e-03
15 22 -3.608283752290998e-04 -4.770239152779524e-03
16 22 -2.341029470197083e-04 -4.106203560606787e-03
17 22 -1.244999828413884e-04 -4.814528002938754e-03
18 22 4.246571919200102e-17 -4.125097251717938e-03
19 22 1.244999828412731e-04 -4.814528002938724e-03
20 22 2.341029470197886e-04 -4.106203560606821e-03
21 22 3.608283752289973e-04 -4.770239152779453e-03
22 22 4.444955857922484e-04 -4.051581138210054e-03
23 22 5.605736139981926e-04 -4.686491255228038e-03
24 22 6.101005938073857e-04 -3.967120477614141e-03
25 22 7.039005350325785e-04 -4.572272689473283e-03
26 22 7.147225212656616e-04 -3.861750972063910e-03
27 22 7.770960104712439e-04 -4.439537596318746e-03
28 22 7.486204653254257e-04 -3.746308061167908e-03
29 22 7.737788437911198e-04 -4.301736997372955e-03
30 22 7.092612689557017e-04 -3.632275144865583e-03
31 22 6.952157446562101e-04 -4.172334241003944e-03
32 22 6.012636968734671e-04 -3.530597330235136e-03
33 22 5.498379521719307e-04 -4.063508161496083e-03
34 22 4.356581881359202e-04 -3.450700404900520e-03
35 22 3.521424998516259e-04 -3.985153556261834e-03
36 22 2.286408845262577e-04 -3.399770570388849e-03
37 22 1.211821455939378e-04 -3.944198347140691e-03
38 22 1.856982762875767e-17 -3.382287428227644e-03
39 22 -1.211821455939857e-04 -3.944198347140698e-03
0 23 -3.930132333650185e-04 -5.102112277568861e-03
1 23 -5.417130440234158e-04 -5.707935722668516e-03
2 23 -6.140173001794737e-04 -5.206869964370109e-03
3 23 -7.486660542055336e-04 -5.851771970886402e-03
4 23 -7.770023924646275e-04 -5.352522973208808e-03
5 23 -8.846912694170375e-04 -6.035262552316599e-03
6 23 -8.656522941203530e-04 -5.525952037227615e-03
7 23 -9.356231553976395e-04 -6.241641472013604e-03
8 23 -8.702662752176443e-04 -5.710918583897324e-03
9 23 -8.950344946982975e-04 -6.451212187813177e-03
10 23 -7.890826926027520e-04 -5.889361642576747e-03
11 23 -7.654033581301826e-04 -6.643060212468931e-03
12 23 -6.289508540643436e-04 -6.043128821959243e-03
13 23 -5.584523429876612e-04 -6.797229254033762e-03
14 23 -4.050959311083348e-04 -6.156002356555259e-03
15 23 -2.943963719282852e-04 -6.897118838797256e-03
16 23 -1.398205016162952e-04 -6.215737547540756e-03
17 23 -6.004857384512079e-17 -6.931704215679576e-03
18 23 1.398205016163861e-04 -6.215737547540779e-03
19 23 2.943963719281771e-04 -6.897118838797197e-03
20 23 4.050959311084070e-04 -6.156002356555329e-03
21 23 5.584523429875855e-04 -6.797229254033665e-03
22 23 6.289508540643824e-04 -6.043128821959343e-03
23 23 7.654033581301483e-04 -6.643060212468821e-03
24 23 7.890826926027564e-04 -5.889361642576856e-03
25 23 8.950344946983015e-04 -6.451212187813086e-03
26 23 8.702662752176205e-04 -5.710918583897410e-03
27 23 9.356231553976699e-04 -6.241641472013550e-03
28 23 8.656522941203151e-04 -5.525952037227675e-03
29 23 8.846912694170762e-04 -6.035262552316598e-03
30 23 7.770023924645907e-04 -5.352522973208831e-03
31 23 7.486660542055605e-04 -5.851771970886424e-03
32 23 6.140173001794499e-04 -5.206869964370112e-03
33 23 5.417130440234261e-04 -5.707935722668562e-03
34 23 3.930132333650099e-04 -5.102112277568854e-03
35 23 2.840499186047009e-04 -5.616407505830177e-03
36 23 1.352050387170392e-04 -5.047393795093189e-03
37 23 -7.632655818063670e-18 -5.585016350648966e-03
38 23 -1.352050387170370e-04 -5.047393795093195e-03
39 23 -2.840499186047091e-04 -5.616407505830149e-03
0 24 -6.197768355028084e-04 -6.811739719651577e-03
1 24 -8.026393423354153e-04 -7.449075282246788e-03
2 24 -8.573894547422139e-04 -6.993547080653010e-03
3 24 -1.017898972642242e-03 -7.682515865587033e-03
4 24 -1.014430339939178e-03 -7.225896281905048e-03
5 24 -1.136964845830840e-03 -7.961574767038100e-03
6 24 -1.074333022830362e-03 -7.487791178329106e-03
7 24 -1.146173468179612e-03 -8.260524731230677e-03
8 24 -1.029186655144822e-03 -7.754347612033130e-03
9 24 -1.042010440949738e-03 -8.550236425381540e-03
10 24 -8.812692560884145e-04 -7.998903387886931e-03
11 24 -8.324487210957263e-04 -8.800919462874233e-03
12 24 -6.436610649849586e-04 -8.195803928900798e-03
13 24 -5.370636175569866e-04 -8.985546602043546e-03
14 24 -3.395446331937021e-04 -8.323559142105702e-03
15 24 -1.855339129639997e-04 -9.083465805299952e-03
16 24 4.232984765732822e-17 -8.367825426712697e-03
17 24 1.855339129638947e-04 -9.083465805299926e-03
18 24 3.395446331937720e-04 -8.323559142105761e-03
19 24 5.370636175569137e-04 -8.985546602043457e-03
20 24 6.436610649849880e-04 -8.195803928900897e-03
21 24 8.324487210957070e-04 -8.800919462874136e-03
22 24 8.812692560883913e-04 -7.998903387887028e-03
23 24 1.042010440949778e-03 -8.550236425381471e-03
24 24 1.029186655144751e-03 -7.754347612033194e-03
25 24 1.146173468179692e-03 -8.260524731230658e-03
26 24 1.074333022830262e-03 -7.487791178329115e-03
27 24 1.136964845830942e-03 -7.961574767038158e-03
28 24 1.014430339939074e-03 -7.225896281905003e-03
29 24 1.017898972642331e-03 -7.682515865587135e-03
30 24 8.573894547421251e-04 -6.993547080652930e-03
31 24 8.026393423354788e-04 -7.449075282246912e-03
32 24 6.197768355027476e-04 -6.811739719651491e-03
33 24 5.129424969653686e-04 -7.281697859286460e-03
34 24 3.247811531132825e-04 -6.696199211010608e-03
35 24 1.763193251739114e-04 -7.194443198979328e-03
36 24 -1.285207576063140e-17 -6.656599488277045e-03
37 24 -1.763193251739010e-04 -7.194443198979287e-03
38 24 -3.247811531133183e-04 -6.696199211010666e-03
39 24 -5.129424969653374e-04 -7.281697859286358e-03
0 25 -9.335087507915576e-04 -8.538565257566308e-03
1 25 -1.158924995186859e-03 -9.222477187101742e-03
2 25 -1.185601109586756e-03 -8.825688287227407e-03
3 25 -1.375507328892530e-03 -9.574933433939939e-03
4 25 -1.326603765909951e-03 -9.169876134782210e-03
5 25 -1.461894880471318e-03 -9.974570547131807e-03
6 25 -1.339858806657428e-03 -9.539756420127658e-03
7 25 -1.405512991718105e-03 -1.038391298800796e-02
8 25 -1.220309877442455e-03 -9.899354459387917e-03
9 25 -1.207489611834422e-03 -1.076178896989165e-02
10 25 -9.764243922657859e-04 -1.021142386246763e-02
11 25 -8.842729551198419e-04 -1.106765531344547e-02
12 25 -6.306813232048211e-04 -1.044180600244100e-02
13 25 -4.672774012753940e-04 -1.126689093784225e-02
14 25 -2.180089782625856e-04 -1.056417959050597e-02
15 25 -4.710604468585524e-17 -1.133606843217636e-02
16 25 2.180089782626488e-04 -1.056417959050601e-02
17 25 4.672774012753200e-04 -1.126689093784219e-02
18 25 6.306813232048488e-04 -1.044180600244109e-02
19 25 8.842729551198217e-04 -1.106765531344537e-02
20 25 9.764243922657525e-04 -1.021142386246774e-02
21 25 1.207489611834471e-03 -1.076178896989157e-02
22 25 1.220309877442357e-03 -9.899354459387995e-03
23 25 1.405512991718214e-03 -1.038391298800793e-02
24 25 1.339858806657282e-03 -9.539756420127657e-03
25 25 1.461894880471461e-03 -9.974570547131871e-03
26 25 1.326603765909790e-03 -9.169876134782110e-03
27 25 1.375507328892667e-03 -9.574933433940084e-03
28 25 1.185601109586610e-03 -8.825688287227237e-03
29 25 1.158924995186964e-03 -9.222477187101959e-03
30 25 9.335087507914524e-04 -8.538565257566135e-03
31 25 8.356904910012588e-04 -8.948053087966095e-03
32 25 5.959511208240021e-04 -8.333144526748429e-03
33 25 4.372428606372012e-04 -8.774272358027352e-03
34 25 2.047406902478241e-04 -8.226205458724647e-03
35 25 6.802273013402416e-19 -8.714821921094474e-03
36 25 -2.047406902478590e-04 -8.226205458724691e-03
37 25 -4.372428606371845e-04 -8.774272358027255e-03
38 25 -5.959511208240645e-04 -8.333144526748581e-03
39 25 -8.356904910012005e-04 -8.948053087965920e-03
0 26 -1.361887246630229e-03 -1.029944572599965e-02
1 26 -1.637315163693689e-03 -1.105035748629394e-02
2 26 -1.619787099517060e-03 -1.072679924246603e-02
3 26 -1.840045115540491e-03 -1.155810475050321e-02
4 26 -1.725612216940849e-03 -1.121332539864701e-02
5 26 -1.867165532670456e-03 -1.210837261207049e-02
6 26 -1.663107301662009e-03 -1.171384373757757e-02
7 26 -1.708344016167269e-03 -1.264798464232949e-02
8 26 -1.432012852799795e-03 -1.217785173622539e-02
9 26 -1.372348545961107e-03 -1.312002498731567e-02
10 26 -1.050611979097374e-03 -1.255482365998173e-02
11 26 -8.890098330234398e-04 -1.347076092071773e-02
12 26 -5.558368914499044e-04 -1.280104583071295e-02
13 26 -3.077840889893920e-04 -1.365784855336876e-02
14 26 2.773596475369213e-17 -1.288666155055963e-02
15 26 3.077840889893116e-04 -1.365784855336871e-02
16 26 5.558368914499374e-04 -1.280104583071303e-02
17 26 8.890098330234024e-04 -1.347076092071763e-02
18 26 1.050611979097348e-03 -1.255482365998186e-02
19 26 1.372348545961139e-03 -1.312002498731555e-02
20 26 1.432012852799698e-03 -1.217785173622547e-02
21 26 1.708344016167375e-03 -1.264798464232945e-02
22 26 1.663107301661848e-03 -1.171384373757759e-02
23 26 1.867165532670610e-03 -1.210837261207053e-02
24 26 1.725612216940659e-03 -1.121332539864691e-02
25 26 1.840045115540650e-03 -1.155810475050340e-02
26 26 1.619787099516882e-03 -1.072679924246583e-02
27 26 1.637315163693813e-03 -1.105035748629420e-02
28 26 1.361887246630097e-03 -1.029944572599940e-02
29 26 1.284498672567577e-03 -1.062992796656939e-02
30 26 9.804467374795261e-04 -9.967826205117535e-03
31 26 8.178945783253819e-04 -1.033086787456243e-02
32 26 5.124525577963120e-04 -9.758331308418087e-03
33 26 2.806102723412591e-04 -1.017575020627410e-02
34 26 -9.278558319646856e-19 -9.686752759160604e-03
35 26 -2.806102723412960e-04 -1.017575020627403e-02
36 26 -5.124525577963315e-04 -9.758331308418232e-03
37 26 -8.178945783253797e-04 -1.033086787456223e-02
38 26 -9.804467374795970e-04 -9.967826205117757e-03
39 26 -1.284498672567515e-03 -1.062992796656913e-02
0 27 -1.936452584378557e-03 -1.212066234205443e-02
1 27 -2.267938768765324e-03 -1.296609093086449e-02
2 27 -2.182565673676633e-03 -1.273179756607751e-02
3 27 -2.430449018752839e-03 -1.367430349270661e-02
4 27 -2.221750654210511e-03 -1.339787929084673e-02
5 27 -2.356747173350974e-03 -1.441135925173964e-02
6 27 -2.039099401892345e-03 -1.405489512022435e-02
7 27 -2.040800241453155e-03 -1.510244904495310e-02
8 27 -1.642524164450480e-03 -1.463276957772232e-02
9 27 -1.504174618195346e-03 -1.566951103257187e-02
10 27 -1.066192250439488e-03 -1.506404495032952e-02
11 27 -7.982013886006980e-04 -1.604263469976268e-02
12 27 -3.695268176701253e-04 -1.529475923043767e-02
13 27 -4.555913229291811e-17 -1.617288777631717e-02
14 27 3.695268176701729e-04 -1.529475923043772e-02
15 27 7.982013886006298e-04 -1.604263469976260e-02
16 27 1.066192250439490e-03 -1.506404495032962e-02
17 27 1.504174618195339e-03 -1.566951103257178e-02
18 27 1.642524164450411e-03 -1.463276957772242e-02
19 27 2.040800241453220e-03 -1.510244904495302e-02
20 27 2.039099401892205e-03 -1.405489512022440e-02
21 27 2.356747173351099e-03 -1.441135925173964e-02
22 27 2.221750654210325e-03 -1.339787929084666e-02
23 27 2.430449018752990e-03 -1.367430349270673e-02
24 27 2.182565673676445e-03 -1.273179756607734e-02
25 27 2.267938768765440e-03 -1.296609093086471e-02
26 27 1.936452584378420e-03 -1.212066234205417e-02
27 27 1.896976101239926e-03 -1.235061064876082e-02
28 27 1.515527198045452e-03 -1.161713302154816e-02
29 27 1.360190705955421e-03 -1.187720151473647e-02
30 27 9.633535507822091e-04 -1.126033739043061e-02
31 27 7.091344674336248e-04 -1.158000211382548e-02
32 27 3.302232474379456e-04 -1.107572151033992e-02
33 27 -5.794603307688842e-17 -1.147878676387491e-02
34 27 -3.302232474378902e-04 -1.107572151033999e-02
35 27 -7.091344674337156e-04 -1.158000211382533e-02
36 27 -9.633535507821986e-04 -1.126033739043082e-02
37 27 -1.360190705955448e-03 -1.187720151473620e-02
38 27 -1.515527198045516e-03 -1.161713302154846e-02
39 27 -1.896976101239872e-03 -1.235061064876054e-02
0 28 -2.693640159856321e-03 -1.404110690152421e-02
1 28 -3.085233491150204e-03 -1.501808534553268e-02
2 28 -2.898151327165396e-03 -1.489101222089984e-02
3 28 -3.165564031037032e-03 -1.598380806549770e-02
4 28 -2.821968003911873e-03 -1.578240170163749e-02
5 28 -2.928160200011699e-03 -1.695123765286865e-02
6 28 -2.453233434309381e-03 -1.662462467733955e-02
7 28 -2.375026895051229e-03 -1.781457670289282e-02
8 28 -1.813995068192737e-03 -1.732037732223443e-02
9 28 -1.549660805103092e-03 -1.846661983978463e-02
10 28 -9.646585817692947e-04 -1.778049408089402e-02
11 28 -5.385789862528235e-04 -1.881818007583193e-02
12 28 3.141339789679678e-17 -1.794154973970053e-02
13 28 5.385789862527207e-04 -1.881818007583190e-02
14 28 9.646585817693327e-04 -1.778049408089409e-02
15 28 1.549660805103029e-03 -1.846661983978454e-02
16 28 1.813995068192714e-03 -1.732037732223453e-02
17 28 2.375026895051239e-03 -1.781457670289270e-02
18 28 2.453233434309282e-03 -1.662462467733964e-02
19 28 2.928160200011776e-03 -1.695123765286860e-02
20 28 2.821968003911718e-03 -1.578240170163748e-02
21 28 3.165564031037144e-03 -1.598380806549774e-02
22 28 2.898151327165231e-03 -1.489101222089971e-02
23 28 3.085233491150303e-03 -1.501808534553285e-02
24 28 2.693640159856193e-03 -1.404110690152399e-02
25 28 2.717613722234419e-03 -1.414508386137570e-02
26 28 2.245308128563815e-03 -1.330769159470115e-02
27 28 2.114299574206424e-03 -1.343500213272785e-02
28 28 1.605714940421185e-03 -1.274683487100161e-02
29 28 1.338340841938042e-03 -1.293679835198048e-02
30 28 8.357566234961683e-04 -1.239617742618011e-02
31 28 4.577704060420102e-04 -1.268060797153735e-02
32 28 7.075591513518794e-17 -1.227700866753365e-02
33 28 -4.577704060422014e-04 -1.268060797153728e-02
34 28 -8.357566234960548e-04 -1.239617742618026e-02
35 28 -1.338340841938182e-03 -1.293679835198028e-02
36 28 -1.605714940421140e-03 -1.274683487100186e-02
37 28 -2.114299574206477e-03 -1.343500213272759e-02
38 28 -2.245308128563864e-03 -1.330769159470143e-02
39 28 -2.717613722234386e-03 -1.414508386137546e-02
0 29 -3.676493142950496e-03 -1.611669999477687e-02
1 29 -4.129544716863043e-03 -1.727549019615230e-02
2 29 -3.792490328381236e-03 -1.727618787051397e-02
3 29 -4.063249586099171e-03 -1.857237245397543e-02
4 29 -3.527082877517619e-03 -1.844981102999053e-02
5 29 -3.567573273080092e-03 -1.982286039815527e-02
6 29 -2.874731089903462e-03 -1.950749331222728e-02
7 29 -2.659792232480947e-03 -2.087478224902030e-02
8 29 -1.882630888305950e-03 -2.031283733488107e-02
9 29 -1.422190710052540e-03 -2.158003427860794e-02
10 29 -6.556064659873360e-04 -2.074939590778483e-02
11 29 -6.550285944856973e-17 -2.182872378469877e-02
12 29 6.556064659874093e-04 -2.074939590778487e-02
13 29 1.422190710052431e-03 -2.158003427860786e-02
14 29 1.882630888305980e-03 -2.031283733488118e-02
15 29 2.659792232480897e-03 -2.087478224902019e-02
16 29 2.874731089903420e-03 -1.950749331222738e-02
17 29 3.567573273080106e-03 -1.982286039815514e-02
18 29 3.527082877517520e-03 -1.844981102999061e-02
19 29 4.063249586099237e-03 -1.857237245397542e-02
20 29 3.792490328381107e-03 -1.727618787051396e-02
21 29 4.129544716863104e-03 -1.727549019615235e-02
22 29 3.676493142950394e-03 -1.611669999477673e-02
23 29 3.800290689242141e-03 -1.606373552659194e-02
24 29 3.222870102402980e-03 -1.507877769062641e-02
25 29 3.140943708803904e-03 -1.503697858377780e-02
26 29 2.497643786268941e-03 -1.424163474145275e-02
27 29 2.231732365053400e-03 -1.426333983572544e-02
28 29 1.576700355348639e-03 -1.365803505168442e-02
29 29 1.156917532919524e-03 -1.378463654330619e-02
30 29 5.385476469807572e-04 -1.335912706607812e-02
31 29 -1.309997273977157e-16 -1.362281608467404e-02
32 29 -5.385476469805526e-04 -1.335912706607819e-02
33 29 -1.156917532919758e-03 -1.378463654330606e-02
34 29 -1.576700355348487e-03 -1.365803505168461e-02
35 29 -2.231732365053560e-03 -1.426333983572522e-02
36 29 -2.497643786268883e-03 -1.424163474145299e-02
37 29 -3.140943708803967e-03 -1.503697858377758e-02
38 29 -3.222870102403019e-03 -1.507877769062665e-02
39 29 -3.800290689242121e-03 -1.606373552659173e-02
0 30 -4.937778149065749e-03 -1.842706624416561e-02
1 30 -5.450055295307250e-03 -1.983730463304392e-02
2 30 -4.893468469677615e-03 -1.999013603162112e-02
3 30 -5.138600000308663e-03 -2.156353377814191e-02
4 30 -4.326605938931035e-03 -2.151802258660855e-02
5 30 -4.240610724534723e-03 -2.316065955203734e-02
6 30 -3.244838332164619e-03 -2.281928692230696e-02
7 30 -2.803690987060323e-03 -2.440394272263628e-02
8 30 -1.741955791835906e-03 -2.369997646381643e-02
9 30 -9.814212494263278e-04 -2.508795699964872e-02
10 30 4.605581965556939e-17 -2.401212191961952e-02
11 30 9.814212494261838e-04 -2.508795699964868e-02
12 30 1.741955791835978e-03 -2.369997646381652e-02
13 30 2.803690987060215e-03 -2.440394272263619e-02
14 30 3.244838332164635e-03 -2.281928692230710e-02
15 30 4.240610724534679e-03 -2.316065955203720e-02
16 30 4.326605938930996e-03 -2.151802258660868e-02
17 30 5.138600000308668e-03 -2.156353377814183e-02
18 30 4.893468469677534e-03 -1.999013603162117e-02
19 30 5.450055295307277e-03 -1.983730463304391e-02
20 30 4.937778149065665e-03 -1.842706624416557e-02
21 30 5.212875208328339e-03 -1.817763515230062e-02
22 30 4.514028790822988e-03 -1.698604904094904e-02
23 30 4.515533288074435e-03 -1.672914002042997e-02
24 30 3.710106605963375e-03 -1.577948387035895e-02
25 30 3.466192614019734e-03 -1.558557012582622e-02
26 30 2.625162584905174e-03 -1.487898537033437e-02
27 30 2.173699918428802e-03 -1.480105327672743e-02
28 30 1.357376550014485e-03 -1.432545083503274e-02
29 30 7.399616660543947e-04 -1.440320373916475e-02
30 30 1.223347641610448e-16 -1.413896334992202e-02
31 30 -7.399616660546719e-04 -1.440320373916470e-02
32 30 -1.357376550014266e-03 -1.432545083503286e-02
33 30 -2.173699918429027e-03 -1.480105327672729e-02
34 30 -2.625162584905026e-03 -1.487898537033454e-02
35 30 -3.466192614019874e-03 -1.558557012582606e-02
36 30 -3.710106605963325e-03 -1.577948387035914e-02
37 30 -4.515533288074484e-03 -1.672914002042978e-02
38 30 -4.514028790823030e-03 -1.698604904094918e-02
39 30 -5.212875208328327e-03 -1.817763515230055e-02
0 31 -6.545802024496095e-03 -2.108648876022238e-02
1 31 -7.110167225550182e-03 -2.284800115595283e-02
2 31 -6.231051499673757e-03 -2.318323969825095e-02
3 31 -6.399943897284504e-03 -2.514000447570907e-02
4 31 -5.188463364653578e-03 -2.515816852526818e-02
5 31 -4.874063956981696e-03 -2.715883368857316e-02
6 31 -3.454642919343601e-03 -2.671922331104479e-02
7 31 -2.644067048873994e-03 -2.856138956792631e-02
8 31 -1.214016145212995e-03 -2.758699338723999e-02
9 31 -7.609459699294096e-17 -2.906569464435092e-02
10 31 1.214016145213084e-03 -2.758699338724006e-02
11 31 2.644067048873857e-03 -2.856138956792625e-02
12 31 3.454642919343653e-03 -2.671922331104487e-02
13 31 4.874063956981604e-03 -2.715883368857304e-02
14 31 5.188463364653583e-03 -2.515816852526831e-02
15 31 6.399943897284477e-03 -2.514000447570899e-02
16 31 6.231051499673704e-03 -2.318323969825107e-02
17 31 7.110167225550185e-03 -2.284800115595276e-02
18 31 6.545802024496023e-03 -2.108648876022243e-02
19 31 7.045895034676859e-03 -2.058679506177238e-02
20 31 6.204386138054115e-03 -1.910683576694167e-02
21 31 6.335932225811264e-03 -1.857334547583149e-02
22 31 5.332538606509999e-03 -1.740743067884662e-02
23 31 5.136965282249540e-03 -1.693757525826809e-02
24 31 4.068395764877553e-03 -1.608402569996889e-02
25 31 3.598281121515232e-03 -1.574533378004745e-02
26 31 2.540752446966853e-03 -1.518528202352443e-02
27 31 1.849114211029314e-03 -1.502423563631053e-02
28 31 8.630962658905481e-04 -1.473231214865178e-02
29 31 -1.249018931916591e-16 -1.478327715481208e-02
30 31 -8.630962658903287e-04 -1.473231214865184e-02
31 31 -1.849114211029541e-03 -1.502423563631047e-02
32 31 -2.540752446966682e-03 -1.518528202352453e-02
33 31 -3.598281121515401e-03 -1.574533378004734e-02
34 31 -4.068395764877453e-03 -1.608402569996899e-02
35 31 -5.136965282249632e-03 -1.693757525826800e-02
36 31 -5.332538606509987e-03 -1.740743067884670e-02
37 31 -6.335932225811286e-03 -1.857334547583145e-02
38 31 -6.204386138054165e-03 -1.910683576694169e-02
39 31 -7.045895034676853e-03 -2.058679506177243e-02
0 32 -8.595397279357282e-03 -2.426325008643103e-02
1 32 -9.197352952995952e-03 -2.652616485327999e-02
2 32 -7.836571920922592e-03 -2.708337219936792e-02
3 32 -7.838868523332257e-03 -2.958283382627074e-02
4 32 -6.037069576867218e-03 -2.962586643403606e-02
5 32 -5.317202560779490e-03 -3.210417198686991e-02
6 32 -3.301514305310501e-03 -3.142504813360389e-02
7 32 -1.888023538988576e-03 -3.354773736549048e-02
8 32 3.772169769421664e-17 -3.207859710812504e-02
9 32 1.888023538988439e-03 -3.354773736549046e-02
10 32 3.301514305310559e-03 -3.142504813360399e-02
11 32 5.317202560779387e-03 -3.210417198686984e-02
12 32 6.037069576867236e-03 -2.962586643403614e-02
13 32 7.838868523332196e-03 -2.958283382627062e-02
14 32 7.836571920922554e-03 -2.708337219936806e-02
15 32 9.197352952995936e-03 -2.652616485327988e-02
16 32 8.595397279357212e-03 -2.426325008643113e-02
17 32 9.429156172717361e-03 -2.343420413377536e-02
18 32 8.412730611138546e-03 -2.154840473394015e-02
19 32 8.737184080353060e-03 -2.065027981972928e-02
20 32 7.483438646300532e-03 -1.918557514352820e-02
21 32 7.367140461190703e-03 -1.835864754248369e-02
22 32 6.014875693045233e-03 -1.730261455134079e-02
23 32 5.538711982890241e-03 -1.663341460500006e-02
24 32 4.186938651883089e-03 -1.595035770541880e-02
25 32 3.425002720484667e-03 -1.549015377815201e-02
26 32 2.143544864247705e-03 -1.514056038175097e-02
27 32 1.157739839694735e-03 -1.492239208897738e-02
28 32 7.664757844321841e-17 -1.487130415305430e-02
29 32 -1.157739839694896e-03 -1.492239208897735e-02
30 32 -2.143544864247574e-03 -1.514056038175101e-02
31 32 -3.425002720484799e-03 -1.549015377815199e-02
32 32 -4.186938651883007e-03 -1.595035770541883e-02
33 32 -5.538711982890321e-03 -1.663341460500002e-02
34 32 -6.014875693045213e-03 -1.730261455134087e-02
35 32 -7.367140461190730e-03 -1.835864754248371e-02
36 32 -7.483438646300578e-03 -1.918557514352819e-02
37 32 -8.737184080353047e-03 -2.065027981972931e-02
38 32 -8.412730611138629e-03 -2.154840473394011e-02
39 32 -9.429156172717336e-03 -2.343420413377544e-02
0 33 -1.122920448434568e-02 -2.821618077492953e-02
1 33 -1.184135063873542e-02 -3.122070785155148e-02
2 33 -9.738245320638753e-03 -3.205352767728260e-02
3 33 -9.403297133212706e-03 -3.534712010162754e-02
4 33 -6.702979630314063e-03 -3.531585875765265e-02
5 33 -5.254895163278878e-03 -3.842711737133774e-02
6 33 -2.400377560129879e-03 -3.722374980354681e-02
7 33 -5.650523290981886e-17 -3.958031325699812e-02
8 33 2.400377560129915e-03 -3.722374980354684e-02
9 33 5.254895163278779e-03 -3.842711737133772e-02
10 33 6.702979630314083e-03 -3.531585875765271e-02
11 33 9.403297133212640e-03 -3.534712010162750e-02
12 33 9.738245320638732e-03 -3.205352767728269e-02
13 33 1.184135063873539e-02 -3.122070785155138e-02
14 33 1.122920448434562e-02 -2.821618077492962e-02
15 33 1.256463126035525e-02 -2.693123767640128e-02
16 33 1.131702313555913e-02 -2.446181435185354e-02
17 33 1.191970648237194e-02 -2.306274623547996e-02
18 33 1.033033644307322e-02 -2.118646429463596e-02
19 33 1.032527410535641e-02 -1.988594046900201e-02
20 33 8.605764385979639e-03 -1.856170083544627e-02
21 33 8.128775090474893e-03 -1.747132962705054e-02
22 33 6.412178102725343e-03 -1.662659724482191e-02
23 33 5.576107221437240e-03 -1.579744764397991e-02
24 33 3.941885039442945e-03 -1.536306633110150e-02
25 33 2.830061946335573e-03 -1.481809891459972e-02
26 33 1.328596781292078e-03 -1.474103992876863e-02
27 33 -2.668234620936513e-17 -1.449619496101930e-02
28 33 -1.328596781292037e-03 -1.474103992876864e-02
29 33 -2.830061946335619e-03 -1.481809891459974e-02
30 33 -3.941885039442927e-03 -1.536306633110149e-02
31 33 -5.576107221437256e-03 -1.579744764397996e-02
32 33 -6.412178102725369e-03 -1.662659724482187e-02
33 33 -8.128775090474882e-03 -1.747132962705061e-02
34 33 -8.605764385979686e-03 -1.856170083544624e-02
35 33 -1.032527410535638e-02 -1.988594046900206e-02
36 33 -1.033033644307330e-02 -2.118646429463590e-02
37 33 -1.191970648237193e-02 -2.306274623548004e-02
38 33 -1.131702313555919e-02 -2.446181435185344e-02
39 33 -1.256463126035523e-02 -2.693123767640138e-02
0 34 -1.468112427775453e-02 -3.336904098195968e-02
1 34 -1.524846352671560e-02 -3.753061309086080e-02
2 34 -1.194252203363236e-02 -3.871084691574325e-02
3 34 -1.091900238643263e-02 -4.321727648287903e-02
4 34 -6.798148985307449e-03 -4.285611358170867e-02
5 34 -4.001845360285617e-03 -4.676608503416878e-02
6 34 -3.496400238326465e-18 -4.444313143666126e-02
7 34 4.001845360285543e-03 -4.676608503416876e-02
8 34 6.798148985307428e-03 -4.285611358170875e-02
9 34 1.091900238643257e-02 -4.321727648287900e-02
10 34 1.194252203363232e-02 -3.871084691574330e-02
11 34 1.524846352671558e-02 -3.753061309086074e-02
12 34 1.468112427775447e-02 -3.336904098195978e-02
13 34 1.679549043581375e-02 -3.140627756085397e-02
14 34 1.520686497185082e-02 -2.806607935265759e-02
15 34 1.620473087949913e-02 -2.593732542344579e-02
16 34 1.412760502358484e-02 -2.349050686850442e-02
17 34 1.425726239595248e-02 -2.153748989052006e-02
18 34 1.203545685588145e-02 -1.987078383452551e-02
19 34 1.154157612178901e-02 -1.823514969873619e-02
20 34 9.358300574843777e-03 -1.719816994380277e-02
21 34 8.423840650187945e-03 -1.591737780308083e-02
22 34 6.365304271156666e-03 -1.538367410180589e-02
23 34 5.110250938239318e-03 -1.445431113598968e-02
24 34 3.214747565342359e-03 -1.433616862403583e-02
25 34 1.711270958141818e-03 -1.374809387947392e-02
26 34 -3.394147226263881e-17 -1.399410015389705e-02
27 34 -1.711270958141764e-03 -1.374809387947395e-02
28 34 -3.214747565342437e-03 -1.433616862403579e-02
29 34 -5.110250938239260e-03 -1.445431113598972e-02
30 34 -6.365304271156753e-03 -1.538367410180582e-02
31 34 -8.423840650187911e-03 -1.591737780308092e-02
32 34 -9.358300574843895e-03 -1.719816994380268e-02
33 34 -1.154157612178894e-02 -1.823514969873630e-02
34 34 -1.203545685588155e-02 -1.987078383452541e-02
35 34 -1.425726239595244e-02 -2.153748989052019e-02
36 34 -1.412760502358495e-02 -2.349050686850432e-02
37 34 -1.620473087949909e-02 -2.593732542344587e-02
38 34 -1.520686497185092e-02 -2.806607935265750e-02
39 34 -1.679549043581375e-02 -3.140627756085407e-02
0 35 -1.937315927766962e-02 -4.047697684393331e-02
1 35 -1.976649316280313e-02 -4.658919093813150e-02
2 35 -1.436147471011338e-02 -4.819356365192587e-02
3 35 -1.183901997230070e-02 -5.464353236114800e-02
4 35 -5.381539977670240e-03 -5.324953092471896e-02
5 35 -2.541261865421158e-17 -5.796218569846094e-02
6 35 5.381539977670179e-03 -5.324953092471898e-02
7 35 1.183901997230066e-02 -5.464353236114797e-02
8 35 1.436147471011332e-02 -4.819356365192587e-02
9 35 1.976649316280309e-02 -4.658919093813148e-02
10 35 1.937315927766954e-02 -4.047697684393337e-02
11 35 2.276514740331506e-02 -3.740310561012094e-02
12 35 2.059674957841432e-02 -3.269063432720638e-02
13 35 2.214861890627253e-02 -2.941467571275102e-02
14 35 1.928948333143757e-02 -2.616829881149157e-02
15 35 1.954267579621203e-02 -2.327152546468311e-02
16 35 1.658646540370876e-02 -2.118960056586761e-02
17 35 1.600961099049807e-02 -1.883225205177892e-02
18 35 1.320426930410144e-02 -1.759826049889437e-02
19 35 1.210469349826489e-02 -1.576650835098699e-02
20 35 9.526830529215720e-03 -1.514800314731643e-02
21 35 8.081641030911732e-03 -1.377952036174383e-02
22 35 5.737883815361066e-03 -1.363003931974969e-02
23 35 4.038583822415988e-03 -1.266532821304627e-02
24 35 1.914815484787674e-03 -1.290509190887662e-02
25 35 6.232333082037702e-17 -1.230653617269919e-02
26 35 -1.914815484787829e-03 -1.290509190887660e-02
27 35 -4.038583822415859e-03 -1.266532821304632e-02
28 35 -5.737883815361217e-03 -1.363003931974963e-02
29 35 -8.081641030911631e-03 -1.377952036174393e-02
30 35 -9.526830529215871e-03 -1.514800314731633e-02
31 35 -1.210469349826479e-02 -1.576650835098713e-02
32 35 -1.320426930410157e-02 -1.759826049889425e-02
33 35 -1.600961099049799e-02 -1.883225205177903e-02
34 35 -1.658646540370887e-02 -2.118960056586751e-02
35 35 -1.954267579621198e-02 -2.327152546468320e-02
36 35 -1.928948333143767e-02 -2.616829881149148e-02
37 35 -2.214861890627251e-02 -2.941467571275110e-02
38 35 -2.059674957841444e-02 -3.269063432720632e-02
39 35 -2.276514740331507e-02 -3.740310561012098e-02
0 36 -2.616232183812289e-02 -5.105272541880410e-02
1 36 -2.598934817020769e-02 -6.084951631318149e-02
2 36 -1.651115614827256e-02 -6.281518822663884e-02
3 36 -1.035743075406733e-02 -7.247693970005172e-02
4 36 -4.660489871361668e-17 -6.793965772663593e-02
5 36 1.035743075406728e-02 -7.247693970005162e-02
6 36 1.651115614827249e-02 -6.281518822663888e-02
7 36 2.598934817020766e-02 -6.084951631318149e-02
8 36 2.616232183812282e-02 -5.105272541880410e-02
9 36 3.183797751784931e-02 -4.589110177059583e-02
10 36 2.849476322799615e-02 -3.884504976796033e-02
11 36 3.079384087044546e-02 -3.358677458754096e-02
12 36 2.653510238377954e-02 -2.921836020525225e-02
13 36 2.678982805233549e-02 -2.488304562987379e-02
14 36 2.268411262727583e-02 -2.235461154947797e-02
15 36 2.184600355272163e-02 -1.902436407974319e-02
16 36 1.817786527998137e-02 -1.765514183232916e-02
17 36 1.676545457805351e-02 -1.515847482603197e-02
18 36 1.354069718097989e-02 -1.452786366954277e-02
19 36 1.180603761815312e-02 -1.267627536456369e-02
20 36 8.954528028850621e-03 -1.255001135010717e-02
21 36 7.006439658207043e-03 -1.119732130280170e-02
22 36 4.451077012807811e-03 -1.145728678636257e-02
23 36 2.321900348984830e-03 -1.050618642558532e-02
24 36 -9.779559135919765e-17 -1.110786466034364e-02
25 36 -2.321900348984688e-03 -1.050618642558535e-02
26 36 -4.451077012807995e-03 -1.145728678636252e-02
27 36 -7.006439658206929e-03 -1.119732130280178e-02
28 36 -8.954528028850783e-03 -1.255001135010707e-02
29 36 -1.180603761815302e-02 -1.267627536456382e-02
30 36 -1.354069718098004e-02 -1.452786366954264e-02
31 36 -1.676545457805346e-02 -1.515847482603211e-02
32 36 -1.817786527998149e-02 -1.765514183232903e-02
33 36 -2.184600355272158e-02 -1.902436407974328e-02
34 36 -2.268411262727595e-02 -2.235461154947787e-02
35 36 -2.678982805233546e-02 -2.488304562987387e-02
36 36 -2.653510238377958e-02 -2.921836020525220e-02
37 36 -3.079384087044545e-02 -3.358677458754099e-02
38 36 -2.849476322799621e-02 -3.884504976796025e-02
39 36 -3.183797751784932e-02 -4.589110177059581e-02
0 37 -3.711207773984554e-02 -6.870139760919218e-02
1 37 -3.467364713595612e-02 -8.677893580565210e-02
2 37 -1.604952262387180e-02 -8.775425402854582e-02
3 37 -1.871916741154455e-17 -1.021505283218130e-01
4 37 1.604952262387172e-02 -8.775425402854586e-02
5 37 3.467364713595607e-02 -8.677893580565210e-02
6 37 3.711207773984544e-02 -6.870139760919214e-02
7 37 4.746152047825220e-02 -5.871739730350539e-02
8 37 4.112129992483370e-02 -4.728417641317348e-02
9 37 4.425151502207256e-02 -3.820062587109891e-02
10 37 3.717994636515937e-02 -3.234742539940712e-02
11 37 3.696995832083152e-02 -2.572809293081709e-02
12 37 3.096555917238786e-02 -2.290414137597826e-02
13 37 2.943787086751982e-02 -1.827284100371053e-02
14 37 2.455020019235521e-02 -1.699212650595596e-02
15 37 2.253058103170101e-02 -1.372804550239129e-02
16 37 1.850144697146872e-02 -1.326838820426112e-02
17 37 1.629580077699361e-02 -1.092340360675023e-02
18 37 1.287924297227909e-02 -1.094737698437193e-02
19 37 1.058219616650280e-02 -9.232423739081744e-03
20 37 7.591436662455328e-03 -9.589498193305943e-03
21 37 5.208278962263462e-03 -8.324193712786296e-03
22 37 2.507798085378127e-03 -8.961215285797743e-03
23 37 5.076040609915747e-17 -8.037552726592246e-03
24 37 -2.507798085378302e-03 -8.961215285797729e-03
25 37 -5.208278962263370e-03 -8.324193712786351e-03
26 37 -7.591436662455488e-03 -9.589498193305856e-03
27 37 -1.058219616650275e-02 -9.232423739081841e-03
28 37 -1.287924297227923e-02 -1.094737698437182e-02
29 37 -1.629580077699360e-02 -1.092340360675033e-02
30 37 -1.850144697146882e-02 -1.326838820426100e-02
31 37 -2.253058103170099e-02 -1.372804550239138e-02
32 37 -2.455020019235530e-02 -1.699212650595589e-02
33 37 -2.943787086751983e-02 -1.827284100371055e-02
34 37 -3.096555917238791e-02 -2.290414137597824e-02
35 37 -3.696995832083155e-02 -2.572809293081711e-02
36 37 -3.717994636515944e-02 -3.234742539940714e-02
37 37 -4.425151502207261e-02 -3.820062587109890e-02
38 37 -4.112129992483371e-02 -4.728417641317350e-02
39 37 -4.746152047825224e-02 -5.871739730350536e-02
0 38 -5.872342447897998e-02 -1.047157077337292e-01
1 38 -4.321678994848746e-02 -1.471957094597420e-01
2 38 -5.899398100063092e-17 -1.345993188465405e-01
3 38 4.321678994848743e-02 -1.471957094597423e-01
4 38 5.872342447897985e-02 -1.047157077337292e-01
5 38 8.101679346471259e-02 -7.928352373562748e-02
6 38 6.410474142497734e-02 -5.858633383426428e-02
7 38 6.699984155870492e-02 -4.130068032487971e-02
8 38 5.367394895289346e-02 -3.417212644941470e-02
9 38 5.144595138635305e-02 -2.397970830925849e-02
10 38 4.228900452907287e-02 -2.166069818466193e-02
11 38 3.910074372626183e-02 -1.544556218341618e-02
12 38 3.255498893667707e-02 -1.485162641111170e-02
13 38 2.939011052125596e-02 -1.082793569601141e-02
14 38 2.441722816632547e-02 -1.091884966257686e-02
15 38 2.144824589365588e-02 -8.161253802089990e-03
16 38 1.744344803689778e-02 -8.568970570791333e-03
17 38 1.464228937391088e-02 -6.583948406345867e-03
18 38 1.124390095303990e-02 -7.179529918236338e-03
19 38 8.534330609498752e-03 -5.689400041260776e-03
20 38 5.512072922376249e-03 -6.441568834965654e-03
21 38 2.804806990376300e-03 -5.282278041402602e-03
22 38 -5.630892006431431e-17 -6.209857954005641e-03
23 38 -2.804806990376281e-03 -5.282278041402626e-03
24 38 -5.512072922376349e-03 -6.441568834965618e-03
25 38 -8.534330609498738e-03 -5.689400041260833e-03
26 38 -1.124390095303999e-02 -7.179529918236270e-03
27 38 -1.464228937391090e-02 -6.583948406345933e-03
28 38 -1.744344803689783e-02 -8.568970570791262e-03
29 38 -2.144824589365595e-02 -8.161253802090046e-03
30 38 -2.441722816632547e-02 -1.091884966257681e-02
31 38 -2.939011052125606e-02 -1.082793569601144e-02
32 38 -3.255498893667712e-02 -1.485162641111168e-02
33 38 -3.910074372626192e-02 -1.544556218341614e-02
34 38 -4.228900452907291e-02 -2.166069818466197e-02
35 38 -5.144595138635314e-02 -2.397970830925844e-02
36 38 -5.367394895289349e-02 -3.417212644941474e-02
37 38 -6.699984155870495e-02 -4.130068032487968e-02
38 38 -6.410474142497750e-02 -5.858633383426439e-02
39 38 -8.101679346471261e-02 -7.928352373562744e-02
0 39 -1.211334329123200e-01 -2.113279947773510e-01
1 39 -3.122772985563298e-17 -3.588799697591151e-01
2 39 1.211334329123199e-01 -2.113279947773508e-01
3 39 1.868270890387426e-01 -1.088855896765104e-01
4 39 1.139407721728603e-01 -6.732494730648915e-02
5 39 1.069218726281216e-01 -3.282282984348081e-02
6 39 8.005692528044039e-02 -2.931964749359333e-02
7 39 7.090139637271121e-02 -1.479999688631064e-02
8 39 5.729177619288336e-02 -1.583447737138960e-02
9 39 5.045225331755163e-02 -8.403291659023700e-03
10 39 4.206780755443951e-02 -9.854392100664808e-03
11 39 3.690831794406441e-02 -5.461503501660662e-03
12 39 3.104013400547424e-02 -6.779550636813561e-03
13 39 2.691490366432409e-02 -3.898408182776438e-03
14 39 2.241315085507386e-02 -5.052435646499606e-03
15 39 1.891578999373896e-02 -3.005781418233138e-03
16 39 1.520571830320122e-02 -4.047243008788803e-03
17 39 1.207737280307100e-02 -2.491427830652993e-03
18 39 8.831486821032852e-03 -3.482521917203472e-03
19 39 5.891039360884407e-03 -2.222128517295978e-03
20 39 2.897815012359663e-03 -3.226789741239146e-03
21 39 -3.327168937525166e-17 -2.138115209038592e-03
22 39 -2.897815012359686e-03 -3.226789741239132e-03
23 39 -5.891039360884484e-03 -2.222128517295995e-03
24 39 -8.831486821032856e-03 -3.482521917203441e-03
25 39 -1.207737280307107e-02 -2.491427830653014e-03
26 39 -1.520571830320121e-02 -4.047243008788767e-03
27 39 -1.891578999373906e-02 -3.005781418233151e-03
28 39 -2.241315085507383e-02 -5.052435646499588e-03
29 39 -2.691490366432424e-02 -3.898408182776430e-03
30 39 -3.104013400547419e-02 -6.779550636813583e-03
31 39 -3.690831794406458e-02 -5.461503501660621e-03
32 39 -4.206780755443951e-02 -9.854392100664872e-03
33 39 -5.045225331755179e-02 -8.403291659023621e-03
34 39 -5.729177619288342e-02 -1.583447737138969e-02
35 39 -7.090139637271127e-02 -1.479999688631057e-02
36 39 -8.005692528044041e-02 -2.931964749359339e-02
37 39 -1.069218726281216e-01 -3.282282984348078e-02
38 39 -1.139407721728603e-01 -6.732494730648909e-02
39 39 -1.868270890387427e-01 -1.088855896765103e-01
